89.9;127.4;138.4;0.0
101.7;206.5;134.9;0.0
461.9;315.8;346.9;0.0
88.0;156.6;383.9;0.0
0.0;156.6;0.0;0.0
0.0;156.6;1.1;0.0
0.0;156.6;1.0;0.0
0.0;156.6;13.2;0.0
0.0;156.6;12.0;0.0
0.0;156.6;7.7;0.0
0.0;156.6;7.0;0.0
0.0;156.6;6.6;0.0
0.0;156.6;6.0;0.0
0.0;156.6;4.4;0.0
0.0;156.6;5.0;0.0
55.0;156.6;5.5;0.0
0.0;156.6;4.0;0.0
0.0;156.6;5.5;0.0
0.0;156.6;4.0;0.0
0.0;156.6;5.5;0.0
0.0;156.6;2.0;0.0
55.0;177.3;5.5;0.0
550.0;196.0;4.0;0.0
548.9;198.2;0.0;0.0
183.5;160.2;5.0;0.0
120.0;160.7;3.3;0.0
479.0;160.7;3.0;0.0
249.0;160.7;1.1;0.0
0.0;160.7;0.0;0.0
0.0;160.7;12.2;0.0
0.0;160.7;0.0;0.0
0.0;160.7;6.7;0.0
0.0;160.7;0.0;0.0
0.0;160.7;1.6;0.0
0.0;160.7;0.0;0.0
0.0;160.7;0.5;0.0
0.0;160.7;0.0;0.0
55.0;160.7;0.5;0.0
0.0;160.7;0.0;0.0
50.0;160.7;1.5;0.0
0.0;160.7;0.0;0.0
162.8;161.1;0.5;0.0
534.6;161.1;1.0;0.0
569.8;161.1;8.1;0.0
505.0;161.1;2.0;0.0
483.0;161.1;2.2;0.0
350.0;161.1;11.0;0.0
0.0;161.1;13.2;0.0
0.0;161.1;12.3;0.0
0.0;161.1;7.7;0.0
0.0;161.1;19.7;0.0
0.0;161.1;4.4;0.0
0.0;161.1;10.4;0.0
0.0;161.1;6.6;0.0
50.0;161.1;6.5;0.0
0.0;161.1;7.7;0.0
0.0;161.1;6.5;0.0
55.0;161.1;5.5;0.0
0.0;161.1;7.4;0.0
0.0;161.1;5.5;0.0
707.3;162.0;3.9;0.0
218.9;162.4;5.5;0.0
480.7;376.2;516.5;44.0
114.7;1080.1;8707.4;0.0
114.6;1357.1;3658.7;40.0
87.8;898.4;1522.6;2156.0
63.0;356.3;4236.1;3036.0
65.0;821.4;3264.0;0.0
