49.9;85.5;60.7;480.0
84.0;106.8;73.5;1160.0
99.8;126.9;106.1;0.0
123.9;161.6;79.7;0.0
126.0;156.6;100.5;80.0
0.0;156.6;0.0;0.0
0.0;156.6;0.1;0.0
0.0;156.6;0.0;0.0
50.0;156.6;1.3;0.0
0.0;156.6;0.0;0.0
0.0;156.6;0.7;0.0
0.0;156.6;0.0;0.0
0.0;156.6;0.6;0.0
0.0;156.6;0.0;0.0
0.0;156.6;2.4;0.0
0.0;156.6;0.0;0.0
0.0;156.6;5.0;0.0
0.0;156.6;4.4;0.0
0.0;156.6;5.0;0.0
0.0;156.6;7.7;0.0
0.0;156.6;5.0;0.0
0.0;156.6;8.8;0.0
226.0;193.6;6.0;0.0
111.4;160.6;5.5;0.0
50.0;161.4;3.3;0.0
449.0;161.4;3.0;0.0
0.0;161.4;1.1;0.0
0.0;161.4;1.0;0.0
0.0;161.4;14.3;0.0
0.0;161.4;13.0;0.0
0.0;161.4;7.7;0.0
0.0;161.4;7.0;0.0
55.0;161.4;7.7;0.0
0.0;161.4;7.0;0.0
0.0;161.4;4.4;0.0
0.0;161.4;4.0;0.0
0.0;161.4;4.4;0.0
50.0;161.4;4.0;0.0
0.0;161.4;5.5;0.0
0.0;161.4;5.0;0.0
0.0;161.4;0.0;0.0
108.6;161.5;0.6;0.0
96.9;161.8;12.1;0.0
265.9;161.8;11.0;0.0
0.0;161.8;0.0;0.0
0.0;161.8;0.2;0.0
0.0;161.8;0.0;0.0
0.0;161.8;4.4;0.0
0.0;161.8;0.0;0.0
0.0;161.8;1.4;0.0
0.0;161.8;0.0;0.0
55.0;161.8;2.0;0.0
0.0;161.8;0.0;0.0
0.0;161.8;0.9;0.0
0.0;161.8;0.0;0.0
0.0;161.8;3.0;0.0
0.0;161.8;0.0;0.0
0.0;161.8;3.0;0.0
0.0;161.8;1.0;0.0
378.4;162.3;6.1;0.0
130.9;162.7;8.0;0.0
159.6;163.1;1.5;0.0
589.6;405.6;584.1;44.0
341.1;1079.2;4343.5;0.0
480.0;1210.6;7536.3;40.0
1214.2;593.8;5057.4;1452.0
75.9;593.8;3584.8;2816.0
