0.0;156.9;0.0;0.0
0.0;156.9;13.3;0.0
0.0;156.9;0.0;0.0
0.0;156.9;5.7;0.0
0.0;156.9;0.0;0.0
0.0;156.9;1.6;0.0
0.0;156.9;0.0;0.0
0.0;156.9;0.5;0.0
0.0;156.9;0.0;0.0
0.0;156.9;1.4;0.0
0.0;156.9;0.0;0.0
0.0;156.9;0.4;0.0
0.0;156.9;0.0;0.0
50.0;156.9;0.5;0.0
0.0;156.9;4.0;0.0
273.9;199.4;5.6;0.0
544.5;199.4;0.0;0.0
74.0;160.6;6.0;0.0
223.9;161.3;0.3;0.0
0.0;161.3;0.0;0.0
50.0;161.3;0.1;0.0
0.0;161.3;0.0;0.0
0.0;161.3;1.3;0.0
0.0;161.3;0.0;0.0
0.0;161.3;0.7;0.0
0.0;161.3;0.0;0.0
0.0;161.3;6.0;0.0
0.0;161.3;6.6;0.0
0.0;161.3;4.0;0.0
0.0;161.3;4.4;0.0
0.0;161.3;4.0;0.0
0.0;161.3;4.4;0.0
0.0;161.3;4.1;0.0
0.0;161.3;4.4;0.0
0.0;161.3;4.0;0.0
489.5;161.6;6.7;0.0
526.2;161.6;9.1;0.0
478.0;161.6;0.0;0.0
544.0;161.6;9.2;0.0
199.0;161.6;0.0;0.0
0.0;161.6;14.3;0.0
0.0;161.6;12.2;0.0
0.0;161.6;7.7;0.0
49.0;161.6;7.7;0.0
0.0;161.6;5.5;0.0
0.0;161.6;2.5;0.0
0.0;161.6;4.4;0.0
0.0;161.6;2.4;0.0
0.0;161.6;4.4;0.0
0.0;161.6;2.4;0.0
0.0;161.6;5.5;0.0
0.0;161.6;2.4;0.0
376.2;162.1;7.7;0.0
429.0;162.5;11.6;0.0
0.0;162.5;0.0;0.0
53.9;162.9;7.6;0.0
548.9;287.9;173.8;44.0
288.6;743.1;2021.1;0.0
539.0;1427.3;10795.4;748.0
434.5;1427.3;2.6;2112.0
653.4;1094.0;7.7;1892.0
