94.9;100.8;85.6;0.0
101.6;127.4;91.0;0.0
128.0;138.8;69.2;0.0
134.0;156.4;40.1;0.0
0.0;156.4;0.0;0.0
0.0;156.4;1.0;0.0
0.0;156.4;1.1;0.0
0.0;156.4;0.0;0.0
0.0;156.4;1.3;0.0
0.0;156.4;7.0;0.0
0.0;156.4;7.7;0.0
0.0;156.4;6.0;0.0
0.0;156.4;5.5;0.0
0.0;156.4;5.0;0.0
0.0;156.4;4.4;0.0
0.0;156.4;0.0;0.0
0.0;156.4;4.4;0.0
0.0;156.4;0.0;0.0
110.0;156.4;2.2;0.0
0.0;156.4;4.4;0.0
0.0;156.4;0.0;0.0
0.0;156.4;6.6;0.0
0.0;156.4;2.0;0.0
154.0;200.3;7.7;0.0
542.3;211.3;5.0;0.0
433.4;211.3;3.3;0.0
0.0;211.3;2.0;0.0
0.0;211.3;1.1;0.0
0.0;211.3;1.0;0.0
0.0;211.3;14.3;0.0
0.0;211.3;5.0;0.0
0.0;211.3;7.7;0.0
0.0;211.3;3.0;0.0
0.0;211.3;6.6;0.0
0.0;211.3;3.0;0.0
0.0;211.3;4.4;0.0
0.0;211.3;1.0;0.0
0.0;211.3;6.6;0.0
0.0;211.3;4.0;0.0
0.0;211.3;8.8;0.0
348.0;161.3;2.0;0.0
493.5;161.4;9.9;0.0
62.8;161.4;0.0;0.0
98.8;161.4;9.1;0.0
383.9;161.4;0.0;0.0
0.0;161.4;1.0;0.0
0.0;161.4;2.2;0.0
0.0;161.4;12.0;0.0
0.0;161.4;28.6;0.0
0.0;161.4;7.0;0.0
0.0;161.4;15.4;0.0
0.0;161.4;4.0;0.0
0.0;161.4;10.1;0.0
0.0;161.4;1.0;0.0
0.0;161.4;3.7;0.0
0.0;161.4;0.0;0.0
0.0;161.4;1.7;0.0
0.0;161.4;3.0;0.0
0.0;161.4;11.1;0.0
0.0;161.4;4.0;0.0
89.9;162.4;11.2;0.0
205.9;162.4;0.0;0.0
354.0;162.8;5.6;0.0
493.9;366.9;189.2;44.0
500.0;1017.0;4680.7;0.0
584.1;1098.4;2132.9;0.0
518.1;1098.4;3805.2;0.0
561.0;1442.7;2181.3;0.0
565.4;1442.7;6.8;2860.0
523.6;1442.7;4.4;1408.0
550.0;434.0;8.3;528.0
