94.0;196.7;291.6;0.0
109.0;184.9;266.6;0.0
263.8;235.9;463.3;0.0
322.0;281.5;113.0;0.0
210.1;156.6;387.2;0.0
0.0;156.6;1.0;0.0
0.0;156.6;1.1;0.0
0.0;156.6;0.0;0.0
0.0;156.6;1.3;0.0
0.0;156.6;0.0;0.0
0.0;156.6;0.7;0.0
0.0;156.6;0.0;0.0
0.0;156.6;2.4;0.0
0.0;156.6;2.2;0.0
0.0;156.6;5.0;0.0
0.0;156.6;5.5;0.0
0.0;156.6;4.0;0.0
0.0;156.6;4.4;0.0
0.0;156.6;5.0;0.0
0.0;156.6;5.5;0.0
0.0;156.6;5.0;0.0
0.0;156.6;5.5;0.0
284.0;191.6;8.0;0.0
195.0;160.3;7.7;0.0
106.6;160.6;3.0;0.0
548.9;160.6;0.0;0.0
597.3;161.2;2.3;0.0
0.0;161.2;0.0;0.0
0.0;161.2;11.1;0.0
0.0;161.2;7.0;0.0
0.0;161.2;13.2;0.0
0.0;161.2;6.0;0.0
0.0;161.2;7.7;0.0
0.0;161.2;5.0;0.0
0.0;161.2;0.0;0.0
0.0;161.2;2.5;0.0
0.0;161.2;0.0;0.0
0.0;161.2;2.4;0.0
0.0;161.2;0.0;0.0
0.0;161.2;1.5;0.0
0.0;161.2;1.0;0.0
174.0;161.2;2.5;0.0
501.0;161.2;0.0;0.0
241.7;161.6;4.7;0.0
446.6;161.9;12.1;0.0
385.0;161.9;2.0;0.0
0.0;161.9;0.0;0.0
0.0;161.9;23.2;0.0
0.0;161.9;0.0;0.0
0.0;161.9;14.6;0.0
0.0;161.9;0.0;0.0
55.0;161.9;5.7;0.0
0.0;161.9;0.0;0.0
0.0;161.9;0.4;0.0
0.0;161.9;4.0;0.0
0.0;161.9;0.4;0.0
0.0;161.9;3.7;0.0
0.0;161.9;1.4;0.0
0.0;161.9;1.5;0.0
0.0;161.9;2.7;0.0
623.0;161.9;3.3;0.0
249.0;203.9;74.6;40.0
500.0;380.9;451.1;0.0
447.0;992.3;4220.0;0.0
361.0;992.8;4423.1;0.0
500.0;1299.8;2651.2;0.0
488.0;1302.8;1.5;1320.0
519.0;1302.8;6.2;2560.0
489.0;380.8;1.4;600.0
0.0;162.8;0.1;0.0
49.9;164.0;1.7;4.0
75.0;184.6;52.2;0.0
50.0;246.2;389.8;0.0
47.5;246.2;331.4;0.0
50.4;246.6;358.5;0.0
48.8;277.9;52.3;68.0
49.5;277.9;0.8;256.0
50.0;247.5;0.5;104.0
