59.5;198.1;376.4;0.0
92.0;226.3;121.0;0.0
125.9;192.8;554.5;0.0
260.0;246.5;158.9;0.0
165.0;156.6;249.7;0.0
0.0;156.6;1.0;0.0
0.0;156.6;1.1;0.0
0.0;156.6;0.0;0.0
0.0;156.6;1.3;0.0
0.0;156.6;0.0;0.0
0.0;156.6;0.7;0.0
0.0;156.6;0.0;0.0
0.0;156.6;2.4;0.0
0.0;156.6;1.0;0.0
0.0;156.6;3.1;0.0
0.0;156.6;4.4;0.0
0.0;156.6;5.0;0.0
0.0;156.6;5.5;0.0
0.0;156.6;5.0;0.0
0.0;156.6;4.4;0.0
0.0;156.6;4.0;0.0
0.0;156.6;4.4;0.0
491.0;204.6;6.0;0.0
78.9;160.1;3.6;0.0
550.0;160.1;0.0;0.0
531.3;160.3;1.0;0.0
550.0;161.1;3.3;0.0
218.9;161.1;13.0;0.0
0.0;161.1;1.1;0.0
0.0;161.1;7.0;0.0
0.0;161.1;14.3;0.0
0.0;161.1;5.0;0.0
0.0;161.1;0.0;0.0
52.8;161.1;1.7;0.0
0.0;161.1;0.0;0.0
0.0;161.1;0.6;0.0
0.0;161.1;5.5;0.0
0.0;161.1;5.0;0.0
0.0;161.1;4.4;0.0
0.0;161.1;4.0;0.0
484.0;161.1;3.0;0.0
477.0;161.1;5.5;0.0
395.0;161.1;11.0;0.0
218.9;161.3;4.4;0.0
550.0;161.3;2.0;0.0
573.1;161.6;12.1;0.0
218.9;161.6;26.0;0.0
0.0;161.6;2.2;0.0
0.0;161.6;14.0;0.0
0.0;161.6;13.2;0.0
0.0;161.6;3.3;0.0
0.0;161.6;0.0;0.0
0.0;161.6;6.4;0.0
0.0;161.6;0.0;0.0
0.0;161.6;2.1;0.0
0.0;161.6;11.0;0.0
0.0;161.6;11.0;0.0
0.0;161.6;9.9;0.0
438.0;161.6;6.0;0.0
348.0;161.6;7.9;0.0
0.0;161.6;1.1;0.0
0.0;161.6;7.0;0.0
723.8;162.5;3.3;0.0
198.9;220.8;156.6;40.0
60.9;890.7;11488.7;44.0
49.0;584.0;3372.4;1452.0
64.0;354.1;3562.1;3344.0
60.9;1134.1;3199.0;0.0
