87.0;256.7;961.7;0.0
371.6;368.4;429.2;0.0
684.4;314.8;206.2;0.0
440.0;156.6;441.1;0.0
0.0;156.6;1.0;0.0
0.0;156.6;1.1;0.0
0.0;156.6;0.0;0.0
0.0;156.6;12.0;0.0
0.0;156.6;13.2;0.0
0.0;156.6;7.0;0.0
0.0;156.6;2.7;0.0
0.0;156.6;0.0;0.0
0.0;156.6;2.4;0.0
0.0;156.6;0.0;0.0
0.0;156.6;0.4;0.0
0.0;156.6;0.0;0.0
0.0;156.6;1.5;0.0
0.0;156.6;0.0;0.0
0.0;156.6;1.7;0.0
0.0;156.6;0.0;0.0
389.0;191.6;0.5;0.0
499.0;191.6;0.0;0.0
219.5;160.1;6.6;0.0
183.4;160.1;3.0;0.0
577.5;160.4;0.0;0.0
565.4;161.0;2.3;0.0
0.0;161.0;0.0;0.0
50.0;161.0;12.1;0.0
0.0;161.0;0.0;0.0
0.0;161.0;7.3;0.0
0.0;161.0;0.0;0.0
0.0;161.0;1.7;0.0
0.0;161.0;0.0;0.0
0.0;161.0;2.6;0.0
0.0;161.0;0.0;0.0
0.0;161.0;5.5;0.0
0.0;161.0;3.0;0.0
0.0;161.0;1.5;0.0
0.0;161.0;0.0;0.0
0.0;161.0;5.0;0.0
0.0;161.0;7.7;0.0
0.0;161.0;1.4;0.0
445.0;161.0;3.3;0.0
504.0;161.0;2.2;0.0
120.4;161.3;10.1;0.0
548.9;161.3;0.0;0.0
544.5;161.3;10.1;0.0
0.0;161.3;0.0;0.0
0.0;161.3;22.2;0.0
0.0;161.3;0.0;0.0
0.0;161.3;12.4;0.0
0.0;161.3;0.0;0.0
50.0;161.3;4.4;0.0
0.0;161.3;0.0;0.0
0.0;161.3;7.1;0.0
0.0;161.3;3.0;0.0
0.0;161.3;4.8;0.0
0.0;161.3;2.0;0.0
0.0;161.3;0.4;0.0
0.0;161.3;1.5;0.0
50.0;161.3;6.1;0.0
559.0;161.3;7.0;0.0
0.0;161.3;5.5;0.0
500.0;162.2;4.9;0.0
273.9;162.2;0.0;0.0
272.8;163.7;29.0;44.0
522.5;402.1;565.4;0.0
145.9;901.0;6808.5;40.0
48.8;592.9;1134.9;0.0
93.2;592.2;3030.6;2156.0
148.0;592.2;3996.6;2112.0
86.4;1110.4;324.3;852.0
