146.0;188.4;163.6;0.0
50.0;129.0;225.8;0.0
272.8;205.1;319.1;0.0
270.9;297.5;181.4;0.0
275.0;156.8;437.8;0.0
0.0;156.8;0.0;0.0
0.0;156.8;0.1;0.0
0.0;156.8;0.0;0.0
55.0;156.8;2.2;0.0
0.0;156.8;0.0;0.0
0.0;156.8;0.7;0.0
0.0;156.8;0.0;0.0
0.0;156.8;1.7;0.0
0.0;156.8;0.0;0.0
0.0;156.8;1.3;0.0
0.0;156.8;1.1;0.0
0.0;156.8;1.4;0.0
0.0;156.8;1.1;0.0
0.0;156.8;0.4;0.0
0.0;156.8;1.1;0.0
0.0;156.8;3.2;0.0
0.0;156.8;4.4;0.0
274.0;191.8;4.1;0.0
87.0;160.4;5.5;0.0
56.9;160.4;0.0;0.0
257.0;160.7;3.0;0.0
536.8;161.4;3.3;0.0
107.8;161.4;1.0;0.0
0.0;161.4;0.0;0.0
0.0;161.4;12.1;0.0
0.0;161.4;0.0;0.0
0.0;161.4;7.3;0.0
0.0;161.4;0.0;0.0
0.0;161.4;1.7;0.0
0.0;161.4;0.0;0.0
0.0;161.4;1.6;0.0
0.0;161.4;0.0;0.0
0.0;161.4;0.5;0.0
0.0;161.4;0.0;0.0
0.0;161.4;2.4;0.0
0.0;161.4;0.0;0.0
291.0;161.4;4.4;0.0
495.0;161.4;0.0;0.0
281.8;161.6;5.6;0.0
519.2;161.6;0.0;0.0
602.8;161.9;10.1;0.0
165.0;161.9;0.0;0.0
0.0;161.9;24.0;0.0
0.0;161.9;2.2;0.0
0.0;161.9;14.0;0.0
0.0;161.9;13.2;0.0
0.0;161.9;3.3;0.0
0.0;161.9;7.7;0.0
0.0;161.9;3.7;0.0
55.0;161.9;1.5;0.0
0.0;161.9;0.4;0.0
0.0;161.9;0.4;0.0
0.0;161.9;2.4;0.0
0.0;161.9;5.4;0.0
0.0;161.9;0.4;0.0
639.0;161.9;3.5;0.0
0.0;161.9;1.5;0.0
499.0;281.9;156.6;40.0
510.0;998.9;4599.5;0.0
169.9;993.2;3321.9;0.0
304.8;1116.3;3615.0;44.0
121.0;837.3;1340.9;1320.0
119.6;560.1;5504.1;2560.0
94.7;246.5;3569.8;640.0
49.9;277.5;217.5;0.0
49.9;277.5;0.4;132.0
45.0;277.5;0.8;256.0
50.0;247.2;0.3;60.0
