50.0;143.9;60.6;0.0
85.2;137.6;138.7;0.0
140.9;274.7;313.2;7440.0
307.0;214.6;172.2;18960.0
46.0;156.6;103.0;8960.0
0.0;156.6;1.1;0.0
0.0;156.6;1.0;0.0
0.0;156.6;14.3;0.0
0.0;156.6;13.0;0.0
0.0;156.6;7.7;0.0
0.0;156.6;7.0;0.0
0.0;156.6;0.0;0.0
0.0;156.6;2.7;0.0
0.0;156.6;0.0;0.0
0.0;156.6;1.5;0.0
0.0;156.6;0.0;0.0
0.0;156.6;1.4;0.0
0.0;156.6;0.0;0.0
50.0;156.6;2.4;0.0
0.0;156.6;0.0;0.0
0.0;156.6;0.5;0.0
0.0;156.6;0.0;0.0
121.6;160.1;1.6;0.0
250.4;161.0;0.3;0.0
327.8;161.0;0.0;0.0
0.0;161.0;1.0;0.0
55.0;161.0;1.1;0.0
50.0;161.0;12.0;0.0
0.0;161.0;14.3;0.0
0.0;161.0;7.0;0.0
0.0;161.0;7.7;0.0
0.0;161.0;5.0;0.0
0.0;161.0;6.6;0.0
0.0;161.0;6.0;0.0
0.0;161.0;5.5;0.0
0.0;161.0;6.0;0.0
0.0;161.0;5.5;0.0
0.0;161.0;6.0;0.0
0.0;161.0;0.0;0.0
414.0;161.0;0.5;0.0
499.0;161.0;0.0;0.0
82.1;161.3;4.7;0.0
548.9;161.5;12.1;0.0
328.9;161.5;2.0;0.0
0.0;161.5;0.0;0.0
0.0;161.5;24.2;0.0
0.0;161.5;0.0;0.0
55.0;161.5;14.6;0.0
0.0;161.5;0.0;0.0
50.0;161.5;6.4;0.0
0.0;161.5;0.0;0.0
0.0;161.5;6.2;0.0
0.0;161.5;0.0;0.0
0.0;161.5;1.8;0.0
0.0;161.5;0.0;0.0
0.0;161.5;3.7;0.0
0.0;161.5;0.0;0.0
192.0;161.5;3.9;0.0
544.0;161.5;0.0;0.0
401.5;162.4;12.3;0.0
385.0;162.4;0.0;0.0
169.4;162.8;54.5;40.0
86.8;184.1;105.1;44.0
143.1;246.0;1073.9;0.0
100.0;585.0;2767.5;0.0
106.4;277.0;1502.4;1452.0
59.9;277.0;0.8;296.0
82.4;1135.0;3.3;1380.0
