57.4;209.5;371.0;0.0
102.4;242.1;158.5;0.0
284.6;413.3;111.5;0.0
288.0;291.9;262.9;0.0
199.0;156.9;320.0;0.0
0.0;156.9;1.1;0.0
0.0;156.9;1.0;0.0
0.0;156.9;14.3;0.0
0.0;156.9;14.0;0.0
0.0;156.9;7.7;0.0
0.0;156.9;7.0;0.0
0.0;156.9;5.5;0.0
0.0;156.9;6.0;0.0
0.0;156.9;4.4;0.0
0.0;156.9;4.0;0.0
0.0;156.9;5.5;0.0
0.0;156.9;6.0;0.0
0.0;156.9;6.6;0.0
0.0;156.9;5.0;0.0
0.0;156.9;6.6;0.0
0.0;156.9;0.0;0.0
359.7;200.4;1.6;0.0
594.0;211.4;0.0;0.0
161.0;161.4;2.3;0.0
399.0;161.4;3.0;0.0
0.0;161.4;1.1;0.0
0.0;161.4;1.0;0.0
0.0;161.4;14.3;0.0
0.0;161.4;12.0;0.0
0.0;161.4;7.7;0.0
0.0;161.4;7.0;0.0
0.0;161.4;6.6;0.0
0.0;161.4;5.0;0.0
0.0;161.4;5.5;0.0
0.0;161.4;5.0;0.0
0.0;161.4;5.5;0.0
0.0;161.4;4.0;0.0
55.0;161.4;6.6;0.0
0.0;161.4;3.0;0.0
96.8;161.6;5.6;0.0
589.6;161.6;3.3;0.0
101.4;161.6;3.8;0.0
399.0;161.6;11.0;0.0
0.0;161.6;2.2;0.0
0.0;161.6;2.0;0.0
0.0;161.6;27.5;0.0
0.0;161.6;25.0;0.0
0.0;161.6;15.4;0.0
0.0;161.6;14.0;0.0
0.0;161.6;14.3;0.0
0.0;161.6;11.0;0.0
0.0;161.6;12.1;0.0
0.0;161.6;10.0;0.0
0.0;161.6;11.0;0.0
0.0;161.6;9.0;0.0
0.0;161.6;9.9;0.0
0.0;161.6;11.0;0.0
562.1;162.5;12.1;0.0
218.9;162.5;10.0;0.0
320.1;232.8;166.1;44.0
356.9;407.5;414.5;0.0
300.0;1022.0;4820.3;40.0
84.0;559.3;772.2;0.0
105.3;246.3;1054.9;0.0
75.7;592.3;3510.6;748.0
49.8;277.3;1105.8;2816.0
81.9;277.3;3.7;308.0
49.9;1103.2;8.0;2560.0
