58.8;223.3;880.7;0.0
246.4;392.3;219.5;0.0
782.8;312.1;316.9;0.0
434.5;156.9;441.1;0.0
0.0;156.9;1.0;0.0
0.0;156.9;0.0;0.0
0.0;156.9;11.1;0.0
0.0;156.9;0.0;0.0
0.0;156.9;7.3;0.0
0.0;156.9;0.0;0.0
0.0;156.9;2.7;0.0
0.0;156.9;0.0;0.0
0.0;156.9;2.6;0.0
0.0;156.9;1.0;0.0
0.0;156.9;2.4;0.0
0.0;156.9;4.0;0.0
0.0;156.9;4.5;0.0
0.0;156.9;4.0;0.0
0.0;156.9;4.6;0.0
0.0;156.9;3.0;0.0
55.0;156.9;4.4;0.0
0.0;156.9;3.1;0.0
243.1;196.0;6.6;0.0
237.0;160.2;6.0;0.0
50.0;160.2;0.0;0.0
50.4;160.7;3.3;0.0
400.0;160.7;3.0;0.0
0.0;160.7;1.1;0.0
0.0;160.7;1.0;0.0
0.0;160.7;13.2;0.0
0.0;160.7;12.0;0.0
0.0;160.7;7.7;0.0
0.0;160.7;7.0;0.0
0.0;160.7;6.6;0.0
0.0;160.7;5.0;0.0
0.0;160.7;4.4;0.0
0.0;160.7;4.0;0.0
0.0;160.7;5.5;0.0
0.0;160.7;4.0;0.0
0.0;160.7;5.5;0.0
0.0;160.7;4.0;0.0
215.6;161.1;7.7;0.0
79.0;161.1;4.0;0.0
50.5;161.1;1.1;0.0
0.0;161.1;0.0;0.0
0.0;161.1;0.2;0.0
0.0;161.1;0.0;0.0
0.0;161.1;4.4;0.0
0.0;161.1;0.0;0.0
50.0;161.1;8.4;0.0
0.0;161.1;7.0;0.0
0.0;161.1;5.0;0.0
0.0;161.1;7.1;0.0
0.0;161.1;4.0;0.0
0.0;161.1;3.9;0.0
0.0;161.1;2.1;0.0
0.0;161.1;7.0;0.0
0.0;161.1;3.1;0.0
55.0;161.1;3.9;0.0
0.0;161.1;0.0;0.0
660.0;162.0;3.1;0.0
106.7;162.0;0.0;0.0
568.6;223.0;166.2;44.0
101.6;184.2;160.5;40.0
109.8;245.6;2208.0;0.0
85.4;245.9;714.5;0.0
120.2;442.9;1478.1;0.0
103.0;276.9;16.6;836.0
117.6;420.1;1.9;292.0
65.1;814.1;5.0;720.0
