92.0;91.4;40.4;0.0
102.2;210.5;630.8;0.0
74.5;239.7;357.2;0.0
335.0;288.1;158.1;0.0
150.0;157.1;310.0;0.0
0.0;157.1;1.1;0.0
0.0;157.1;1.0;0.0
0.0;157.1;14.3;0.0
50.0;157.1;13.0;0.0
0.0;157.1;0.0;0.0
0.0;157.1;7.7;0.0
0.0;157.1;7.0;0.0
0.0;157.1;6.6;0.0
0.0;157.1;6.0;0.0
0.0;157.1;4.4;0.0
0.0;157.1;5.0;0.0
0.0;157.1;4.4;0.0
0.0;157.1;5.0;0.0
0.0;157.1;3.3;0.0
0.0;157.1;5.0;0.0
53.9;157.1;6.6;0.0
0.0;157.1;5.0;0.0
429.0;200.4;6.6;0.0
310.6;160.6;6.0;0.0
123.9;161.3;3.3;0.0
221.9;161.3;0.0;0.0
490.0;161.3;3.0;0.0
199.0;161.3;1.1;0.0
0.0;161.3;1.0;0.0
0.0;161.3;14.3;0.0
0.0;161.3;0.0;0.0
0.0;161.3;5.7;0.0
0.0;161.3;7.0;0.0
0.0;161.3;6.6;0.0
0.0;161.3;2.0;0.0
0.0;161.3;0.4;0.0
50.0;161.3;4.0;0.0
0.0;161.3;5.6;0.0
0.0;161.3;5.0;0.0
0.0;161.3;4.4;0.0
0.0;161.3;7.0;0.0
444.4;161.5;16.5;0.0
385.0;161.5;5.2;0.0
511.0;161.5;0.0;0.0
546.0;161.5;2.2;0.0
449.0;161.5;11.0;0.0
0.0;161.5;14.3;0.0
0.0;161.5;2.0;0.0
0.0;161.5;7.7;0.0
0.0;161.5;26.0;0.0
0.0;161.5;6.6;0.0
0.0;161.5;14.0;0.0
0.0;161.5;8.8;0.0
0.0;161.5;13.0;0.0
0.0;161.5;9.9;0.0
0.0;161.5;5.4;0.0
0.0;161.5;7.7;0.0
0.0;161.5;4.4;0.0
0.0;161.5;5.5;0.0
647.9;162.5;0.8;0.0
220.0;162.5;5.5;0.0
0.0;162.5;8.0;0.0
0.0;162.5;3.3;0.0
391.0;162.5;9.0;0.0
860.0;257.5;127.0;40.0
555.0;684.5;1528.5;0.0
514.0;996.5;5182.0;0.0
487.0;996.5;3523.5;0.0
487.0;1306.5;1451.0;680.0
505.0;1308.5;2.4;1920.0
545.0;1308.5;6.0;1920.0
462.0;386.5;2.5;160.0
0.0;162.5;0.0;0.0
39.5;179.8;16.9;4.0
51.5;277.1;1168.5;0.0
43.7;277.3;0.4;132.0
53.5;277.3;0.8;256.0
51.3;182.4;0.5;84.0
