64.0;101.4;98.4;0.0
56.1;118.6;156.1;0.0
114.2;140.2;57.6;0.0
30.3;156.6;39.8;0.0
0.0;156.6;0.0;0.0
0.0;156.6;0.1;0.0
0.0;156.6;0.0;0.0
0.0;156.6;2.2;0.0
0.0;156.6;0.0;0.0
0.0;156.6;0.7;0.0
0.0;156.6;0.0;0.0
0.0;156.6;0.6;0.0
0.0;156.6;0.0;0.0
0.0;156.6;4.0;0.0
0.0;156.6;6.6;0.0
0.0;156.6;0.0;0.0
0.0;156.6;0.5;0.0
0.0;156.6;0.0;0.0
0.0;156.6;0.5;0.0
0.0;156.6;0.0;0.0
0.0;156.6;0.5;0.0
0.0;156.6;1.1;0.0
93.5;160.3;1.6;0.0
49.6;161.0;3.3;0.0
190.0;161.0;3.0;0.0
349.0;161.0;0.0;0.0
0.0;161.0;1.1;0.0
0.0;161.0;1.0;0.0
0.0;161.0;13.2;0.0
0.0;161.0;12.0;0.0
0.0;161.0;7.7;0.0
0.0;161.0;7.0;0.0
0.0;161.0;5.5;0.0
0.0;161.0;6.0;0.0
0.0;161.0;5.5;0.0
0.0;161.0;6.0;0.0
0.0;161.0;5.5;0.0
0.0;161.0;6.0;0.0
0.0;161.0;0.0;0.0
0.0;161.0;0.6;0.0
0.0;161.0;0.0;0.0
218.7;161.2;0.7;0.0
137.1;161.2;0.0;0.0
133.9;161.2;1.1;0.0
328.9;161.2;0.0;0.0
0.0;161.2;0.0;0.0
0.0;161.2;0.2;0.0
0.0;161.2;0.0;0.0
0.0;161.2;3.5;0.0
0.0;161.2;0.0;0.0
0.0;161.2;1.4;0.0
0.0;161.2;0.0;0.0
0.0;161.2;3.2;0.0
0.0;161.2;0.0;0.0
55.0;161.2;2.0;0.0
0.0;161.2;0.0;0.0
0.0;161.2;2.0;0.0
0.0;161.2;0.0;0.0
50.0;161.2;1.9;0.0
0.0;161.2;0.0;0.0
138.0;161.2;7.6;0.0
194.0;162.1;7.7;0.0
464.2;162.5;3.7;0.0
537.9;388.6;584.5;44.0
112.8;1289.9;12282.0;40.0
75.9;590.1;4864.4;1452.0
83.0;344.1;6799.8;2816.0
52.7;548.7;18.3;704.0
