45.0;100.8;101.2;0.0
61.5;114.4;112.4;0.0
129.9;138.5;69.2;0.0
45.0;156.6;40.1;0.0
0.0;156.6;0.0;0.0
0.0;156.6;1.0;0.0
0.0;156.6;1.1;0.0
0.0;156.6;0.0;0.0
0.0;156.6;2.3;0.0
0.0;156.6;0.0;0.0
0.0;156.6;0.7;0.0
0.0;156.6;0.0;0.0
0.0;156.6;2.5;0.0
0.0;156.6;0.0;0.0
0.0;156.6;0.4;0.0
0.0;156.6;0.0;0.0
0.0;156.6;2.5;0.0
0.0;156.6;0.0;0.0
0.0;156.6;1.5;0.0
0.0;156.6;0.0;0.0
0.0;156.6;2.3;0.0
0.0;156.6;0.0;0.0
365.0;195.6;6.0;0.0
50.0;160.1;6.6;0.0
88.0;160.1;0.0;0.0
96.0;160.4;3.0;0.0
555.5;161.1;3.3;0.0
0.0;161.1;1.0;0.0
0.0;161.1;1.1;0.0
0.0;161.1;13.0;0.0
0.0;161.1;13.2;0.0
0.0;161.1;7.0;0.0
0.0;161.1;7.7;0.0
0.0;161.1;7.0;0.0
0.0;161.1;6.6;0.0
0.0;161.1;4.0;0.0
0.0;161.1;4.4;0.0
50.0;161.1;5.0;0.0
0.0;161.1;5.5;0.0
0.0;161.1;6.0;0.0
0.0;161.1;6.6;0.0
0.0;161.1;6.0;0.0
0.0;161.1;4.4;0.0
301.4;161.3;3.1;0.0
99.6;161.3;0.0;0.0
50.0;161.3;1.1;0.0
0.0;161.3;0.0;0.0
0.0;161.3;2.2;0.0
0.0;161.3;0.0;0.0
55.0;161.3;27.5;0.0
0.0;161.3;0.0;0.0
0.0;161.3;7.7;0.0
0.0;161.3;7.7;0.0
0.0;161.3;6.6;0.0
0.0;161.3;7.7;0.0
0.0;161.3;5.5;0.0
0.0;161.3;4.4;0.0
0.0;161.3;6.6;0.0
0.0;161.3;5.5;0.0
0.0;161.3;8.8;0.0
0.0;161.3;5.5;0.0
0.0;161.3;5.5;0.0
270.6;161.8;7.7;0.0
770.0;190.4;107.8;44.0
561.0;407.1;485.1;0.0
539.0;1082.5;4957.7;0.0
485.1;1082.5;3702.6;0.0
541.2;1431.2;3809.3;0.0
591.8;1431.2;6.6;2156.0
565.4;1256.3;9.9;2552.0
