94.9;92.7;51.2;0.0
128.9;107.1;331.0;0.0
166.5;184.0;165.1;0.0
221.0;189.5;62.4;0.0
121.0;156.5;185.0;0.0
0.0;156.5;0.0;0.0
0.0;156.5;0.1;0.0
0.0;156.5;0.0;0.0
0.0;156.5;2.2;0.0
0.0;156.5;0.0;0.0
0.0;156.5;0.7;0.0
0.0;156.5;0.0;0.0
0.0;156.5;1.6;0.0
0.0;156.5;0.0;0.0
0.0;156.5;4.5;0.0
0.0;156.5;0.0;0.0
351.0;194.5;4.7;0.0
498.0;196.5;0.0;0.0
490.0;196.5;5.5;0.0
499.0;203.5;3.0;0.0
0.0;203.5;5.5;0.0
0.0;203.5;1.0;0.0
51.7;176.5;7.7;0.0
591.8;160.3;12.0;0.0
531.3;161.2;0.0;0.0
440.0;161.2;4.3;0.0
0.0;161.2;0.0;0.0
0.0;161.2;5.1;0.0
0.0;161.2;0.0;0.0
0.0;161.2;6.3;0.0
0.0;161.2;0.0;0.0
0.0;161.2;2.7;0.0
449.0;161.2;2.0;0.0
522.0;161.2;6.6;0.0
485.0;161.2;11.0;0.0
0.0;161.2;5.5;0.0
0.0;161.2;2.0;0.0
0.0;161.2;5.5;0.0
0.0;161.2;13.0;0.0
0.0;161.2;5.5;0.0
0.0;161.2;0.0;0.0
191.4;161.4;1.6;0.0
573.1;161.4;0.0;0.0
599.5;161.7;8.1;0.0
55.0;161.7;0.0;0.0
0.0;161.7;14.2;0.0
0.0;161.7;0.0;0.0
199.0;161.7;15.5;0.0
0.0;161.7;0.0;0.0
0.0;161.7;15.4;0.0
0.0;161.7;0.0;0.0
0.0;161.7;13.2;0.0
0.0;161.7;0.0;0.0
0.0;161.7;11.0;0.0
0.0;161.7;0.0;0.0
0.0;161.7;9.9;0.0
0.0;161.7;0.0;0.0
0.0;161.7;11.0;0.0
0.0;161.7;1.1;0.0
0.0;161.7;4.4;0.0
794.2;162.6;6.6;0.0
204.6;163.0;6.6;0.0
536.8;1425.2;13043.8;44.0
533.5;1427.4;4.4;1452.0
605.0;1427.4;6.6;2112.0
550.0;1094.1;7.7;1628.0
541.2;408.8;4.0;0.0
