101.0;189.4;335.4;0.0
94.0;197.6;105.4;0.0
221.5;216.3;398.7;0.0
316.0;261.7;133.7;0.0
165.0;157.1;322.3;0.0
0.0;157.1;0.0;0.0
0.0;157.1;0.1;0.0
0.0;157.1;0.0;0.0
0.0;157.1;1.3;0.0
0.0;157.1;0.0;0.0
55.0;157.1;0.7;0.0
0.0;157.1;0.0;0.0
0.0;157.1;1.6;0.0
0.0;157.1;0.0;0.0
0.0;157.1;1.4;0.0
0.0;157.1;0.0;0.0
0.0;157.1;0.4;0.0
0.0;157.1;0.0;0.0
0.0;157.1;0.5;0.0
0.0;157.1;0.0;0.0
0.0;157.1;4.0;0.0
0.0;157.1;5.5;0.0
295.0;187.1;6.0;0.0
190.0;160.4;6.6;0.0
80.0;160.4;3.0;0.0
252.0;160.7;0.0;0.0
547.8;161.4;3.3;0.0
218.9;161.4;1.0;0.0
0.0;161.4;1.1;0.0
49.0;161.4;13.0;0.0
0.0;161.4;0.0;0.0
0.0;161.4;6.2;0.0
0.0;161.4;0.0;0.0
0.0;161.4;3.7;0.0
0.0;161.4;0.0;0.0
0.0;161.4;3.6;0.0
0.0;161.4;0.0;0.0
0.0;161.4;1.3;0.0
0.0;161.4;0.0;0.0
0.0;161.4;1.4;0.0
0.0;161.4;0.0;0.0
0.0;161.4;3.6;0.0
0.0;161.4;0.0;0.0
125.9;161.5;3.7;0.0
50.0;161.5;0.0;0.0
83.0;161.5;1.1;0.0
99.0;161.5;0.0;0.0
0.0;161.5;0.2;0.0
0.0;161.5;0.0;0.0
0.0;161.5;14.2;0.0
0.0;161.5;13.2;0.0
0.0;161.5;7.7;0.0
0.0;161.5;7.7;0.0
0.0;161.5;11.0;0.0
0.0;161.5;11.0;0.0
0.0;161.5;9.0;0.0
0.0;161.5;11.0;0.0
0.0;161.5;9.0;0.0
0.0;161.5;11.0;0.0
50.0;161.5;10.0;0.0
0.0;161.5;12.1;0.0
0.0;161.5;6.0;0.0
309.1;162.0;9.3;0.0
409.0;162.5;7.0;0.0
478.5;168.2;17.9;4.0
145.9;1037.6;11320.5;0.0
148.4;556.8;5351.3;680.0
70.0;552.3;3534.4;3840.0
80.0;1112.7;3496.1;120.0
50.0;277.5;2.2;132.0
49.9;277.5;0.6;192.0
55.0;247.1;0.5;112.0
50.0;185.1;0.0;0.0
