58.8;144.6;314.2;0.0
152.7;206.7;182.0;0.0
283.9;300.5;283.6;0.0
495.0;156.6;421.1;0.0
0.0;156.6;0.0;0.0
0.0;156.6;1.0;0.0
0.0;156.6;1.1;0.0
0.0;156.6;13.0;0.0
0.0;156.6;14.3;0.0
0.0;156.6;7.0;0.0
0.0;156.6;7.7;0.0
0.0;156.6;6.0;0.0
0.0;156.6;5.5;0.0
0.0;156.6;4.0;0.0
0.0;156.6;5.5;0.0
0.0;156.6;4.0;0.0
0.0;156.6;4.4;0.0
50.0;156.6;6.0;0.0
0.0;156.6;6.6;0.0
0.0;156.6;6.0;0.0
0.0;156.6;5.5;0.0
185.0;191.6;7.0;0.0
146.0;160.4;4.4;0.0
47.5;160.4;0.0;0.0
81.7;160.7;3.0;0.0
562.1;161.4;3.3;0.0
0.0;161.4;1.0;0.0
0.0;161.4;1.1;0.0
0.0;161.4;13.0;0.0
0.0;161.4;13.2;0.0
0.0;161.4;7.0;0.0
0.0;161.4;7.7;0.0
0.0;161.4;4.0;0.0
0.0;161.4;4.4;0.0
0.0;161.4;5.0;0.0
0.0;161.4;5.5;0.0
0.0;161.4;4.0;0.0
0.0;161.4;4.4;0.0
0.0;161.4;5.0;0.0
0.0;161.4;5.5;0.0
0.0;161.4;5.0;0.0
215.6;161.7;6.6;0.0
132.2;161.7;2.0;0.0
100.8;161.7;12.1;0.0
590.0;161.7;11.0;0.0
0.0;161.7;2.2;0.0
0.0;161.7;2.0;0.0
0.0;161.7;26.4;0.0
0.0;161.7;26.0;0.0
0.0;161.7;15.4;0.0
0.0;161.7;14.0;0.0
0.0;161.7;11.0;0.0
0.0;161.7;11.0;0.0
0.0;161.7;12.1;0.0
0.0;161.7;7.0;0.0
0.0;161.7;13.2;0.0
0.0;161.7;9.0;0.0
0.0;161.7;13.2;0.0
0.0;161.7;10.0;0.0
316.8;162.2;16.5;0.0
550.0;162.6;9.0;0.0
272.8;182.3;9.9;0.0
347.0;413.7;572.6;44.0
396.0;1084.1;4285.6;0.0
578.6;1084.1;3417.7;0.0
545.6;1088.5;3735.6;0.0
550.0;1430.6;1006.5;748.0
160.9;1373.6;119.4;1368.0
98.0;277.6;11703.6;2112.0
73.6;1099.5;3.3;1420.0
