69.5;201.7;365.6;0.0
57.1;206.5;337.8;0.0
100.7;190.5;283.8;0.0
223.6;155.2;111.6;0.0
52.8;156.9;20.9;0.0
0.0;156.9;0.0;0.0
0.0;156.9;1.1;0.0
0.0;156.9;0.0;0.0
0.0;156.9;13.2;0.0
0.0;156.9;0.0;0.0
0.0;156.9;7.7;0.0
0.0;156.9;0.0;0.0
0.0;156.9;5.5;0.0
0.0;156.9;0.0;0.0
0.0;156.9;5.5;0.0
0.0;156.9;0.0;0.0
0.0;156.9;5.5;0.0
0.0;156.9;0.0;0.0
0.0;156.9;6.6;0.0
0.0;156.9;0.0;0.0
0.0;156.9;6.6;0.0
0.0;156.9;0.0;0.0
156.2;202.5;7.7;0.0
569.8;213.5;0.0;0.0
435.6;213.5;3.3;0.0
0.0;213.5;0.0;0.0
0.0;213.5;1.1;0.0
0.0;213.5;0.0;0.0
0.0;213.5;13.2;0.0
0.0;213.5;0.0;0.0
0.0;213.5;7.7;0.0
0.0;213.5;0.0;0.0
0.0;213.5;5.5;0.0
0.0;213.5;0.0;0.0
0.0;213.5;4.4;0.0
0.0;213.5;0.0;0.0
0.0;213.5;5.5;0.0
0.0;213.5;0.0;0.0
0.0;213.5;5.5;0.0
0.0;213.5;0.0;0.0
423.5;215.7;17.6;0.0
0.0;215.7;0.0;0.0
0.0;215.7;1.2;0.0
0.0;215.7;0.0;0.0
0.0;215.7;15.6;0.0
0.0;215.7;0.0;0.0
55.0;215.7;8.4;0.0
0.0;215.7;0.0;0.0
0.0;215.7;5.0;0.0
0.0;215.7;0.0;0.0
0.0;215.7;6.0;0.0
0.0;215.7;0.0;0.0
0.0;215.7;5.9;0.0
0.0;215.7;0.0;0.0
0.0;215.7;5.1;0.0
0.0;215.7;0.0;0.0
0.0;215.7;4.8;0.0
654.5;226.7;2.4;0.0
165.0;226.7;5.0;0.0
150.7;260.4;161.8;44.0
269.2;754.3;2795.4;0.0
493.9;1097.5;4463.8;0.0
591.8;1097.5;3479.4;0.0
588.5;1438.5;1598.3;0.0
500.0;1438.5;4.8;2860.0
520.3;1438.5;6.6;2112.0
573.1;428.7;4.3;308.0
