49.9;164.0;177.4;0.0
50.0;170.1;107.0;0.0
143.9;181.5;258.2;0.0
127.0;174.6;58.1;0.0
0.0;156.6;31.0;0.0
0.0;156.6;0.0;0.0
0.0;156.6;0.1;0.0
0.0;156.6;0.0;0.0
50.0;156.6;1.3;0.0
0.0;156.6;0.0;0.0
55.0;156.6;7.7;0.0
0.0;156.6;0.0;0.0
0.0;156.6;5.5;0.0
0.0;156.6;0.0;0.0
0.0;156.6;4.4;0.0
0.0;156.6;7.0;0.0
0.0;156.6;5.5;0.0
0.0;156.6;4.0;0.0
0.0;156.6;5.5;0.0
0.0;156.6;5.0;0.0
0.0;156.6;6.6;0.0
0.0;156.6;3.0;0.0
354.2;200.4;6.6;0.0
550.0;200.4;2.0;0.0
550.0;203.7;0.0;0.0
550.0;212.5;2.3;0.0
108.9;212.5;0.0;0.0
0.0;212.5;3.1;0.0
0.0;212.5;0.0;0.0
50.0;179.5;8.3;0.0
499.0;161.5;0.0;0.0
495.0;161.5;7.7;0.0
519.0;161.5;3.0;0.0
0.0;161.5;4.4;0.0
0.0;161.5;0.1;0.0
0.0;161.5;3.3;0.0
0.0;161.5;10.2;0.0
0.0;161.5;0.0;0.0
0.0;161.5;1.6;0.0
0.0;161.5;0.0;0.0
0.0;161.5;1.7;0.0
0.0;161.5;0.0;0.0
478.5;161.7;2.6;0.0
587.4;161.7;0.0;0.0
550.0;161.7;5.1;0.0
0.0;161.7;0.0;0.0
0.0;161.7;4.2;0.0
0.0;161.7;0.0;0.0
315.0;161.7;21.5;0.0
520.0;161.7;0.0;0.0
497.0;161.7;4.4;0.0
0.0;161.7;0.0;0.0
0.0;161.7;11.2;0.0
0.0;161.7;0.0;0.0
0.0;161.7;6.7;0.0
0.0;161.7;12.0;0.0
0.0;161.7;3.4;0.0
0.0;161.7;0.0;0.0
0.0;161.7;3.9;0.0
0.0;161.7;0.0;0.0
0.0;161.7;2.0;0.0
0.0;161.7;1.1;0.0
0.0;161.7;4.6;0.0
273.9;162.6;5.5;0.0
0.0;163.1;6.4;0.0
987.8;285.0;145.2;44.0
620.4;1089.1;4721.1;0.0
550.0;1093.5;2106.5;0.0
151.4;1080.5;3614.6;0.0
213.9;1254.8;2212.9;40.0
50.0;277.8;11650.6;2156.0
62.5;277.8;9.6;2592.0
70.1;505.8;3.3;484.0
