100.9;135.0;59.2;0.0
93.0;106.9;203.6;0.0
150.0;161.1;109.6;0.0
174.8;167.8;95.7;0.0
71.0;156.9;103.0;0.0
0.0;156.9;0.0;0.0
0.0;156.9;0.1;0.0
0.0;156.9;0.0;0.0
55.0;156.9;13.2;0.0
0.0;156.9;13.0;0.0
0.0;156.9;7.7;0.0
0.0;156.9;7.0;0.0
0.0;156.9;6.6;0.0
0.0;156.9;6.0;0.0
0.0;156.9;4.4;0.0
0.0;156.9;3.0;0.0
0.0;156.9;5.5;0.0
0.0;156.9;5.0;0.0
0.0;156.9;5.5;0.0
0.0;156.9;4.0;0.0
0.0;156.9;2.0;0.0
0.0;156.9;1.5;0.0
0.0;156.9;1.0;0.0
473.0;200.4;4.7;0.0
114.6;160.6;2.0;0.0
62.4;160.6;0.0;0.0
60.9;161.4;3.3;0.0
341.0;161.4;3.0;0.0
0.0;161.4;1.1;0.0
0.0;161.4;1.0;0.0
0.0;161.4;14.3;0.0
0.0;161.4;13.0;0.0
0.0;161.4;7.7;0.0
0.0;161.4;7.0;0.0
0.0;161.4;6.6;0.0
0.0;161.4;6.0;0.0
0.0;161.4;6.6;0.0
0.0;161.4;4.1;0.0
0.0;161.4;0.0;0.0
0.0;161.4;1.6;0.0
0.0;161.4;0.0;0.0
55.0;161.4;1.4;0.0
0.0;161.4;0.0;0.0
292.8;161.6;2.6;0.0
90.0;161.6;0.0;0.0
129.6;161.6;1.1;0.0
385.0;161.6;0.0;0.0
0.0;161.6;2.0;0.0
0.0;161.6;2.2;0.0
0.0;161.6;26.0;0.0
0.0;161.6;28.6;0.0
0.0;161.6;14.0;0.0
0.0;161.6;15.4;0.0
0.0;161.6;10.0;0.0
0.0;161.6;13.2;0.0
0.0;161.6;10.0;0.0
0.0;161.6;8.8;0.0
0.0;161.6;11.0;0.0
0.0;161.6;11.0;0.0
0.0;161.6;9.0;0.0
0.0;161.6;9.9;0.0
238.0;161.6;10.0;0.0
169.6;162.5;13.2;0.0
440.0;162.5;5.0;0.0
108.9;162.9;7.7;0.0
447.0;385.8;561.6;44.0
50.0;641.9;2703.9;40.0
55.4;553.7;8594.6;0.0
50.0;555.2;3467.4;680.0
65.0;277.4;2353.7;2560.0
50.0;585.4;1.4;212.0
50.0;277.4;0.8;256.0
50.0;247.0;0.5;84.0
