89.0;102.8;70.0;0.0
54.8;107.0;212.0;0.0
127.8;155.9;89.8;0.0
151.9;230.6;176.9;0.0
154.8;156.6;258.4;0.0
0.0;156.6;0.0;0.0
0.0;156.6;0.1;0.0
0.0;156.6;0.0;0.0
0.0;156.6;1.3;0.0
0.0;156.6;0.0;0.0
0.0;156.6;0.7;0.0
0.0;156.6;0.0;0.0
0.0;156.6;1.6;0.0
0.0;156.6;0.0;0.0
0.0;156.6;0.4;0.0
0.0;156.6;0.0;0.0
0.0;156.6;4.4;0.0
0.0;156.6;5.0;0.0
0.0;156.6;6.6;0.0
0.0;156.6;5.0;0.0
0.0;156.6;5.5;0.0
0.0;156.6;5.0;0.0
257.4;195.1;6.6;0.0
126.6;160.9;6.0;0.0
167.0;160.9;3.3;0.0
555.0;160.9;0.0;0.0
400.0;160.9;2.1;0.0
0.0;160.9;0.0;0.0
0.0;160.9;13.3;0.0
0.0;160.9;0.0;0.0
0.0;160.9;6.7;0.0
0.0;160.9;0.0;0.0
0.0;160.9;1.6;0.0
0.0;160.9;0.0;0.0
0.0;160.9;1.5;0.0
0.0;160.9;0.0;0.0
55.0;160.9;0.5;0.0
0.0;160.9;0.0;0.0
0.0;160.9;0.6;0.0
0.0;160.9;0.0;0.0
442.2;161.1;11.6;0.0
165.0;161.1;0.0;0.0
239.0;161.1;6.2;0.0
525.0;161.1;0.0;0.0
350.0;161.1;11.0;0.0
0.0;161.1;29.7;0.0
0.0;161.1;2.0;0.0
0.0;161.1;15.4;0.0
0.0;161.1;24.0;0.0
0.0;161.1;12.1;0.0
0.0;161.1;14.0;0.0
0.0;161.1;11.0;0.0
0.0;161.1;10.0;0.0
55.0;161.1;7.8;0.0
0.0;161.1;7.0;0.0
0.0;161.1;4.4;0.0
0.0;161.1;9.0;0.0
0.0;161.1;5.5;0.0
49.0;161.1;8.0;0.0
0.0;161.1;1.2;0.0
360.9;162.0;3.5;0.0
195.0;162.0;3.0;0.0
0.0;162.0;1.0;0.0
0.0;162.0;4.0;0.0
439.0;249.0;149.0;40.0
486.0;1312.0;11708.1;0.0
467.0;1314.0;4.0;1320.0
486.0;1314.0;6.0;1920.0
535.0;1010.0;5.0;1160.0
0.0;162.0;0.1;0.0
0.0;162.0;0.0;0.0
0.0;162.0;0.4;0.0
0.0;162.0;0.0;0.0
0.0;162.0;0.6;0.0
0.0;162.0;0.0;0.0
0.0;162.0;0.0;0.0
0.0;162.0;0.0;0.0
0.0;162.0;0.0;0.0
0.0;162.0;0.0;0.0
0.0;162.0;0.1;0.0
0.0;162.0;0.0;0.0
37.9;162.4;0.1;0.0
65.0;245.9;446.6;4.0
45.9;246.2;450.4;0.0
54.4;277.2;283.7;0.0
50.1;247.0;1.7;468.0
