95.0;147.9;65.4;0.0
106.4;116.4;225.9;0.0
210.3;155.2;93.3;0.0
335.0;156.9;1.9;0.0
0.0;156.9;0.0;0.0
0.0;156.9;0.1;0.0
0.0;156.9;0.0;0.0
0.0;156.9;2.2;0.0
0.0;156.9;0.0;0.0
0.0;156.9;0.7;0.0
0.0;156.9;0.0;0.0
0.0;156.9;2.4;0.0
0.0;156.9;0.0;0.0
0.0;156.9;2.4;0.0
0.0;156.9;6.0;0.0
0.0;156.9;4.4;0.0
0.0;156.9;7.0;0.0
0.0;156.9;4.4;0.0
0.0;156.9;5.0;0.0
0.0;156.9;6.6;0.0
0.0;176.9;6.0;0.0
103.9;160.3;7.7;0.0
80.3;161.2;0.0;0.0
168.0;161.2;0.3;0.0
249.0;161.2;0.0;0.0
0.0;161.2;1.1;0.0
50.0;161.2;1.0;0.0
0.0;161.2;14.3;0.0
0.0;161.2;13.0;0.0
0.0;161.2;7.7;0.0
0.0;161.2;7.0;0.0
0.0;161.2;6.6;0.0
0.0;161.2;6.0;0.0
0.0;161.2;4.4;0.0
0.0;161.2;4.0;0.0
0.0;161.2;6.6;0.0
0.0;161.2;6.0;0.0
0.0;161.2;6.6;0.0
0.0;161.2;5.0;0.0
429.0;161.4;7.7;0.0
548.9;161.4;6.1;0.0
0.0;161.4;0.0;0.0
400.0;161.4;2.2;0.0
450.0;161.4;0.0;0.0
624.0;161.4;16.5;0.0
0.0;161.4;0.0;0.0
0.0;161.4;13.4;0.0
0.0;161.4;0.0;0.0
53.9;161.4;6.1;0.0
50.0;161.4;21.0;0.0
0.0;161.4;12.1;0.0
0.0;161.4;14.0;0.0
0.0;161.4;5.5;0.0
0.0;161.4;7.3;0.0
0.0;161.4;6.6;0.0
0.0;161.4;2.5;0.0
0.0;161.4;4.5;0.0
603.9;162.2;0.7;0.0
397.1;162.6;5.5;0.0
565.4;411.2;573.1;44.0
539.0;1433.1;12449.8;0.0
540.1;1433.1;3.6;2156.0
567.6;391.4;6.1;3036.0
