55.5;327.7;1212.5;0.0
380.1;347.0;948.4;0.0
542.7;312.3;205.1;0.0
320.1;156.5;441.1;0.0
0.0;156.5;1.0;0.0
0.0;156.5;0.0;0.0
0.0;156.5;1.1;0.0
0.0;156.5;13.0;0.0
0.0;156.5;8.3;0.0
0.0;156.5;1.0;0.0
0.0;156.5;1.7;0.0
0.0;156.5;0.0;0.0
0.0;156.5;2.6;0.0
0.0;156.5;0.0;0.0
0.0;156.5;5.5;0.0
0.0;156.5;0.0;0.0
55.0;156.5;2.5;0.0
0.0;156.5;0.0;0.0
0.0;156.5;2.6;0.0
0.0;156.5;0.0;0.0
0.0;156.5;1.5;0.0
44.0;186.3;7.7;0.0
547.8;194.0;5.0;0.0
543.4;196.2;0.0;0.0
345.1;160.9;1.3;0.0
491.0;160.9;0.0;0.0
480.0;160.9;1.1;0.0
522.0;160.9;3.0;0.0
0.0;160.9;13.2;0.0
0.0;160.9;1.0;0.0
0.0;160.9;7.7;0.0
0.0;160.9;13.0;0.0
53.9;160.9;4.4;0.0
0.0;160.9;7.0;0.0
0.0;160.9;0.0;0.0
0.0;160.9;1.4;0.0
0.0;160.9;0.0;0.0
0.0;160.9;1.4;0.0
0.0;160.9;0.0;0.0
0.0;160.9;1.4;0.0
0.0;160.9;4.4;0.0
485.1;161.1;3.2;0.0
566.5;161.1;0.0;0.0
545.6;161.1;12.1;0.0
0.0;161.1;0.0;0.0
0.0;161.1;3.2;0.0
532.0;161.1;0.0;0.0
486.0;161.1;14.3;0.0
500.0;161.1;2.2;0.0
0.0;161.1;7.7;0.0
0.0;161.1;5.7;0.0
0.0;161.1;6.6;0.0
0.0;161.1;0.5;0.0
0.0;161.1;20.0;0.0
0.0;161.1;11.0;0.0
0.0;161.1;14.0;0.0
0.0;161.1;12.1;0.0
0.0;161.1;12.0;0.0
0.0;161.1;12.1;0.0
0.0;161.1;10.0;0.0
0.0;161.1;9.9;0.0
0.0;161.1;8.0;0.0
644.6;162.5;9.9;0.0
987.8;371.9;165.9;44.0
482.9;1082.5;4750.9;0.0
498.9;1083.0;2283.7;0.0
173.7;1078.0;4049.1;0.0
298.9;1413.0;1722.3;40.0
128.4;1204.0;530.8;2860.0
55.0;588.0;4320.6;2112.0
47.5;798.9;3652.3;88.0
