133.0;183.4;307.1;0.0
99.0;223.1;139.7;0.0
109.0;184.4;392.3;0.0
307.0;181.5;44.6;0.0
55.0;156.8;59.4;0.0
0.0;156.8;1.0;0.0
0.0;156.8;1.1;0.0
50.0;156.8;13.0;0.0
0.0;156.8;13.2;0.0
0.0;156.8;0.0;0.0
55.0;156.8;0.7;0.0
0.0;156.8;6.0;0.0
0.0;156.8;4.4;0.0
0.0;156.8;4.0;0.0
0.0;156.8;4.6;0.0
0.0;156.8;2.0;0.0
0.0;156.8;0.4;0.0
0.0;156.8;2.0;0.0
0.0;156.8;1.5;0.0
0.0;156.8;2.0;0.0
0.0;156.8;2.6;0.0
0.0;156.8;2.0;0.0
311.0;159.5;1.4;0.0
82.0;160.2;0.0;0.0
92.0;160.5;3.0;0.0
179.0;160.5;0.0;0.0
477.4;161.1;3.3;0.0
0.0;161.1;1.0;0.0
0.0;161.1;1.1;0.0
0.0;161.1;13.0;0.0
0.0;161.1;14.3;0.0
0.0;161.1;7.0;0.0
0.0;161.1;0.0;0.0
0.0;161.1;1.7;0.0
0.0;161.1;0.0;0.0
0.0;161.1;1.6;0.0
0.0;161.1;0.0;0.0
0.0;161.1;1.4;0.0
0.0;161.1;0.0;0.0
0.0;161.1;2.4;0.0
0.0;161.1;0.0;0.0
90.0;161.1;4.4;0.0
511.0;161.1;0.0;0.0
173.9;161.3;7.4;0.0
589.6;161.3;0.0;0.0
530.2;161.3;10.1;0.0
165.0;161.3;0.0;0.0
0.0;161.3;23.2;0.0
0.0;161.3;0.0;0.0
0.0;161.3;7.0;0.0
0.0;161.3;14.3;0.0
0.0;161.3;6.0;0.0
0.0;161.3;7.7;0.0
0.0;161.3;4.0;0.0
0.0;161.3;15.0;0.0
0.0;161.3;6.0;0.0
0.0;161.3;7.2;0.0
0.0;161.3;5.0;0.0
0.0;161.3;2.5;0.0
693.0;161.3;0.5;0.0
95.0;161.3;1.6;0.0
0.0;161.3;0.4;0.0
599.5;162.2;8.9;0.0
273.9;162.2;1.5;0.0
0.0;162.2;2.0;0.0
0.0;162.2;0.5;0.0
444.0;296.2;176.0;40.0
439.0;687.2;1904.6;0.0
496.0;996.2;5105.0;0.0
373.2;1095.6;4646.6;0.0
50.0;1112.2;562.1;1284.0
94.0;558.7;4275.2;1920.0
50.0;245.7;3227.9;1280.0
52.2;246.1;355.6;0.0
55.0;277.1;91.5;68.0
50.0;277.1;0.4;128.0
47.0;277.1;0.6;192.0
49.5;185.1;0.3;60.0
