76.0;171.8;468.8;0.0
228.0;276.0;115.0;0.0
275.9;242.2;210.5;0.0
453.0;156.6;267.6;0.0
0.0;156.6;0.0;0.0
0.0;156.6;1.0;0.0
0.0;156.6;1.1;0.0
0.0;156.6;12.0;0.0
0.0;156.6;13.2;0.0
0.0;156.6;7.0;0.0
0.0;156.6;7.7;0.0
0.0;156.6;5.0;0.0
0.0;156.6;6.6;0.0
0.0;156.6;7.0;0.0
0.0;156.6;5.5;0.0
0.0;156.6;4.0;0.0
0.0;156.6;6.6;0.0
0.0;156.6;4.0;0.0
0.0;156.6;4.4;0.0
0.0;156.6;5.0;0.0
0.0;156.6;5.5;0.0
184.0;192.6;4.0;0.0
363.0;160.0;6.6;0.0
213.0;160.0;3.0;0.0
532.4;160.2;0.0;0.0
561.0;160.8;2.3;0.0
0.0;160.8;0.0;0.0
0.0;160.8;11.1;0.0
0.0;160.8;0.0;0.0
0.0;160.8;7.0;0.0
0.0;160.8;14.3;0.0
0.0;160.8;6.0;0.0
0.0;160.8;7.7;0.0
0.0;160.8;3.0;0.0
0.0;160.8;6.6;0.0
0.0;160.8;4.0;0.0
0.0;160.8;4.4;0.0
0.0;160.8;5.0;0.0
0.0;160.8;4.4;0.0
466.0;160.8;5.0;0.0
498.0;160.8;6.5;0.0
0.0;160.8;0.0;0.0
468.6;161.1;4.6;0.0
572.0;161.3;12.1;0.0
55.0;161.3;25.0;0.0
0.0;161.3;0.0;0.0
0.0;161.3;12.2;0.0
0.0;161.3;0.0;0.0
0.0;161.3;4.3;0.0
0.0;161.3;13.2;0.0
0.0;161.3;2.7;0.0
0.0;161.3;7.7;0.0
0.0;161.3;5.5;0.0
0.0;161.3;5.5;0.0
0.0;161.3;3.5;0.0
0.0;161.3;6.6;0.0
0.0;161.3;3.6;0.0
0.0;161.3;6.6;0.0
247.0;161.3;3.6;0.0
822.0;234.3;124.4;40.0
600.0;698.3;1158.0;0.0
339.4;1004.8;6626.5;0.0
125.0;1001.2;3392.4;0.0
57.3;1146.7;369.1;644.0
56.2;838.9;1727.6;1920.0
97.6;561.7;5134.1;1280.0
57.0;855.1;3400.4;520.0
49.5;277.1;233.3;0.0
52.6;277.4;0.4;132.0
50.0;277.4;0.8;256.0
52.4;246.9;0.5;84.0
