104.1;141.2;190.6;0.0
161.5;203.3;131.3;0.0
248.8;324.3;359.9;0.0
305.0;157.1;383.9;0.0
0.0;157.1;0.0;0.0
0.0;157.1;0.1;0.0
0.0;157.1;0.0;0.0
0.0;157.1;14.3;0.0
0.0;157.1;13.0;0.0
0.0;157.1;7.7;0.0
0.0;157.1;7.0;0.0
0.0;157.1;6.6;0.0
0.0;157.1;6.0;0.0
0.0;157.1;5.5;0.0
50.0;157.1;5.0;0.0
0.0;157.1;6.6;0.0
0.0;157.1;5.0;0.0
0.0;157.1;5.5;0.0
0.0;157.1;7.0;0.0
0.0;157.1;6.6;0.0
0.0;157.1;5.0;0.0
352.0;202.4;6.6;0.0
400.0;160.6;5.0;0.0
131.0;161.3;3.3;0.0
228.9;161.3;0.0;0.0
520.0;161.3;3.0;0.0
0.0;161.3;0.0;0.0
0.0;161.3;1.0;0.0
0.0;161.3;0.0;0.0
0.0;161.3;13.0;0.0
0.0;161.3;0.0;0.0
0.0;161.3;7.0;0.0
0.0;161.3;0.0;0.0
0.0;161.3;6.0;0.0
0.0;161.3;0.0;0.0
0.0;161.3;6.0;0.0
0.0;161.3;0.0;0.0
0.0;161.3;4.0;0.0
0.0;161.3;0.0;0.0
0.0;161.3;6.0;0.0
0.0;161.3;0.0;0.0
0.0;161.3;5.0;0.0
501.0;161.3;2.0;0.0
509.0;161.3;11.0;0.0
296.0;161.3;0.0;0.0
0.0;161.3;0.0;0.0
0.0;161.3;2.0;0.0
0.0;161.3;0.0;0.0
0.0;161.3;26.0;0.0
0.0;161.3;0.0;0.0
0.0;161.3;14.0;0.0
0.0;161.3;0.0;0.0
50.0;161.3;10.0;0.0
0.0;161.3;0.0;0.0
0.0;161.3;8.0;0.0
0.0;161.3;1.1;0.0
0.0;161.3;10.0;0.0
0.0;161.3;0.0;0.0
0.0;161.3;11.0;0.0
0.0;161.3;0.0;0.0
0.0;161.3;8.0;0.0
0.0;161.3;0.0;0.0
546.0;161.3;7.0;0.0
199.0;161.3;0.0;0.0
147.0;161.3;6.0;0.0
530.0;386.3;541.0;40.0
0.0;1315.3;10822.0;0.0
1063.0;1318.3;10.5;4120.0
444.0;369.3;8.8;0.0
0.0;161.3;0.0;0.0
0.0;161.3;0.7;0.0
0.0;161.3;0.0;0.0
0.0;161.3;0.6;0.0
0.0;161.3;0.0;0.0
0.0;161.3;0.5;0.0
0.0;161.3;0.3;0.0
0.0;161.3;0.2;0.0
0.0;161.3;0.6;0.0
0.0;161.3;0.1;0.0
0.0;161.3;0.4;0.0
44.5;161.5;0.2;0.0
49.8;161.5;0.0;0.0
50.0;161.5;1.1;0.0
0.0;161.5;0.0;0.0
0.0;161.5;0.2;0.0
0.0;161.5;0.0;0.0
5.0;161.5;2.5;0.0
0.0;161.5;0.0;0.0
0.0;161.5;1.4;0.0
0.0;161.5;0.0;0.0
0.0;161.5;1.1;0.0
0.0;161.5;0.0;0.0
0.0;161.5;0.9;0.0
0.0;161.5;0.0;0.0
0.0;161.5;1.0;0.0
0.0;161.5;0.0;0.0
0.0;161.5;1.0;0.0
0.0;161.5;0.0;0.0
4.9;162.0;1.2;0.0
69.0;162.5;0.0;0.0
