98.9;231.6;288.1;0.0
85.0;185.7;251.5;0.0
215.8;245.9;452.3;0.0
319.9;296.9;125.6;0.0
273.9;156.7;424.6;0.0
0.0;156.7;0.0;0.0
0.0;156.7;0.1;0.0
0.0;156.7;0.0;0.0
0.0;156.7;2.2;0.0
0.0;156.7;0.0;0.0
0.0;156.7;0.7;0.0
0.0;156.7;0.0;0.0
0.0;156.7;0.5;0.0
0.0;156.7;0.0;0.0
0.0;156.7;1.5;0.0
0.0;156.7;0.0;0.0
55.0;156.7;2.6;0.0
0.0;156.7;0.0;0.0
0.0;156.7;5.0;0.0
0.0;156.7;7.7;0.0
0.0;156.7;5.0;0.0
0.0;156.7;0.0;0.0
276.0;194.7;6.0;0.0
524.0;194.7;0.0;0.0
496.0;196.7;0.0;0.0
499.0;203.7;2.1;0.0
0.0;203.7;0.0;0.0
0.0;203.7;6.7;0.0
0.0;203.7;0.0;0.0
352.0;160.5;2.2;0.0
545.6;160.5;0.0;0.0
548.9;160.7;0.0;0.0
541.2;161.5;3.3;0.0
0.0;161.5;0.0;0.0
0.0;161.5;1.1;0.0
0.0;161.5;0.0;0.0
0.0;161.5;14.3;0.0
0.0;161.5;0.0;0.0
0.0;161.5;7.7;0.0
0.0;161.5;0.0;0.0
0.0;161.5;0.0;0.0
0.0;161.5;6.6;0.0
0.0;161.5;13.0;0.0
0.0;161.5;5.5;0.0
0.0;161.5;0.0;0.0
0.0;161.5;2.5;0.0
0.0;161.5;0.0;0.0
0.0;161.5;1.5;0.0
0.0;161.5;0.0;0.0
436.7;161.7;0.5;0.0
550.0;161.7;0.0;0.0
606.1;161.9;6.1;0.0
0.0;161.9;0.0;0.0
0.0;161.9;3.2;0.0
0.0;161.9;0.0;0.0
0.0;161.9;22.5;0.0
0.0;161.9;0.0;0.0
330.0;161.9;9.4;0.0
490.0;161.9;0.0;0.0
574.0;161.9;5.6;0.0
0.0;161.9;5.5;0.0
0.0;161.9;2.4;0.0
0.0;161.9;5.5;0.0
0.0;161.9;21.5;0.0
0.0;161.9;5.5;0.0
0.0;161.9;8.6;0.0
55.0;161.9;5.5;0.0
52.8;162.4;4.8;0.0
766.7;162.9;5.5;0.0
0.0;162.9;9.0;0.0
328.9;196.9;160.6;44.0
519.2;415.8;429.8;0.0
489.5;1089.0;4805.9;0.0
540.1;1089.0;3519.4;0.0
576.4;1093.4;3941.7;0.0
550.0;1430.5;177.8;1452.0
200.7;1425.5;2.6;2112.0
502.0;1088.1;1.5;1188.0
