72.9;127.4;180.3;0.0
111.7;121.5;157.5;0.0
142.1;297.9;480.9;0.0
239.0;156.6;380.9;0.0
0.0;156.6;0.0;0.0
50.0;156.6;0.1;0.0
0.0;156.6;0.0;0.0
0.0;156.6;1.3;0.0
0.0;156.6;0.0;0.0
0.0;156.6;0.7;0.0
0.0;156.6;0.0;0.0
0.0;156.6;0.7;0.0
0.0;156.6;0.0;0.0
0.0;156.6;2.4;0.0
0.0;156.6;0.0;0.0
0.0;156.6;0.6;0.0
0.0;156.6;0.0;0.0
0.0;156.6;1.5;0.0
0.0;156.6;0.0;0.0
0.0;156.6;1.6;0.0
0.0;156.6;0.0;0.0
110.8;159.9;1.7;0.0
74.9;160.6;0.0;0.0
187.5;160.6;3.3;0.0
423.0;160.6;3.0;0.0
0.0;160.6;1.1;0.0
0.0;160.6;1.0;0.0
0.0;160.6;14.3;0.0
0.0;160.6;13.0;0.0
0.0;160.6;7.7;0.0
0.0;160.6;7.0;0.0
0.0;160.6;6.6;0.0
0.0;160.6;6.0;0.0
0.0;160.6;6.6;0.0
0.0;160.6;6.0;0.0
0.0;160.6;5.5;0.0
0.0;160.6;7.0;0.0
0.0;160.6;6.6;0.0
0.0;160.6;4.0;0.0
0.0;160.6;5.5;0.0
540.1;161.1;2.2;0.0
63.3;161.1;6.0;0.0
45.0;161.1;1.1;0.0
0.0;161.1;0.0;0.0
0.0;161.1;0.2;0.0
0.0;161.1;0.0;0.0
0.0;161.1;3.5;0.0
0.0;161.1;0.0;0.0
55.0;161.1;1.4;0.0
0.0;161.1;0.0;0.0
0.0;161.1;10.0;0.0
0.0;161.1;9.9;0.0
0.0;161.1;8.0;0.0
0.0;161.1;9.9;0.0
0.0;161.1;5.0;0.0
0.0;161.1;5.8;0.0
0.0;161.1;1.0;0.0
0.0;161.1;6.1;0.0
0.0;161.1;1.0;0.0
618.0;161.1;0.9;0.0
0.0;161.1;3.0;0.0
910.8;162.3;8.8;0.0
608.9;397.2;552.7;44.0
61.5;893.7;4635.7;40.0
82.0;552.7;1190.4;0.0
63.2;246.1;564.1;0.0
65.0;588.1;3764.0;748.0
69.5;277.1;1615.6;2112.0
81.0;277.1;2.6;872.0
49.8;1108.0;3.3;1740.0
