70.7;148.4;49.0;240.0
116.5;188.7;427.8;120.0
111.7;232.3;172.0;0.0
382.9;155.2;199.4;0.0
55.0;157.0;20.9;0.0
0.0;157.0;1.0;0.0
0.0;157.0;1.1;0.0
0.0;157.0;12.0;0.0
0.0;157.0;5.5;0.0
0.0;157.0;7.0;0.0
0.0;157.0;0.0;0.0
0.0;157.0;5.0;0.0
0.0;157.0;0.0;0.0
0.0;157.0;3.0;0.0
0.0;157.0;4.0;0.0
0.0;157.0;5.8;0.0
450.0;187.0;8.0;0.0
524.0;189.0;7.7;0.0
500.0;189.0;0.0;0.0
498.0;196.0;2.5;0.0
0.0;196.0;0.0;0.0
0.0;196.0;4.5;0.0
0.0;196.0;0.0;0.0
48.0;196.0;8.5;0.0
0.0;196.0;0.0;0.0
0.0;196.0;3.4;0.0
0.0;196.0;0.0;0.0
0.0;196.0;2.5;0.0
0.0;196.0;0.0;0.0
0.0;196.0;2.5;0.0
0.0;196.0;1.1;0.0
0.0;202.0;6.2;0.0
143.4;160.4;4.4;0.0
105.5;160.6;0.0;0.0
110.4;161.3;11.0;0.0
385.0;161.3;3.3;0.0
0.0;161.3;2.0;0.0
0.0;161.3;1.1;0.0
0.0;161.3;25.0;0.0
0.0;161.3;14.3;0.0
0.0;161.3;14.0;0.0
0.0;161.3;7.7;0.0
0.0;161.3;10.0;0.0
0.0;161.3;6.6;0.0
0.0;161.3;14.0;0.0
0.0;161.3;4.4;0.0
249.0;161.3;15.0;0.0
824.0;233.3;128.0;40.0
537.0;1317.3;11697.6;240.0
498.0;1320.3;4.0;1320.0
494.0;1320.3;1.5;1920.0
475.0;1015.3;7.0;1680.0
47.6;161.5;0.7;0.0
51.9;161.5;1.1;0.0
35.0;161.5;0.0;0.0
0.0;161.5;0.0;0.0
0.0;161.5;0.2;0.0
0.0;161.5;0.0;0.0
0.0;161.5;2.5;0.0
0.0;161.5;0.0;0.0
0.0;161.5;1.4;0.0
0.0;161.5;0.0;0.0
0.0;161.5;1.2;0.0
0.0;161.5;0.0;0.0
0.0;161.5;0.9;0.0
0.0;161.5;0.1;0.0
0.0;161.5;1.1;0.0
0.0;161.5;0.1;0.0
0.0;161.5;1.0;0.0
0.0;161.5;0.1;0.0
29.4;162.0;1.2;0.0
49.1;162.4;0.2;0.0
0.0;162.4;0.6;0.0
44.9;170.5;14.7;4.0
45.0;184.1;38.5;0.0
50.0;245.7;504.3;0.0
50.0;246.1;311.5;0.0
52.0;277.1;313.6;0.0
49.2;277.1;0.4;132.0
49.9;277.1;0.6;192.0
50.0;246.8;0.5;112.0
