138.6;334.7;493.0;4520.0
106.9;305.6;221.1;80.0
388.5;385.3;337.4;8320.0
573.9;336.5;197.4;5720.0
399.0;156.5;401.0;0.0
0.0;156.5;1.1;0.0
0.0;156.5;1.0;0.0
0.0;156.5;0.0;0.0
0.0;156.5;9.3;0.0
48.0;156.5;8.0;0.0
0.0;156.5;7.7;0.0
0.0;156.5;7.0;0.0
0.0;156.5;6.6;0.0
0.0;156.5;4.0;0.0
0.0;156.5;6.6;0.0
0.0;156.5;4.0;0.0
0.0;156.5;5.5;0.0
0.0;156.5;6.0;0.0
0.0;156.5;7.7;0.0
0.0;156.5;6.0;0.0
0.0;156.5;6.6;0.0
0.0;156.5;4.0;0.0
106.7;189.2;8.8;0.0
386.2;160.9;5.0;0.0
143.0;160.9;3.3;0.0
549.0;160.9;0.0;0.0
500.0;160.9;2.1;0.0
0.0;160.9;0.0;0.0
0.0;160.9;13.3;0.0
0.0;160.9;0.0;0.0
0.0;160.9;6.7;0.0
0.0;160.9;0.0;0.0
0.0;160.9;1.6;0.0
0.0;160.9;0.0;0.0
0.0;160.9;1.6;0.0
0.0;160.9;0.0;0.0
0.0;160.9;2.7;0.0
0.0;160.9;0.0;0.0
0.0;160.9;5.5;0.0
0.0;160.9;4.0;0.0
0.0;160.9;0.0;0.0
302.5;161.2;0.5;0.0
578.6;161.2;0.0;0.0
243.0;161.2;5.1;0.0
513.0;161.2;0.0;0.0
507.0;161.2;9.2;0.0
0.0;161.2;0.0;0.0
0.0;161.2;25.5;0.0
0.0;161.2;0.0;0.0
0.0;161.2;12.4;0.0
0.0;161.2;0.0;0.0
0.0;161.2;4.1;0.0
0.0;161.2;0.0;0.0
0.0;161.2;2.8;0.0
0.0;161.2;0.0;0.0
0.0;161.2;2.0;0.0
0.0;161.2;0.0;0.0
0.0;161.2;1.9;0.0
0.0;161.2;0.0;0.0
349.8;161.7;2.8;0.0
434.5;162.1;2.2;0.0
0.0;162.1;5.4;0.0
558.0;162.1;4.0;0.0
390.0;230.7;158.9;44.0
60.4;585.7;3151.3;40.0
91.6;276.9;2113.4;772.0
60.8;334.7;3.3;860.0
