90.8;193.9;329.4;0.0
54.8;199.0;98.0;0.0
124.8;371.1;131.8;0.0
150.9;287.9;276.6;0.0
100.0;180.5;218.0;40.0
79.0;193.6;85.0;0.0
160.0;177.4;25.3;0.0
450.0;161.4;171.6;0.0
81.0;161.8;0.0;0.0
50.0;161.8;0.0;0.0
470.4;161.8;8.0;0.0
2484.0;187.8;65.0;0.0
71.8;205.8;109.0;0.0
100.4;269.8;154.0;40.0
69.4;425.8;385.0;0.0
61.0;467.8;0.0;0.0
58.8;1143.8;86998.0;0.0
72.5;1143.8;3949.0;0.0
55.9;1143.8;31956.0;0.0
57.8;1143.8;37290.0;0.0
82.5;1143.8;37207.0;0.0
75.7;1144.8;39211.0;0.0
50.0;1459.8;19095.0;680.0
402.0;1156.8;19.0;5400.0
732.8;462.8;0.0;0.0
52.5;161.8;0.0;0.0
48.7;161.8;0.0;0.0
48.1;161.8;0.0;0.0
48.2;161.8;0.0;0.0
55.0;162.0;0.0;0.0
50.0;162.0;0.0;0.0
50.0;162.0;0.0;0.0
50.0;162.0;0.0;0.0
48.9;162.0;0.0;0.0
49.0;162.0;0.0;0.0
50.0;162.0;0.0;0.0
54.0;162.0;0.0;0.0
44.9;162.0;0.0;0.0
50.0;162.0;0.0;0.0
55.0;162.0;0.0;0.0
49.3;162.0;0.0;0.0
49.9;162.0;0.0;0.0
49.5;162.0;0.0;0.0
50.0;162.0;0.0;0.0
50.0;162.0;0.0;0.0
50.0;162.0;0.0;0.0
50.0;162.0;0.0;0.0
49.5;162.0;0.0;0.0
73.2;163.9;2.8;0.0
39.3;165.1;16.1;0.0
49.4;165.9;0.0;0.0
49.9;173.6;15.5;4.0
50.9;199.4;38.5;0.0
49.5;259.6;9746.3;0.0
49.9;259.6;327.4;0.0
49.4;259.6;346.8;0.0
52.9;259.6;347.8;0.0
50.0;259.6;351.0;0.0
49.0;259.6;371.9;0.0
49.9;259.6;348.3;0.0
48.2;259.6;354.2;0.0
49.7;259.6;363.4;0.0
53.8;259.6;386.8;0.0
50.0;259.6;349.8;0.0
49.0;259.6;359.2;0.0
48.4;259.6;388.9;0.0
49.8;259.6;375.3;0.0
49.0;259.6;401.8;0.0
50.0;259.6;376.8;0.0
53.0;259.6;381.3;0.0
50.0;259.6;354.5;0.0
50.0;259.6;337.7;0.0
50.0;259.6;362.9;0.0
50.0;259.6;370.5;0.0
49.1;259.6;367.3;0.0
49.5;259.6;360.2;0.0
50.0;259.6;334.6;0.0
50.0;259.6;366.5;0.0
50.0;259.6;348.9;0.0
52.6;259.6;396.8;0.0
50.0;259.6;364.8;0.0
47.5;259.6;380.8;0.0
53.4;259.6;387.4;0.0
50.0;259.6;365.2;0.0
50.0;259.6;368.0;0.0
49.4;259.6;376.6;0.0
49.7;259.6;375.2;0.0
48.6;259.6;397.0;0.0
54.2;259.6;365.2;0.0
50.0;259.6;384.2;0.0
47.0;259.6;411.8;0.0
49.8;259.6;380.6;0.0
49.0;259.6;405.2;0.0
54.2;259.6;398.0;0.0
49.9;259.6;413.0;0.0
50.0;259.6;398.6;0.0
50.0;291.1;278.7;0.0
50.0;291.1;1.0;324.0
50.0;291.1;0.6;192.0
50.0;260.9;0.5;96.0
