65.2;161.6;0.0;0.0
73.2;161.6;0.0;0.0
84.1;161.6;0.0;0.0
588.5;161.6;1.0;0.0
1800.3;183.6;45.0;0.0
130.5;200.6;136.0;0.0
113.2;214.6;148.0;40.0
49.9;406.8;391.0;0.0
60.7;445.8;0.0;0.0
79.0;472.5;7.7;0.0
210.5;798.9;3753.0;0.0
266.9;798.9;14616.0;0.0
500.0;800.9;14256.0;0.0
544.0;800.9;14449.0;0.0
476.0;800.9;15008.0;0.0
500.0;800.9;14341.0;0.0
515.0;803.9;10269.0;0.0
500.0;1117.9;517.0;0.0
499.0;1117.9;3433.0;0.0
486.0;1117.9;3597.0;0.0
500.0;1117.9;3584.0;0.0
493.0;1117.9;3350.0;0.0
498.0;1117.9;3404.0;0.0
500.0;1117.9;3487.0;0.0
500.0;1117.9;3357.0;0.0
504.0;1117.9;4004.0;0.0
500.0;1117.9;3344.0;0.0
526.0;1117.9;3712.0;0.0
498.0;1117.9;3632.0;0.0
499.0;1117.9;3426.0;0.0
500.0;1117.9;3497.0;0.0
492.0;1117.9;3433.0;0.0
484.0;1117.9;4323.0;0.0
522.0;1117.9;3903.0;0.0
500.0;1117.9;3430.0;0.0
489.0;1117.9;3828.0;0.0
540.0;1117.9;3661.0;0.0
498.0;1117.9;3498.0;0.0
496.0;1117.9;3362.0;0.0
500.0;1117.9;3557.0;0.0
487.0;1117.9;4186.0;0.0
499.0;1117.9;3566.0;0.0
500.0;1117.9;3443.0;0.0
500.0;1117.9;3508.0;0.0
500.0;1117.9;3457.0;0.0
500.0;1117.9;3673.0;0.0
527.0;1117.9;3803.0;0.0
500.0;1117.9;3707.0;0.0
471.0;1117.9;4171.0;0.0
499.0;1117.9;3764.0;0.0
542.0;1117.9;3907.0;0.0
497.0;1118.9;3777.0;0.0
478.0;1118.9;3729.0;0.0
500.0;1118.9;3785.0;0.0
515.0;1118.9;4074.0;0.0
476.0;1118.9;4365.0;0.0
500.0;1118.9;3809.0;0.0
489.0;1118.9;3972.0;0.0
541.0;1118.9;3948.0;0.0
500.0;1118.9;3658.0;0.0
484.0;1118.9;4235.3;0.0
235.5;1103.6;3942.9;0.0
50.0;1088.3;4030.2;44.0
66.0;1229.5;581.9;1320.0
99.5;1203.4;10.0;3200.0
78.6;1173.7;4.0;1280.0
90.7;259.3;97587.9;240.0
50.5;259.3;3522.2;0.0
49.9;259.3;3676.2;0.0
49.6;259.3;3619.4;0.0
50.0;259.4;3839.2;0.0
50.2;290.6;2094.1;0.0
50.1;264.1;2.1;608.0
47.6;198.8;0.0;0.0
