94.5;207.8;340.4;0.0
193.9;232.9;85.8;0.0
162.8;243.2;418.9;0.0
269.9;298.4;126.8;0.0
97.8;158.1;372.9;0.0
151.0;180.1;22.0;0.0
437.4;159.9;125.0;0.0
453.0;176.9;11.2;0.0
499.0;176.9;94.6;0.0
232.7;161.1;85.8;0.0
188.7;161.1;0.0;0.0
71.4;161.1;0.0;0.0
109.0;161.1;0.0;0.0
61.3;161.1;3.0;0.0
224.8;188.1;25.0;0.0
297.8;198.4;164.0;0.0
49.8;203.4;0.0;0.0
59.4;411.4;539.0;40.0
55.0;435.4;0.0;0.0
76.0;466.4;0.0;0.0
99.5;681.4;0.0;0.0
58.0;1136.4;89659.0;0.0
500.0;1131.0;36181.8;0.0
1679.1;1124.2;36975.9;0.0
350.8;1124.2;4018.0;0.0
298.8;1108.0;5907.8;0.0
75.4;1105.3;5472.0;0.0
102.6;916.3;3650.1;44.0
67.9;541.9;77995.4;0.0
59.5;259.2;9201.5;0.0
57.6;573.2;26147.4;0.0
83.8;576.2;41148.2;5160.0
84.2;935.4;43053.4;960.0
44.1;259.4;347.8;0.0
51.0;259.4;413.2;0.0
47.6;259.4;440.1;0.0
54.6;259.4;412.5;0.0
50.0;259.4;412.6;0.0
50.0;290.9;77.5;132.0
50.0;290.9;1.2;384.0
49.1;290.9;0.2;64.0
48.7;260.6;0.3;40.0
