107.9;314.6;1221.5;0.0
178.1;510.9;552.5;0.0
396.2;341.0;589.2;0.0
67.8;180.5;402.4;0.0
316.6;178.9;118.3;0.0
424.3;161.1;169.4;0.0
116.5;161.1;0.0;0.0
130.0;161.1;0.0;0.0
84.5;161.4;0.0;0.0
80.1;161.4;0.0;0.0
67.0;161.4;0.0;0.0
55.0;161.4;0.0;0.0
52.3;161.4;0.0;0.0
48.9;162.0;3.3;0.0
282.9;163.5;179.3;0.0
99.8;196.0;17.6;0.0
67.5;465.5;598.4;44.0
57.4;1230.0;99572.0;0.0
102.7;1230.0;4852.1;0.0
64.6;1230.0;4329.6;0.0
50.1;1230.0;29821.0;0.0
71.6;1230.0;3968.8;0.0
50.2;1230.0;36803.8;0.0
59.8;1230.0;41245.6;0.0
70.1;1229.2;43412.6;0.0
62.2;1573.5;17801.3;0.0
62.5;1242.4;23.1;6732.0
