79.0;251.5;944.3;0.0
418.9;359.6;402.8;0.0
416.9;333.8;203.2;1280.0
50.0;158.1;444.4;1408.0
71.9;176.8;22.0;0.0
394.0;160.7;2.0;0.0
0.0;160.7;0.0;0.0
0.0;160.7;137.0;0.0
550.0;160.7;0.0;0.0
480.0;160.7;0.0;0.0
474.0;160.7;0.0;0.0
529.0;160.7;0.0;0.0
484.0;160.7;0.0;0.0
525.0;160.7;0.0;0.0
502.0;160.7;0.0;0.0
495.0;160.7;0.0;0.0
510.0;160.7;0.0;0.0
494.0;160.7;0.0;0.0
496.0;160.7;0.0;0.0
490.0;160.7;0.0;0.0
497.0;160.7;0.0;0.0
535.0;160.7;0.0;0.0
460.0;160.7;0.0;0.0
523.0;160.7;0.0;0.0
486.0;160.7;0.0;0.0
500.0;160.7;0.0;0.0
518.0;160.7;0.0;0.0
499.0;160.7;0.0;0.0
481.0;160.7;0.0;0.0
490.0;160.7;0.0;0.0
483.0;160.7;0.0;0.0
499.0;160.7;0.0;0.0
484.0;160.7;0.0;0.0
536.0;160.7;0.0;0.0
500.0;160.7;0.0;0.0
470.0;160.7;0.0;0.0
494.0;160.7;0.0;0.0
524.0;160.7;0.0;0.0
497.0;160.7;0.0;0.0
495.0;160.7;0.0;0.0
518.0;160.7;0.0;0.0
493.0;160.7;0.0;0.0
492.0;160.7;0.0;0.0
521.0;160.7;0.0;0.0
599.0;192.7;27.0;0.0
648.0;195.7;130.0;0.0
405.0;212.7;27.0;0.0
477.0;340.7;174.0;40.0
498.0;834.7;87055.0;0.0
505.0;1151.7;32261.0;0.0
449.0;1151.7;2780.0;0.0
491.0;1151.7;3942.0;0.0
514.0;1151.7;3612.0;0.0
505.0;1151.7;4604.0;0.0
514.0;1151.7;4379.0;0.0
496.0;1151.7;3679.2;0.0
489.0;1151.7;3730.0;0.0
490.0;1151.7;4017.9;0.0
156.0;1140.0;4323.8;0.0
54.9;1140.0;4417.0;0.0
69.5;1140.0;3974.0;0.0
69.0;1140.0;3776.0;0.0
86.0;1140.0;3858.0;0.0
50.0;1140.0;3534.0;0.0
110.3;1140.0;3708.0;0.0
78.9;1140.0;3590.0;0.0
82.0;1140.0;3858.0;0.0
65.0;1140.0;4682.0;0.0
50.0;1140.0;4428.0;0.0
64.0;1140.0;3830.0;0.0
91.6;1140.0;3848.0;0.0
49.0;1140.0;4712.0;0.0
100.5;1141.0;3834.0;0.0
50.0;1141.0;4412.0;0.0
68.0;1141.0;4896.0;0.0
114.9;1141.0;3744.0;0.0
55.5;1141.0;4485.0;0.0
49.7;1141.0;4179.0;0.0
102.0;1141.0;4114.0;0.0
91.5;1141.0;4200.0;0.0
49.3;1141.0;3790.0;0.0
56.0;1141.0;4290.0;0.0
69.0;1138.3;5442.0;0.0
66.5;1453.3;1944.0;280.0
64.0;1453.3;15.0;4880.0
72.0;1453.3;2.0;640.0
84.0;1150.3;3.0;360.0
50.0;162.3;0.0;0.0
49.9;162.3;0.0;0.0
47.9;162.3;0.0;0.0
53.2;162.3;0.0;0.0
45.0;162.3;0.0;0.0
50.0;162.3;0.0;0.0
51.1;162.3;0.0;0.0
49.9;162.3;0.0;0.0
55.0;162.3;0.0;0.0
50.0;162.3;0.0;0.0
49.9;162.3;0.0;0.0
49.6;162.3;0.0;0.0
59.1;164.2;2.7;0.0
