90.9;99.9;63.2;0.0
50.0;112.7;126.8;0.0
84.8;138.2;97.8;0.0
95.0;157.5;40.4;0.0
120.1;158.6;0.0;0.0
72.9;160.4;2.0;0.0
134.9;160.4;12.9;0.0
85.4;161.8;9.1;0.0
73.2;161.8;0.0;0.0
50.0;161.8;0.0;0.0
73.9;161.8;0.0;0.0
66.4;161.8;0.0;0.0
75.8;161.8;0.0;0.0
122.0;161.8;0.0;0.0
55.1;161.8;0.0;0.0
59.7;161.8;0.0;0.0
96.1;161.8;0.0;0.0
81.0;161.8;0.0;0.0
58.9;161.8;0.0;0.0
72.0;161.8;0.0;0.0
55.0;161.8;0.0;0.0
62.2;161.8;0.0;0.0
79.5;161.8;0.0;0.0
74.6;161.8;0.0;0.0
59.9;161.8;0.0;0.0
59.9;161.8;0.0;0.0
64.9;162.0;0.0;0.0
98.9;162.0;0.0;0.0
49.8;162.0;0.0;0.0
113.6;162.0;0.0;0.0
55.0;162.0;0.0;0.0
71.6;162.0;0.0;0.0
65.9;162.0;0.0;0.0
59.7;162.0;0.0;0.0
49.5;162.0;0.0;0.0
66.0;162.0;0.0;0.0
53.3;162.0;0.0;0.0
49.8;162.0;0.0;0.0
75.2;162.0;0.0;0.0
50.1;162.0;0.0;0.0
83.5;162.0;0.0;0.0
64.5;162.0;0.0;0.0
230.7;180.8;29.7;0.0
71.4;185.2;159.5;0.0
521.0;185.2;0.0;0.0
484.0;185.2;0.0;0.0
357.8;199.8;9.9;0.0
277.0;165.8;28.0;0.0
252.0;406.5;434.9;44.0
125.1;415.7;1.0;0.0
88.6;237.8;547.0;40.0
49.9;520.9;44888.0;0.0
56.5;550.7;53506.2;0.0
50.0;550.7;24497.5;0.0
50.0;549.8;24787.0;0.0
71.5;550.8;25144.4;0.0
50.0;863.8;21375.3;0.0
79.9;865.8;16789.0;2600.0
109.0;860.4;2957.6;2560.0
65.0;580.5;2595.1;640.0
64.0;851.5;3743.6;160.0
48.7;259.5;376.2;0.0
50.0;259.5;342.0;0.0
50.0;259.5;341.8;0.0
50.0;259.5;335.8;0.0
53.4;259.5;369.6;0.0
49.9;259.5;394.6;0.0
50.0;259.5;340.6;0.0
48.1;259.5;357.2;0.0
50.0;259.5;369.0;0.0
44.8;259.5;349.8;0.0
52.4;259.5;363.6;0.0
50.6;259.5;386.2;0.0
49.1;259.5;421.8;0.0
50.0;259.5;370.2;0.0
55.0;259.5;402.2;0.0
49.1;259.5;377.6;0.0
48.2;259.5;383.0;0.0
51.5;259.5;378.0;0.0
47.6;259.5;367.8;0.0
51.9;259.5;419.6;0.0
50.0;259.5;369.5;0.0
48.5;259.5;408.7;0.0
47.8;259.5;365.6;0.0
52.1;259.5;410.6;0.0
49.8;259.5;364.2;0.0
52.8;259.5;380.2;0.0
49.8;259.5;414.5;0.0
48.1;259.5;376.1;0.0
51.3;259.5;439.4;0.0
52.0;259.5;410.0;0.0
48.5;259.5;363.4;0.0
49.0;259.5;377.2;0.0
54.5;259.5;418.8;0.0
46.1;259.5;414.0;0.0
49.5;259.5;383.4;0.0
50.0;259.5;394.4;0.0
53.9;259.5;388.0;0.0
48.0;259.5;404.6;0.0
52.5;259.5;411.6;0.0
