91.2;100.8;105.9;0.0
99.6;139.6;140.8;0.0
112.5;139.0;62.4;0.0
97.7;158.3;40.4;0.0
108.7;158.8;0.0;0.0
192.0;160.2;26.2;0.0
344.8;161.6;154.0;0.0
555.5;161.6;0.0;0.0
544.5;161.8;0.0;0.0
544.5;161.8;0.0;0.0
534.6;161.8;0.0;0.0
556.6;161.8;0.0;0.0
8.8;184.5;11.0;0.0
4063.4;198.8;41.8;0.0
418.0;217.5;141.9;0.0
559.9;220.8;0.0;0.0
493.9;448.5;592.9;44.0
546.7;468.3;0.0;0.0
595.1;505.7;0.0;0.0
541.2;547.5;0.0;0.0
550.0;899.5;11481.8;0.0
547.8;899.5;15318.6;0.0
550.0;902.8;15147.0;0.0
548.9;902.8;15143.7;0.0
539.0;902.8;15351.6;0.0
534.6;902.8;15694.8;0.0
563.2;906.1;7595.5;0.0
524.7;1251.5;1576.3;0.0
584.1;1251.5;3811.5;0.0
574.2;1251.5;4154.7;0.0
495.0;1251.5;3743.3;0.0
539.0;1251.5;3730.1;0.0
594.0;1251.5;3806.0;0.0
556.6;1251.5;4083.2;0.0
546.7;1251.5;3856.6;0.0
543.4;1251.5;3759.8;0.0
548.9;1251.5;3814.8;0.0
572.0;1251.5;4010.6;0.0
548.9;1251.5;4202.0;0.0
540.1;1251.5;4281.2;0.0
550.0;1251.5;3899.5;0.0
544.5;1251.5;4066.7;0.0
546.7;1251.5;3973.2;0.0
495.6;1251.5;3954.8;0.0
487.9;1240.5;3862.4;0.0
95.5;1237.5;4195.4;0.0
66.2;1237.5;4441.8;0.0
50.0;1237.5;3995.2;0.0
77.0;1237.5;4290.0;0.0
55.0;1237.5;4070.0;0.0
50.0;1237.5;3987.5;0.0
84.1;1237.5;3906.1;0.0
49.6;1237.5;3896.2;0.0
50.0;1237.5;3703.7;0.0
85.0;1237.5;3835.7;0.0
55.0;1237.5;4052.4;0.0
50.0;1237.5;3858.8;0.0
78.8;1237.5;4334.0;0.0
74.5;1237.5;4298.8;0.0
61.0;1237.5;4048.0;0.0
49.3;1237.5;4305.4;0.0
61.4;1237.5;4372.5;0.0
50.0;1237.5;3943.5;0.0
60.8;1237.5;4560.6;0.0
59.0;1237.5;4152.5;0.0
80.0;1237.5;4181.1;0.0
50.1;1237.5;4657.4;0.0
49.4;1237.5;4285.6;0.0
56.3;1237.5;4345.0;0.0
58.0;1237.5;4067.8;0.0
58.0;1234.5;4488.0;0.0
60.8;1234.5;4483.6;0.0
87.0;1234.5;4645.3;0.0
67.0;1582.1;510.4;2156.0
59.0;1582.1;11.0;3520.0
96.4;1582.1;2.2;704.0
97.0;1247.7;3.3;308.0
