68.7;120.6;145.0;0.0
49.6;173.3;110.9;0.0
214.5;339.7;445.3;0.0
94.9;158.4;404.0;0.0
179.9;176.1;24.2;0.0
365.9;160.1;132.9;0.0
257.6;161.5;124.8;0.0
141.2;161.5;18.0;0.0
88.9;161.5;0.0;0.0
89.6;161.5;0.0;0.0
59.8;161.5;0.0;0.0
49.9;161.5;0.0;0.0
49.9;161.8;0.0;0.0
69.8;161.8;0.0;0.0
69.7;161.8;0.0;0.0
56.6;161.8;0.0;0.0
49.9;162.5;1.1;0.0
267.5;184.8;28.6;0.0
432.0;184.8;1.1;0.0
324.5;201.3;181.5;0.0
48.6;204.6;0.0;0.0
49.9;418.0;583.0;44.0
49.1;446.6;0.0;0.0
50.0;489.5;0.0;0.0
49.5;531.3;0.0;0.0
82.8;883.3;10773.4;0.0
126.4;883.3;15750.9;0.0
134.0;885.5;16688.1;0.0
50.0;885.5;15499.0;0.0
49.8;885.5;15588.1;0.0
56.7;885.5;15585.9;0.0
61.9;889.1;5484.6;0.0
74.1;1231.2;2245.1;0.0
50.5;1231.2;4485.8;0.0
66.0;1231.2;3902.8;0.0
91.8;1231.2;3748.8;0.0
49.6;1231.2;3733.4;0.0
59.9;1231.2;4167.9;0.0
56.6;1231.2;4519.9;0.0
58.9;1231.2;4455.0;0.0
59.9;1231.2;3983.1;0.0
62.6;1231.2;3928.1;0.0
97.1;1231.2;4411.0;0.0
85.6;1231.2;3667.4;0.0
63.5;1231.2;4804.8;0.0
84.1;1231.2;4169.0;0.0
77.0;1231.2;4325.2;0.0
89.6;1229.2;3940.2;0.0
332.8;1210.2;4505.1;0.0
56.0;1193.2;3887.1;0.0
70.9;1145.2;4476.0;40.0
65.1;980.2;3715.8;0.0
92.7;951.2;4041.4;0.0
80.8;920.2;4235.0;0.0
57.2;575.2;2901.8;0.0
89.0;572.2;11136.8;0.0
100.0;572.2;11179.0;0.0
61.2;571.2;10546.0;0.0
68.9;571.2;11624.7;0.0
50.5;571.2;10613.4;0.0
58.0;571.2;10672.7;0.0
49.6;259.2;3796.0;0.0
96.2;259.2;542.6;0.0
50.0;259.2;1465.6;0.0
74.4;259.3;709.8;0.0
71.7;259.3;1366.1;0.0
92.7;259.3;1099.9;0.0
50.0;259.3;649.0;0.0
49.7;259.3;521.6;0.0
51.6;259.3;929.4;0.0
98.8;259.3;1121.4;0.0
49.9;259.3;1244.8;0.0
49.0;259.3;437.8;0.0
50.0;259.3;1126.6;0.0
91.8;259.3;1365.2;0.0
135.9;260.6;1395.1;0.0
73.0;602.8;4048.6;2860.0
67.9;602.8;3966.8;2816.0
71.6;602.8;3596.2;704.0
50.0;490.0;3895.3;264.0
