107.0;110.6;219.6;600.0
127.5;199.1;163.6;0.0
185.4;344.0;241.3;0.0
156.0;196.7;459.4;0.0
69.4;175.7;5.9;0.0
351.9;160.1;111.1;0.0
307.6;161.5;147.4;0.0
70.1;161.5;0.0;0.0
57.1;161.5;0.0;0.0
66.4;161.5;0.0;0.0
65.2;161.8;0.0;0.0
63.5;161.8;0.0;0.0
91.0;161.8;0.0;0.0
74.8;161.8;0.0;0.0
62.6;162.4;3.3;0.0
256.3;183.7;129.8;0.0
160.6;203.5;64.9;0.0
66.0;257.4;160.6;44.0
48.5;438.9;423.5;0.0
50.0;468.6;0.0;0.0
71.0;499.4;0.0;0.0
54.4;706.2;0.0;0.0
50.0;885.7;14500.2;0.0
64.0;885.7;15367.0;0.0
71.2;887.9;15433.0;0.0
50.0;887.9;15362.6;0.0
88.0;887.9;15060.1;0.0
114.6;887.9;16329.5;0.0
68.5;894.5;3346.2;0.0
50.0;1236.6;2324.3;0.0
117.8;1236.6;4193.2;0.0
50.0;1236.6;4142.6;0.0
76.0;1236.6;3567.3;0.0
49.9;1236.6;3785.1;0.0
71.0;1236.6;3671.8;0.0
49.7;1236.6;3931.4;0.0
84.0;1236.6;3943.5;0.0
55.1;1236.6;3892.9;0.0
82.0;1218.6;4054.0;0.0
260.3;1216.6;3934.2;0.0
172.4;1198.6;3896.7;0.0
58.5;569.6;84218.9;40.0
49.9;259.6;31391.0;0.0
68.5;259.6;33550.4;0.0
56.9;259.6;33397.6;0.0
50.0;259.6;35234.8;0.0
50.0;571.6;18907.4;0.0
49.2;576.6;3969.8;3240.0
155.9;576.6;3989.2;1920.0
118.0;497.6;3904.4;1040.0
59.0;937.6;3894.0;0.0
48.3;259.6;385.8;0.0
50.0;259.6;368.0;0.0
50.0;259.6;357.8;0.0
50.0;259.6;344.8;0.0
49.2;259.6;359.4;0.0
49.9;259.6;354.9;0.0
53.8;259.6;377.3;0.0
50.0;259.6;364.6;0.0
49.9;259.6;365.4;0.0
47.0;259.6;389.8;0.0
50.0;259.6;386.6;0.0
50.0;259.6;371.8;0.0
53.4;259.7;389.4;0.0
50.0;259.7;379.4;0.0
49.5;259.7;372.9;0.0
49.1;259.7;388.7;0.0
50.0;259.7;388.4;0.0
49.8;259.7;382.4;0.0
50.0;259.7;398.4;0.0
50.0;259.7;397.6;0.0
50.0;259.7;374.0;0.0
53.3;259.7;430.8;0.0
50.0;259.7;404.1;0.0
48.2;291.0;373.4;0.0
50.0;291.3;0.8;260.0
49.5;291.3;0.8;256.0
50.0;291.3;0.2;64.0
50.0;261.0;0.3;36.0
