101.0;156.8;315.1;0.0
192.9;221.5;143.8;0.0
243.9;300.7;248.2;0.0
58.0;158.4;425.4;0.0
134.0;158.6;42.0;0.0
174.6;160.3;115.0;0.0
227.9;160.3;104.5;0.0
163.8;161.8;75.9;0.0
60.6;161.8;0.0;0.0
77.9;161.8;14.0;0.0
343.2;179.8;32.0;0.0
92.0;197.8;136.0;0.0
63.8;222.8;157.0;40.0
84.1;409.8;385.0;0.0
70.0;447.8;0.0;0.0
53.4;482.8;0.0;0.0
47.5;820.8;8719.0;0.0
50.0;820.8;14193.0;0.0
80.0;821.8;15345.0;0.0
69.0;819.1;19586.0;0.0
61.6;819.1;15793.0;0.0
68.5;823.1;13248.0;0.0
67.0;1136.1;845.0;0.0
48.0;1136.1;3990.0;0.0
58.0;1136.1;4528.0;0.0
52.9;1136.1;4854.0;0.0
59.0;1136.1;15522.0;0.0
64.5;1136.1;37302.0;0.0
70.0;1136.1;3316.0;0.0
82.4;1136.1;3926.0;0.0
89.0;1136.1;3675.0;0.0
80.0;1136.1;4059.0;0.0
57.2;1136.1;4164.0;0.0
74.0;1136.1;3992.0;0.0
57.6;1136.1;3586.0;0.0
51.4;1136.1;3933.0;0.0
65.0;1136.1;4297.0;0.0
272.0;1117.2;3561.8;0.0
118.6;1105.5;3871.3;0.0
59.5;1099.2;3696.0;0.0
131.7;912.0;3816.8;44.0
48.8;866.2;4726.0;0.0
88.4;838.3;3866.0;0.0
50.1;259.9;93845.1;0.0
50.5;259.9;34731.8;0.0
49.4;259.9;2589.6;0.0
83.2;259.9;2824.6;0.0
50.6;259.9;24409.0;0.0
49.9;259.9;36816.0;0.0
49.9;259.9;558.0;0.0
89.3;259.9;870.4;0.0
60.0;259.9;891.0;0.0
60.0;569.0;371.6;0.0
69.0;572.0;4225.0;3240.0
61.9;572.0;3978.4;2560.0
90.5;260.0;4185.8;360.0
48.9;260.0;388.0;0.0
49.9;260.0;382.4;0.0
49.5;260.0;382.2;0.0
51.9;260.0;413.4;0.0
50.0;260.0;358.9;0.0
50.0;260.0;406.1;0.0
49.9;260.0;409.6;0.0
51.6;276.1;406.3;0.0
47.9;291.5;2.6;260.0
50.0;291.5;0.8;256.0
49.9;291.5;0.2;64.0
48.8;261.2;0.3;32.0
