104.9;117.5;142.6;0.0
146.0;151.3;188.4;0.0
84.7;138.4;88.2;0.0
127.0;157.8;40.4;0.0
59.4;158.4;0.0;0.0
114.6;160.1;3.3;0.0
64.9;161.5;37.4;0.0
161.6;161.6;21.0;0.0
50.0;161.6;0.0;0.0
49.6;161.6;0.0;0.0
50.0;161.6;0.0;0.0
72.6;161.6;0.0;0.0
71.8;161.6;7.0;0.0
240.8;184.6;40.0;0.0
157.0;202.6;139.0;0.0
58.5;224.6;155.0;40.0
111.0;414.6;385.0;0.0
74.2;441.6;0.0;0.0
70.0;474.6;0.0;0.0
127.2;821.6;1057.0;0.0
59.0;825.6;13965.0;0.0
49.9;825.6;13813.0;0.0
96.9;826.6;14054.0;0.0
81.1;826.6;15338.0;0.0
50.0;826.6;15395.0;0.0
50.0;826.6;13236.0;0.0
62.8;1056.6;0.0;0.0
96.9;1143.6;3135.0;0.0
75.2;1143.6;3430.0;0.0
64.9;1143.6;3710.0;0.0
57.2;1143.6;3246.0;0.0
77.6;1140.9;3540.0;0.0
72.0;1140.9;3308.0;0.0
106.7;1140.9;3531.0;0.0
65.8;1140.9;3759.0;0.0
69.8;1140.9;3458.0;0.0
69.8;1140.9;3414.0;0.0
63.2;1140.9;3686.0;0.0
50.0;1140.9;3474.0;0.0
55.3;1140.9;3413.0;0.0
104.9;1140.9;3549.0;0.0
81.0;1140.9;3977.0;0.0
49.9;1140.9;3697.0;0.0
50.0;1140.9;3684.0;0.0
59.9;1140.9;3660.0;0.0
102.7;1140.9;3490.0;0.0
95.9;1140.9;4108.0;0.0
68.0;1139.1;3592.0;0.0
272.0;1122.0;3467.7;0.0
219.9;1122.0;3759.0;0.0
498.0;1122.0;3685.0;0.0
445.0;1122.0;3306.0;0.0
520.0;1122.0;3708.0;0.0
520.0;1122.0;3716.0;0.0
500.0;1122.0;3664.0;0.0
491.0;1122.0;3782.0;0.0
500.0;1122.0;3622.0;0.0
495.0;1122.0;3634.0;0.0
487.0;1122.0;3744.0;0.0
499.0;1122.0;3858.0;0.0
490.0;1124.0;3684.0;0.0
499.0;1124.0;3732.0;0.0
499.0;1124.0;3761.0;0.0
536.0;1124.0;3819.0;0.0
477.0;1124.0;3918.0;0.0
548.0;1124.0;3921.0;0.0
484.0;1124.0;3969.0;0.0
500.0;1124.0;3910.0;0.0
494.0;1124.0;3976.0;0.0
500.0;1124.0;3740.0;0.0
500.0;1124.0;4108.0;0.0
500.0;1124.0;4104.0;0.0
510.0;1408.0;3857.0;0.0
490.0;1439.0;24.0;1960.0
490.0;1439.0;10.0;3200.0
514.0;1439.0;2.0;640.0
490.0;1136.0;3.0;360.0
0.0;164.0;0.0;0.0
0.0;164.0;0.0;0.0
0.0;164.0;0.0;0.0
0.0;164.0;0.0;0.0
0.0;164.0;0.0;0.0
0.0;164.0;0.0;0.0
0.0;164.0;0.0;0.0
0.0;164.0;0.0;0.0
0.0;164.0;0.0;0.0
0.0;164.0;0.0;0.0
0.0;164.0;0.0;0.0
0.0;164.0;0.0;0.0
0.0;164.0;0.0;0.0
0.0;164.0;0.0;0.0
0.0;164.0;0.0;0.0
0.0;164.0;0.0;0.0
0.0;164.0;0.0;0.0
0.0;164.0;0.0;0.0
0.0;164.0;0.0;0.0
0.0;164.0;0.0;0.0
0.0;164.0;0.0;0.0
0.0;164.0;2.0;0.0
14.3;165.5;13.7;0.0
