98.9;208.7;352.6;0.0
50.0;204.8;218.0;0.0
322.1;238.9;474.6;0.0
288.0;309.7;120.5;0.0
50.0;158.3;399.3;0.0
122.0;178.5;22.0;0.0
417.0;160.3;123.3;0.0
310.8;161.5;151.4;0.0
72.0;161.6;0.0;0.0
49.2;161.6;0.0;0.0
84.4;161.6;0.0;0.0
50.0;161.6;0.0;0.0
60.0;161.6;0.0;0.0
59.9;161.6;0.0;0.0
85.4;161.6;0.0;0.0
62.6;161.6;0.0;0.0
61.0;161.6;0.0;0.0
50.0;161.6;0.0;0.0
49.6;161.6;0.0;0.0
87.0;161.6;0.0;0.0
84.1;161.6;0.0;0.0
75.0;161.6;0.0;0.0
94.0;161.6;0.0;0.0
50.0;161.6;0.0;0.0
87.0;161.6;0.0;0.0
49.5;161.6;0.0;0.0
63.5;161.6;0.0;0.0
66.2;161.6;0.0;0.0
105.0;161.6;0.0;0.0
62.0;161.6;0.0;0.0
49.2;161.6;0.0;0.0
50.0;161.6;0.0;0.0
50.0;161.9;0.0;0.0
49.9;161.9;0.0;0.0
66.2;161.9;0.0;0.0
50.0;161.9;0.0;0.0
50.0;161.9;0.0;0.0
84.1;161.9;0.0;0.0
95.0;161.9;0.0;0.0
81.0;161.9;0.0;0.0
103.9;161.9;0.0;0.0
50.0;161.9;0.0;0.0
49.2;161.9;0.0;0.0
76.5;161.9;0.0;0.0
103.9;161.9;0.0;0.0
49.5;161.9;0.0;0.0
54.9;161.9;0.0;0.0
90.7;161.9;0.0;0.0
299.0;179.7;28.0;0.0
490.9;181.9;122.8;0.0
172.0;188.1;183.7;0.0
92.2;380.7;532.0;40.0
50.0;327.7;159.5;44.0
57.7;580.7;36914.9;0.0
100.5;882.4;79423.3;0.0
75.5;572.4;27290.4;0.0
52.5;570.4;9948.6;0.0
57.7;568.4;20921.8;0.0
190.5;568.4;10707.4;0.0
69.8;568.4;8530.8;0.0
73.4;568.4;16038.4;0.0
63.2;904.4;41270.5;0.0
79.5;602.9;2348.4;3564.0
63.5;602.9;3398.8;2816.0
70.9;873.5;3609.3;352.0
