51.0;230.3;294.3;0.0
156.0;185.8;259.7;0.0
325.7;238.6;468.8;0.0
265.0;299.3;113.3;0.0
95.9;158.3;390.5;0.0
131.8;176.4;22.0;0.0
489.0;160.1;85.1;0.0
357.5;161.5;116.6;0.0
60.6;161.6;0.0;0.0
49.6;161.6;0.0;0.0
83.3;161.6;0.0;0.0
62.1;161.6;0.0;0.0
293.9;182.9;28.0;0.0
203.0;198.9;150.0;0.0
519.0;196.7;8.8;0.0
1734.8;811.0;87310.4;40.0
290.6;1103.8;2568.8;0.0
55.9;1096.6;5304.5;44.0
63.8;916.6;3607.6;0.0
47.6;895.0;4202.0;0.0
70.5;862.6;3650.0;0.0
86.4;548.5;576.4;0.0
80.0;546.7;11062.0;0.0
69.4;546.7;12723.1;0.0
75.1;546.7;13632.1;0.0
74.4;546.7;12754.3;0.0
68.0;546.7;12021.2;0.0
58.0;542.2;4983.1;0.0
74.3;259.6;2657.0;0.0
63.0;259.6;1519.2;0.0
65.6;259.6;858.3;0.0
55.5;259.6;1165.0;0.0
86.9;259.6;2060.0;0.0
115.6;259.6;1989.4;0.0
65.9;259.6;1229.6;0.0
64.7;259.6;731.2;0.0
62.3;259.6;1195.2;0.0
49.9;259.6;500.4;0.0
65.2;259.6;740.4;0.0
96.7;259.6;1039.0;0.0
95.9;259.6;1458.4;0.0
100.3;259.6;1886.5;0.0
55.9;259.6;2004.3;0.0
79.5;259.6;921.0;0.0
54.3;259.6;1862.0;0.0
119.9;259.6;1256.6;0.0
49.0;259.6;3519.4;0.0
56.5;259.6;1235.5;0.0
60.0;259.6;32022.5;0.0
49.5;259.6;674.4;0.0
50.5;259.6;1234.8;0.0
65.8;259.7;1096.0;0.0
82.0;259.7;410.4;0.0
66.6;259.7;1834.3;0.0
57.0;259.7;3412.1;0.0
62.8;573.7;4150.8;3240.0
98.8;573.7;4550.4;2560.0
63.5;259.7;4887.6;360.0
68.0;938.7;4133.8;0.0
50.0;259.7;426.6;0.0
50.0;259.7;405.4;0.0
54.4;259.7;443.2;0.0
50.0;291.2;28.1;196.0
50.0;291.2;1.0;320.0
50.0;291.2;0.2;64.0
50.0;260.9;0.3;28.0
