77.9;101.2;119.9;80.0
102.7;116.5;135.0;0.0
210.9;331.8;458.4;0.0
61.3;158.2;444.4;0.0
152.9;178.4;41.0;0.0
432.4;160.2;120.3;0.0
365.9;161.4;170.5;0.0
61.8;161.5;0.0;0.0
62.1;161.5;0.0;0.0
48.6;161.5;0.0;0.0
73.8;161.5;0.0;0.0
50.0;161.5;0.0;0.0
72.0;161.5;0.0;0.0
84.1;161.5;0.0;0.0
59.9;161.5;0.0;0.0
73.0;161.5;0.0;0.0
59.9;161.5;0.0;0.0
59.0;161.5;0.0;0.0
49.4;161.5;0.0;0.0
80.8;161.5;0.0;0.0
50.0;161.5;0.0;0.0
64.3;161.5;0.0;0.0
96.0;161.5;0.0;0.0
68.7;161.5;0.0;0.0
68.2;161.5;0.0;0.0
54.4;161.5;0.0;0.0
61.6;161.5;0.0;0.0
98.0;161.5;0.0;0.0
127.0;161.5;0.0;0.0
113.9;161.8;0.0;0.0
56.3;161.8;0.0;0.0
50.0;161.8;0.0;0.0
48.4;161.8;0.0;0.0
50.1;161.8;0.0;0.0
80.8;161.8;0.0;0.0
57.2;161.8;0.0;0.0
59.5;161.8;0.0;0.0
120.9;161.8;0.0;0.0
49.7;161.8;0.0;0.0
113.5;161.8;0.0;0.0
49.8;161.8;0.0;0.0
48.0;161.8;0.0;0.0
93.9;161.8;0.0;0.0
62.6;161.8;0.0;0.0
83.0;161.8;0.0;0.0
201.0;163.5;29.7;0.0
119.0;163.7;147.7;0.0
380.0;184.5;17.9;0.0
182.5;228.1;14.4;44.0
93.9;381.6;357.5;40.0
104.4;227.2;465.0;0.0
58.0;237.1;0.0;0.0
95.0;582.2;2866.6;0.0
99.5;540.4;15699.2;0.0
95.0;227.4;4152.4;0.0
90.0;227.6;2127.0;0.0
92.8;227.6;1656.2;0.0
50.4;227.6;3116.1;0.0
69.4;227.9;3490.5;0.0
54.1;572.2;13282.5;0.0
100.0;567.2;1406.6;0.0
60.4;259.2;2146.2;0.0
49.5;259.2;350.4;0.0
66.0;259.2;636.6;0.0
60.8;259.2;404.6;0.0
69.4;259.2;1174.4;0.0
69.8;259.2;651.4;0.0
49.8;259.2;432.0;0.0
80.4;259.2;447.6;0.0
62.0;259.2;516.0;0.0
66.5;259.2;667.0;0.0
66.4;259.2;508.2;0.0
50.0;259.2;564.6;0.0
55.2;259.2;1290.6;0.0
66.9;259.2;1283.0;0.0
91.8;259.2;898.2;0.0
104.1;259.2;484.4;0.0
77.4;259.2;410.1;0.0
133.0;259.2;873.5;0.0
88.1;259.2;734.4;0.0
105.2;259.2;1067.2;0.0
49.6;259.2;897.9;0.0
57.9;259.2;537.9;0.0
90.5;259.2;582.4;0.0
75.2;259.2;828.3;0.0
60.2;259.2;620.5;0.0
57.1;259.2;885.7;0.0
99.8;259.2;602.5;0.0
60.8;259.2;466.6;0.0
56.8;259.2;370.4;0.0
102.4;259.2;1062.2;0.0
106.0;259.2;524.9;0.0
80.0;259.3;481.7;0.0
63.5;259.3;384.0;0.0
76.4;259.3;547.2;0.0
49.2;259.3;969.8;0.0
106.1;259.3;978.0;0.0
95.9;259.3;531.4;0.0
66.5;259.3;939.4;0.0
86.7;259.3;609.8;0.0
