80.5;195.8;328.6;0.0
107.0;204.0;133.0;0.0
288.8;228.7;420.7;0.0
213.9;298.6;139.4;0.0
50.0;158.4;377.3;0.0
101.5;176.4;20.0;0.0
363.6;160.2;36.3;0.0
236.5;161.6;156.2;0.0
543.4;161.6;0.0;0.0
487.3;161.6;0.0;0.0
568.7;161.6;0.0;0.0
592.9;161.6;0.0;0.0
540.1;161.6;0.0;0.0
554.4;178.9;0.0;0.0
492.8;178.9;0.0;0.0
574.2;178.9;0.0;0.0
547.8;178.9;0.0;0.0
545.6;178.9;0.0;0.0
548.9;178.9;0.0;0.0
550.0;178.9;0.0;0.0
550.0;178.9;0.0;0.0
544.5;178.9;0.0;0.0
539.0;178.9;0.0;0.0
580.8;178.9;0.0;0.0
558.8;178.9;0.0;0.0
543.4;178.9;0.0;0.0
535.7;178.9;0.0;0.0
545.6;178.9;0.0;0.0
575.3;178.9;0.0;0.0
602.8;199.8;29.7;0.0
764.5;202.0;100.1;0.0
403.7;221.8;58.3;0.0
573.1;364.8;188.1;44.0
545.6;459.4;403.7;0.0
547.8;504.5;0.0;0.0
550.0;535.3;0.0;0.0
550.0;900.5;5824.5;0.0
550.0;903.8;15499.0;0.0
543.4;903.8;17451.5;0.0
547.8;903.8;17327.2;0.0
506.0;903.8;16971.9;0.0
583.0;903.8;16196.4;0.0
568.7;911.5;5923.5;0.0
550.0;1253.6;1866.7;0.0
550.0;1253.6;3808.2;0.0
544.5;1253.6;4461.6;0.0
546.7;1253.6;3964.4;0.0
545.6;1253.6;4180.0;0.0
540.1;1253.6;3759.8;0.0
589.6;1253.6;3843.4;0.0
547.8;1253.6;4023.8;0.0
547.8;1253.6;3769.7;0.0
537.9;1253.6;3793.9;0.0
545.6;1253.6;3885.2;0.0
541.2;1253.6;3878.6;0.0
576.4;1253.6;3873.4;0.0
498.9;1244.6;3733.4;0.0
68.8;1242.6;4653.0;0.0
89.6;1242.6;4890.6;0.0
62.5;1242.6;4023.8;0.0
59.0;1242.6;4217.4;0.0
95.6;1242.6;4426.4;0.0
80.5;1242.6;4023.8;0.0
78.5;1242.6;3876.4;0.0
49.6;1242.6;4428.6;0.0
56.7;1239.6;4345.0;0.0
57.2;1239.6;4283.4;0.0
60.0;1239.6;4222.9;0.0
58.0;1239.6;3699.3;0.0
81.5;1239.6;3918.2;0.0
49.9;1239.6;4056.8;0.0
53.8;1239.6;4037.0;0.0
74.5;1239.6;4303.2;0.0
50.0;1239.6;3968.8;0.0
57.2;1239.6;4219.6;0.0
49.9;1239.6;4303.2;0.0
71.0;1239.6;4048.0;0.0
58.4;1240.7;3867.6;0.0
50.0;1240.7;4273.5;0.0
60.9;1240.7;4417.6;0.0
49.9;1240.7;4159.1;0.0
64.0;1240.7;4571.6;0.0
58.8;1240.7;4408.8;0.0
52.2;1240.7;4932.4;0.0
57.0;1240.7;4050.2;0.0
58.9;1240.7;4765.2;0.0
62.5;1240.7;4947.8;0.0
58.5;1579.5;4255.9;0.0
60.7;1588.3;15.4;2860.0
49.9;1588.3;8.8;2816.0
58.1;1588.3;2.2;704.0
94.9;1255.0;3.3;352.0
