50.0;90.8;46.4;0.0
104.0;107.1;311.4;0.0
211.3;169.3;193.9;0.0
168.9;271.2;207.3;0.0
73.0;158.5;327.8;0.0
82.4;176.5;42.0;0.0
364.8;160.3;94.2;0.0
325.3;161.9;147.4;0.0
55.4;161.9;0.0;0.0
85.4;161.9;0.0;0.0
53.9;161.9;0.0;0.0
49.4;161.9;0.0;0.0
91.2;161.9;0.0;0.0
95.4;161.9;0.0;0.0
69.5;161.9;0.0;0.0
55.4;161.9;0.0;0.0
63.5;161.9;0.0;0.0
90.4;161.9;0.0;0.0
57.5;162.1;0.0;0.0
49.8;162.9;1.1;0.0
267.8;189.2;138.6;0.0
187.0;207.9;63.8;0.0
105.0;259.6;147.4;44.0
95.4;441.1;423.5;0.0
50.1;891.0;52313.8;0.0
60.0;1238.6;67115.4;0.0
109.8;1238.6;4376.9;0.0
58.1;1238.6;5115.0;0.0
50.1;1238.6;30674.6;0.0
76.4;1235.6;40594.4;0.0
60.0;1236.7;42026.6;0.0
50.3;1581.0;39110.5;0.0
143.6;1584.3;8.8;2860.0
435.2;1251.0;14.3;3696.0
832.8;493.1;0.0;0.0
