54.9;207.8;398.8;0.0
95.0;281.4;152.2;0.0
194.2;198.9;436.6;0.0
105.0;222.8;69.8;0.0
203.9;179.2;51.5;0.0
323.5;193.2;127.0;0.0
117.9;177.0;45.1;0.0
346.0;161.4;151.8;0.0
50.0;161.4;0.0;0.0
49.9;161.4;0.0;0.0
57.9;161.4;0.0;0.0
61.6;161.4;0.0;0.0
56.3;161.4;0.0;0.0
51.9;161.4;0.0;0.0
77.0;161.4;0.0;0.0
107.9;161.4;0.0;0.0
66.7;161.4;0.0;0.0
88.8;161.4;0.0;0.0
73.0;161.4;0.0;0.0
50.0;161.4;0.0;0.0
68.9;161.4;0.0;0.0
62.9;161.4;0.0;0.0
51.9;161.4;0.0;0.0
50.0;161.4;0.0;0.0
50.0;161.4;0.0;0.0
50.0;161.4;0.0;0.0
50.0;161.4;0.0;0.0
97.0;161.4;0.0;0.0
92.3;161.4;0.0;0.0
50.0;161.4;0.0;0.0
67.0;161.4;0.0;0.0
69.8;161.4;0.0;0.0
61.9;161.6;0.0;0.0
50.0;161.6;0.0;0.0
90.9;161.6;0.0;0.0
76.5;161.6;0.0;0.0
57.9;161.6;0.0;0.0
89.6;161.6;0.0;0.0
58.0;161.6;0.0;0.0
86.0;161.6;0.0;0.0
49.6;161.6;0.0;0.0
76.0;161.6;0.0;0.0
49.0;161.6;0.0;0.0
50.0;161.6;0.0;0.0
57.9;161.6;0.0;0.0
74.2;161.6;0.0;0.0
255.0;185.6;28.0;0.0
205.5;188.6;155.0;0.0
321.7;184.7;29.8;0.0
172.4;264.2;20.1;40.0
53.4;384.5;375.0;0.0
155.9;251.8;548.9;44.0
192.5;259.3;8.8;0.0
102.0;553.4;14192.0;0.0
49.9;844.5;80763.0;0.0
49.0;549.3;4441.2;0.0
78.9;549.3;11466.3;0.0
71.4;547.5;11965.1;0.0
55.0;547.5;12052.6;0.0
109.9;547.5;12245.6;0.0
55.4;547.5;12019.1;0.0
82.0;543.9;6284.1;0.0
50.3;259.2;2761.5;0.0
83.9;259.2;727.4;0.0
50.0;259.2;756.6;0.0
84.0;259.2;509.8;0.0
49.9;259.2;749.0;0.0
58.0;259.2;805.8;0.0
55.4;259.2;558.7;0.0
49.9;259.2;439.3;0.0
81.9;259.2;1073.8;0.0
49.9;259.2;548.6;0.0
58.1;259.2;716.5;0.0
91.3;259.2;413.3;0.0
88.3;259.2;804.0;0.0
75.4;259.2;568.0;0.0
82.4;259.2;1242.8;0.0
73.0;259.2;410.7;0.0
88.5;259.2;754.5;0.0
49.9;259.2;438.8;0.0
69.0;259.2;977.0;0.0
95.0;259.2;416.4;0.0
56.0;259.2;729.2;0.0
56.6;259.2;395.6;0.0
67.8;259.2;1127.2;0.0
67.9;259.2;564.9;0.0
72.4;259.2;713.9;0.0
57.0;259.2;916.2;0.0
75.5;259.2;840.2;0.0
64.0;259.2;540.4;0.0
90.0;259.2;928.0;0.0
61.0;259.2;767.8;0.0
50.0;259.2;597.6;0.0
57.9;259.2;529.8;0.0
57.5;259.2;580.2;0.0
106.3;259.2;577.8;0.0
50.0;259.3;564.6;0.0
105.0;577.3;1688.6;680.0
50.0;577.3;4354.8;3200.0
102.7;577.3;4658.0;1920.0
