112.2;173.6;303.6;0.0
95.0;204.1;104.2;0.0
136.8;192.4;457.7;0.0
171.0;264.9;152.9;0.0
70.8;158.1;213.4;0.0
55.0;183.1;23.0;0.0
400.9;176.8;135.3;0.0
500.0;160.8;170.5;0.0
50.0;161.2;0.0;0.0
50.0;161.2;0.0;0.0
55.1;161.2;0.0;0.0
53.6;161.2;0.0;0.0
77.9;161.2;0.0;0.0
49.6;161.2;0.0;0.0
50.0;161.2;0.0;0.0
50.0;161.2;0.0;0.0
73.8;161.2;0.0;0.0
71.0;161.2;0.0;0.0
99.3;161.2;0.0;0.0
64.9;161.2;0.0;0.0
68.0;161.2;0.0;0.0
73.0;161.2;0.0;0.0
49.2;161.2;0.0;0.0
49.6;161.2;0.0;0.0
67.0;161.2;0.0;0.0
68.0;161.2;0.0;0.0
84.1;161.2;0.0;0.0
59.9;161.2;0.0;0.0
86.0;161.2;0.0;0.0
50.0;161.2;0.0;0.0
55.4;161.2;0.0;0.0
49.5;161.2;0.0;0.0
56.0;161.4;0.0;0.0
105.0;161.4;0.0;0.0
50.0;161.4;0.0;0.0
65.9;161.4;0.0;0.0
80.6;161.4;0.0;0.0
55.4;161.4;0.0;0.0
50.0;161.4;0.0;0.0
50.0;161.4;0.0;0.0
59.0;161.4;0.0;0.0
89.5;161.4;0.0;0.0
57.0;161.4;0.0;0.0
67.0;161.4;0.0;0.0
50.0;161.4;0.0;0.0
101.8;161.4;0.0;0.0
62.8;161.4;0.0;0.0
239.5;188.4;28.0;0.0
256.0;195.1;156.0;0.0
320.0;189.3;30.8;0.0
108.5;370.8;366.9;40.0
71.0;376.2;63.6;44.0
50.1;243.2;500.5;0.0
146.1;254.5;0.0;0.0
70.9;227.1;8647.1;0.0
75.4;567.7;92980.2;0.0
85.9;565.7;11097.6;0.0
105.0;565.7;10996.4;0.0
138.5;565.7;11073.6;0.0
95.0;565.7;11893.4;0.0
49.5;559.7;1418.0;0.0
59.3;258.7;2246.3;0.0
107.7;258.7;402.5;0.0
93.4;258.7;923.6;0.0
75.6;258.7;622.2;0.0
70.0;258.7;635.2;0.0
83.6;258.7;583.0;0.0
72.0;258.7;362.4;0.0
61.0;258.7;473.9;0.0
49.5;259.1;420.7;0.0
50.0;259.1;542.2;0.0
74.2;259.1;542.6;0.0
89.8;259.1;458.6;0.0
103.9;259.1;462.4;0.0
73.4;259.1;810.6;0.0
54.6;259.1;607.6;0.0
46.2;259.1;588.6;0.0
49.9;259.1;546.2;0.0
57.9;259.1;512.2;0.0
58.0;259.1;433.8;0.0
53.6;259.1;939.8;0.0
95.4;259.1;519.6;0.0
66.0;259.1;907.4;0.0
125.0;259.1;734.2;0.0
89.6;259.1;889.8;0.0
66.0;259.1;618.6;0.0
49.4;259.2;620.0;0.0
50.5;259.2;566.1;0.0
98.6;259.2;473.3;0.0
91.9;259.2;543.8;0.0
68.0;259.2;835.4;0.0
50.0;259.2;452.4;0.0
62.0;259.2;598.0;0.0
80.0;259.2;693.2;0.0
106.3;259.2;529.0;0.0
105.0;259.2;677.6;0.0
66.2;259.2;837.6;0.0
76.0;596.4;997.3;0.0
87.4;599.7;3904.0;3564.0
75.0;599.7;4387.6;2112.0
