88.0;357.6;1219.6;0.0
268.0;557.0;176.4;0.0
285.8;439.8;891.5;0.0
213.8;327.9;329.0;0.0
502.0;194.1;238.5;0.0
81.8;197.2;0.0;0.0
120.9;181.0;25.3;0.0
393.6;160.9;163.9;0.0
94.4;161.2;0.0;0.0
94.0;161.2;0.0;0.0
85.5;161.2;0.0;0.0
94.5;180.2;8.0;0.0
441.9;194.2;20.0;0.0
204.3;207.4;165.0;0.0
68.5;212.4;0.0;0.0
58.4;420.4;536.0;40.0
60.9;439.4;0.0;0.0
58.0;466.0;1.1;0.0
266.8;496.3;100.1;0.0
260.6;798.1;10876.5;0.0
62.9;789.1;18174.2;44.0
75.0;610.1;17076.0;0.0
50.0;589.4;15472.0;0.0
49.4;562.4;14493.0;0.0
60.9;523.1;10070.0;0.0
67.0;554.4;11176.5;0.0
81.1;554.4;12377.0;0.0
63.0;554.4;10045.2;0.0
93.8;554.4;12705.1;0.0
84.9;552.6;12742.3;0.0
81.0;552.6;11741.0;0.0
76.7;548.1;1829.3;0.0
59.8;259.1;1473.3;0.0
56.0;259.1;420.5;0.0
62.5;259.1;1238.3;0.0
59.2;259.1;826.2;0.0
59.0;259.1;501.6;0.0
50.0;259.1;667.6;0.0
66.0;259.1;1589.6;0.0
63.6;259.1;588.1;0.0
57.5;259.1;1131.9;0.0
52.1;259.1;2360.6;0.0
56.0;259.1;778.6;0.0
50.0;259.1;547.0;0.0
49.6;259.1;502.6;0.0
64.8;259.1;493.8;0.0
84.5;259.1;786.8;0.0
85.3;259.1;478.2;0.0
59.0;259.1;1231.9;0.0
68.5;259.1;922.0;0.0
53.4;259.1;372.3;0.0
49.9;259.1;434.6;0.0
50.0;259.1;757.2;0.0
100.3;259.1;602.0;0.0
59.0;259.1;1842.2;0.0
50.0;259.1;673.2;0.0
57.9;259.1;484.4;0.0
63.5;259.1;873.6;0.0
78.5;259.1;1536.8;0.0
86.1;259.1;952.6;0.0
69.5;259.1;687.0;0.0
49.9;259.1;764.2;0.0
69.9;259.1;2270.4;0.0
57.6;259.3;2020.2;0.0
60.5;259.3;3901.5;0.0
79.4;583.3;2710.4;680.0
74.0;583.3;4300.9;3200.0
67.4;583.3;4424.8;1920.0
58.0;259.3;4027.4;360.0
46.2;259.3;433.7;0.0
49.8;259.3;399.9;0.0
50.0;259.3;380.6;0.0
49.9;259.3;405.2;0.0
54.1;259.3;407.5;0.0
49.3;259.3;423.3;0.0
49.5;259.3;402.0;0.0
50.0;290.8;255.5;0.0
50.0;290.8;1.2;388.0
48.1;290.8;0.6;192.0
50.0;260.5;0.3;32.0
50.0;198.7;0.0;0.0
