70.0;340.3;1213.4;0.0
192.9;580.4;144.6;0.0
328.9;404.1;965.5;0.0
60.0;296.1;284.7;0.0
288.4;158.7;212.6;0.0
218.4;187.7;66.0;0.0
112.4;160.4;25.3;0.0
410.4;161.4;178.2;0.0
76.3;161.8;0.0;0.0
67.2;161.8;0.0;0.0
49.5;161.8;0.0;0.0
50.0;162.1;0.0;0.0
111.1;162.1;0.0;0.0
63.0;162.1;0.0;0.0
59.5;162.1;0.0;0.0
63.5;162.1;0.0;0.0
50.0;162.1;0.0;0.0
50.0;162.1;0.0;0.0
50.0;162.1;0.0;0.0
59.0;162.1;0.0;0.0
50.0;162.1;0.0;0.0
80.7;162.1;0.0;0.0
237.0;184.9;29.7;0.0
138.9;190.4;158.4;0.0
132.1;206.9;13.2;0.0
61.9;382.9;189.2;44.0
103.1;444.5;403.7;0.0
80.0;492.9;0.0;0.0
49.9;529.2;0.0;0.0
50.0;885.6;8184.0;0.0
69.5;887.8;15582.6;0.0
70.0;890.0;15084.3;0.0
56.3;890.0;15660.7;0.0
76.3;890.0;15480.3;0.0
120.8;890.0;15259.2;0.0
50.0;893.3;10105.7;0.0
49.9;1226.6;541.7;0.0
249.4;1216.6;3728.8;0.0
57.1;1198.6;4261.6;0.0
61.0;1144.6;3649.0;40.0
86.0;985.6;3339.6;0.0
50.0;947.6;3608.0;0.0
49.4;912.6;3825.8;0.0
58.0;578.6;1919.6;0.0
74.2;578.6;10564.0;0.0
58.0;578.6;11229.0;0.0
50.0;575.6;10973.8;0.0
65.2;575.6;10632.2;0.0
59.0;575.6;11638.0;0.0
60.0;572.6;7116.0;0.0
92.2;259.6;3425.7;0.0
58.0;259.6;538.5;0.0
62.1;259.6;820.8;0.0
78.0;259.6;624.0;0.0
64.4;259.6;829.6;0.0
55.0;259.6;571.4;0.0
67.5;259.6;353.8;0.0
76.6;259.6;965.0;0.0
56.3;259.6;521.8;0.0
75.0;259.6;411.2;0.0
56.0;259.6;353.4;0.0
80.0;259.6;631.6;0.0
87.4;259.6;549.2;0.0
59.8;259.6;445.8;0.0
71.0;259.6;604.8;0.0
55.0;259.6;855.0;0.0
50.0;259.6;458.6;0.0
62.6;259.6;492.8;0.0
111.0;259.6;453.8;0.0
82.4;259.6;1008.3;0.0
87.3;259.7;370.3;0.0
66.8;259.7;468.6;0.0
61.9;259.7;618.2;0.0
65.0;259.7;514.8;0.0
59.8;259.7;1181.6;0.0
102.9;259.7;824.0;0.0
49.8;259.7;782.6;0.0
67.9;259.7;883.6;0.0
49.5;259.7;565.0;0.0
50.0;259.7;775.4;0.0
65.5;259.7;956.2;0.0
56.4;259.7;410.2;0.0
50.0;606.2;2318.1;748.0
90.0;606.2;3981.0;3520.0
49.9;605.2;4010.6;2112.0
73.0;260.9;3931.3;352.0
60.8;837.6;3710.0;0.0
