95.5;118.6;127.4;0.0
49.8;163.1;115.9;0.0
176.9;139.4;108.3;0.0
98.9;158.5;40.4;0.0
60.8;158.7;0.0;0.0
85.5;160.4;5.3;0.0
231.0;160.4;141.9;0.0
433.4;161.7;1.1;0.0
550.0;161.7;39.0;0.0
306.5;161.7;106.0;0.0
106.6;161.7;0.0;0.0
48.2;161.7;0.0;0.0
49.8;161.7;0.0;0.0
58.0;161.7;0.0;0.0
50.0;161.7;0.0;0.0
49.9;161.7;0.0;0.0
104.9;161.7;0.0;0.0
62.6;161.7;0.0;0.0
50.0;161.7;0.0;0.0
83.5;161.7;0.0;0.0
99.0;161.7;0.0;0.0
127.5;161.7;0.0;0.0
116.1;161.7;0.0;0.0
50.0;161.7;0.0;0.0
75.3;161.7;0.0;0.0
49.9;161.7;0.0;0.0
49.8;161.7;0.0;0.0
58.4;161.7;0.0;0.0
49.9;161.7;0.0;0.0
88.3;161.7;0.0;0.0
58.5;161.7;0.0;0.0
70.0;161.9;0.0;0.0
58.9;161.9;0.0;0.0
76.0;161.9;0.0;0.0
73.9;161.9;0.0;0.0
73.0;161.9;0.0;0.0
75.1;161.9;0.0;0.0
57.2;161.9;0.0;0.0
84.8;161.9;0.0;0.0
50.0;161.9;0.0;0.0
78.0;161.9;0.0;0.0
84.4;161.9;0.0;0.0
59.0;161.9;0.0;0.0
59.5;161.9;0.0;0.0
69.0;161.9;0.0;0.0
108.7;161.9;0.0;0.0
49.7;161.9;0.0;0.0
104.4;180.5;29.7;0.0
279.0;184.9;100.1;0.0
136.2;204.7;64.9;0.0
94.0;249.3;129.2;44.0
216.5;417.8;403.5;0.0
125.7;432.8;134.0;0.0
90.0;423.8;147.0;40.0
81.5;633.4;1949.2;0.0
69.6;605.6;18140.1;0.0
98.9;575.6;15310.9;0.0
100.0;227.6;13934.4;0.0
87.0;227.6;1866.1;0.0
50.0;227.6;1564.0;0.0
99.8;228.1;4386.1;0.0
99.9;571.0;14007.7;0.0
81.9;571.0;10800.0;0.0
82.0;571.0;10810.0;0.0
68.5;352.0;3997.4;0.0
79.7;259.0;933.0;0.0
73.0;259.0;521.8;0.0
50.0;259.0;738.2;0.0
59.9;259.0;1225.1;0.0
57.6;259.0;1200.5;0.0
49.9;259.0;478.2;0.0
104.0;259.0;364.6;0.0
66.0;259.0;639.8;0.0
49.9;259.0;929.0;0.0
58.0;259.0;354.4;0.0
50.0;259.0;449.0;0.0
105.4;259.0;632.6;0.0
114.8;259.0;654.0;0.0
76.1;259.5;651.2;0.0
49.7;259.5;557.6;0.0
101.7;259.5;427.6;0.0
77.1;259.5;437.8;0.0
50.0;259.5;1062.0;0.0
73.5;259.5;876.4;0.0
78.6;259.5;502.2;0.0
58.6;259.5;877.4;0.0
67.6;259.5;1347.2;0.0
50.0;259.5;583.5;0.0
135.1;259.5;675.3;0.0
49.9;259.5;575.4;0.0
69.8;259.5;695.8;0.0
54.8;259.5;667.6;0.0
94.5;259.5;371.8;0.0
67.5;259.5;751.2;0.0
58.0;259.5;465.4;0.0
136.8;259.5;742.0;0.0
127.0;259.5;535.6;0.0
50.0;259.5;558.0;0.0
63.8;259.5;898.3;0.0
99.5;259.5;1038.7;0.0
