154.0;217.4;269.4;0.0
74.9;161.6;691.3;0.0
140.1;138.6;162.3;0.0
106.9;158.1;39.1;0.0
15.0;159.4;2.9;0.0
0.0;159.4;0.0;0.0
0.0;159.4;0.1;0.0
0.0;159.4;0.0;0.0
55.0;159.4;2.2;0.0
0.0;159.4;0.0;0.0
0.0;159.4;0.7;0.0
0.0;159.4;0.0;0.0
24.4;160.2;0.4;0.0
130.2;160.2;0.0;0.0
90.0;160.2;8.8;0.0
89.6;160.6;5.5;0.0
484.0;160.6;13.0;0.0
99.0;160.6;0.0;0.0
0.0;160.6;0.0;0.0
0.0;160.6;1.0;0.0
0.0;160.6;0.0;0.0
0.0;160.6;13.0;0.0
0.0;160.6;0.0;0.0
0.0;160.6;7.0;0.0
0.0;160.6;0.0;0.0
400.0;226.6;159.0;40.0
501.0;1008.6;18888.0;0.0
494.0;1012.6;3211.1;0.0
500.0;1012.6;3637.0;0.0
520.0;1012.6;3516.2;0.0
494.0;1012.6;4068.0;0.0
499.0;1012.6;4049.7;0.0
490.0;1012.6;3672.0;0.0
159.0;1007.2;4317.2;44.0
110.0;942.6;3279.1;0.0
49.7;845.5;6282.1;1320.0
117.4;675.4;11573.9;2560.0
92.1;245.3;3172.9;880.0
50.0;847.3;3449.6;0.0
49.6;245.7;324.2;0.0
49.5;245.7;340.0;0.0
49.5;245.7;375.4;0.0
54.2;245.7;338.4;0.0
48.5;245.7;356.8;0.0
50.0;245.7;336.4;0.0
50.0;245.7;357.2;0.0
51.7;277.2;121.1;0.0
47.4;277.2;0.8;260.0
50.0;277.2;0.4;128.0
49.4;246.9;0.3;60.0
