44.8;249.0;1026.2;0.0
408.0;379.9;444.6;0.0
509.9;367.1;198.6;0.0
503.0;188.5;445.2;0.0
218.9;159.1;22.0;0.0
0.0;159.1;1.0;0.0
55.0;159.1;1.1;0.0
0.0;159.1;12.0;0.0
0.0;159.1;7.2;0.0
0.0;159.1;1.0;0.0
0.0;159.1;5.7;0.0
493.0;159.1;3.0;0.0
81.9;159.8;8.4;0.0
550.0;159.8;0.0;0.0
532.4;159.8;1.0;0.0
550.0;159.8;0.0;0.0
620.4;159.8;3.1;0.0
273.9;160.3;2.2;0.0
0.0;160.3;7.0;0.0
0.0;160.3;1.1;0.0
391.0;242.3;161.0;40.0
522.0;390.3;373.3;0.0
492.0;701.3;13039.0;0.0
500.0;1008.3;4547.7;0.0
511.0;1008.3;3341.0;0.0
183.0;1005.6;3180.5;0.0
79.5;813.0;3510.9;1452.0
61.8;523.2;8190.6;0.0
108.1;244.9;3198.9;0.0
83.9;244.9;1255.8;0.0
112.1;245.4;1178.0;0.0
50.4;344.4;22643.7;0.0
65.8;276.9;16.6;836.0
80.9;276.9;2.6;832.0
120.3;246.6;0.5;116.0
