138.9;247.7;1004.9;0.0
250.9;373.4;429.2;0.0
433.8;345.2;253.5;0.0
525.9;187.5;421.1;0.0
218.9;159.2;22.0;0.0
0.0;159.2;1.0;0.0
55.0;159.2;1.1;0.0
50.0;159.2;12.0;0.0
0.0;159.2;14.3;0.0
0.0;159.2;7.0;0.0
0.0;159.2;7.7;0.0
299.0;159.2;5.0;0.0
319.6;159.9;5.5;0.0
62.0;159.9;0.0;0.0
59.8;159.9;11.0;0.0
296.6;159.9;2.0;0.0
585.2;159.9;0.0;0.0
550.0;160.4;13.3;0.0
0.0;160.4;13.0;0.0
0.0;160.4;1.1;0.0
0.0;160.4;7.0;0.0
0.0;160.4;14.3;0.0
98.0;160.4;5.0;0.0
447.0;354.4;222.7;40.0
489.0;704.4;3036.0;0.0
437.0;954.4;13528.4;0.0
60.9;887.2;2697.1;44.0
128.0;808.4;3749.7;0.0
132.5;531.2;10983.6;0.0
50.0;244.9;1943.3;0.0
50.0;245.3;644.4;0.0
83.7;245.3;586.1;0.0
96.1;245.3;670.7;0.0
105.4;245.3;1660.8;0.0
99.0;566.3;1273.4;0.0
64.9;566.3;3784.4;1320.0
74.0;566.3;3846.4;2560.0
87.4;245.3;4010.0;720.0
51.7;255.4;375.3;0.0
49.9;277.0;2.2;132.0
50.0;277.0;0.8;256.0
50.0;277.0;0.2;64.0
54.0;184.5;0.1;0.0
