152.0;122.5;77.4;0.0
146.8;141.1;87.1;0.0
181.9;199.8;170.3;0.0
337.9;299.8;239.5;0.0
290.0;184.7;404.0;0.0
165.0;159.3;22.0;0.0
0.0;159.3;1.0;0.0
0.0;159.3;1.1;0.0
0.0;159.3;13.0;0.0
0.0;159.3;14.3;0.0
0.0;159.3;7.0;0.0
55.0;159.3;7.7;0.0
196.0;159.3;4.0;0.0
460.0;159.3;5.5;0.0
150.5;160.1;0.0;0.0
105.5;160.1;0.0;0.0
50.0;160.1;13.0;0.0
439.5;160.1;0.0;0.0
550.0;160.1;14.3;0.0
110.0;160.6;1.0;0.0
0.0;160.6;1.1;0.0
0.0;160.6;12.0;0.0
0.0;160.6;13.2;0.0
0.0;160.6;7.0;0.0
0.0;160.6;7.7;0.0
330.0;203.6;159.0;40.0
499.0;1012.6;26826.4;0.0
50.0;1283.2;22178.8;44.0
71.3;847.3;18842.5;1960.0
67.7;277.1;35712.6;2600.0
93.8;1221.1;13.2;4268.0
44.3;277.1;0.2;64.0
53.5;184.7;0.3;12.0
