100.0;148.2;271.4;0.0
99.0;235.4;96.1;0.0
79.7;181.6;310.4;0.0
49.9;222.5;98.5;0.0
390.0;159.5;128.4;0.0
0.0;159.5;0.0;0.0
0.0;159.5;0.1;0.0
0.0;159.5;0.0;0.0
0.0;159.5;1.3;0.0
0.0;159.5;0.0;0.0
0.0;159.5;0.7;0.0
0.0;159.5;0.0;0.0
263.0;159.5;1.4;0.0
64.5;160.2;0.0;0.0
74.0;160.2;0.0;0.0
80.0;160.2;0.0;0.0
151.0;160.2;13.0;0.0
550.0;160.6;14.3;0.0
0.0;160.6;1.0;0.0
0.0;160.6;1.1;0.0
0.0;160.6;12.0;0.0
0.0;160.6;13.2;0.0
0.0;160.6;7.0;0.0
0.0;160.6;7.7;0.0
50.0;160.6;4.0;0.0
404.8;331.6;167.5;40.0
49.9;963.7;41673.6;44.0
60.9;1119.8;7408.5;0.0
54.6;841.3;8211.9;1320.0
77.1;564.1;10510.2;2560.0
94.9;245.1;3347.8;840.0
76.2;878.5;3356.1;0.0
48.6;245.5;329.1;0.0
55.0;245.5;323.2;0.0
55.0;245.5;335.8;0.0
50.0;245.5;341.7;0.0
49.1;245.5;357.1;0.0
46.6;245.5;366.4;0.0
50.0;245.5;343.6;0.0
51.4;277.0;70.1;68.0
47.2;277.0;0.8;256.0
54.6;277.0;0.2;64.0
50.0;184.7;0.5;76.0
