50.0;137.9;39.3;0.0
83.0;219.8;704.7;0.0
149.9;449.4;217.1;0.0
664.5;339.3;458.9;0.0
540.1;173.7;429.0;0.0
110.0;159.3;21.0;0.0
0.0;159.3;0.0;0.0
0.0;159.3;1.1;0.0
0.0;159.3;0.0;0.0
0.0;159.3;9.3;0.0
0.0;159.3;8.0;0.0
50.0;159.3;0.7;0.0
0.0;159.3;0.0;0.0
158.4;159.3;1.5;0.0
64.3;160.1;1.0;0.0
270.5;160.1;12.0;0.0
550.0;160.1;0.0;0.0
544.5;160.1;0.0;0.0
544.5;160.5;14.3;0.0
0.0;160.5;0.0;0.0
0.0;160.5;0.0;0.0
0.0;160.5;1.1;0.0
0.0;160.5;0.0;0.0
0.0;160.5;12.2;0.0
0.0;160.5;0.0;0.0
0.0;160.5;6.7;0.0
0.0;160.5;0.0;0.0
298.1;160.8;2.5;0.0
550.0;383.9;584.1;44.0
428.5;750.2;2015.7;0.0
150.5;579.3;15131.5;40.0
68.5;553.0;1769.9;0.0
78.2;553.0;12388.6;0.0
80.0;245.3;727.6;0.0
66.5;245.3;1155.0;0.0
65.0;245.3;703.6;0.0
64.3;245.3;1937.2;0.0
51.0;245.3;1828.4;0.0
69.4;245.3;1618.1;0.0
50.0;245.3;1112.1;0.0
98.8;276.8;2393.1;748.0
82.0;276.8;0.8;2136.0
56.9;276.8;4.4;1408.0
95.0;553.5;1.3;992.0
