80.5;115.4;186.9;0.0
56.1;116.3;371.7;0.0
457.4;238.5;305.8;0.0
332.0;158.0;272.5;0.0
110.0;159.3;16.5;0.0
0.0;159.3;1.0;0.0
0.0;159.3;1.1;0.0
0.0;159.3;11.0;0.0
52.8;159.3;13.2;0.0
0.0;159.3;7.0;0.0
0.0;159.3;7.7;0.0
49.0;159.3;5.0;0.0
136.5;160.1;3.4;0.0
266.0;160.1;12.0;0.0
550.0;160.1;0.0;0.0
550.0;160.1;1.0;0.0
570.9;160.1;14.3;0.0
218.9;160.6;13.0;0.0
0.0;160.6;1.1;0.0
0.0;160.6;7.0;0.0
0.0;160.6;4.4;0.0
296.0;199.6;118.9;40.0
503.0;1004.6;19061.7;0.0
495.0;1319.6;29103.0;0.0
410.0;1324.6;1.5;1960.0
120.4;1279.6;160.6;2684.0
46.8;183.0;38.5;0.0
49.0;214.6;1011.9;0.0
50.3;245.7;3184.8;0.0
50.9;276.9;580.7;0.0
48.1;277.2;0.4;132.0
0.0;261.4;1.3;332.0
128.8;182.9;0.0;0.0
