66.6;160.8;168.0;0.0
62.2;115.7;416.8;0.0
126.5;302.1;436.2;0.0
364.6;178.6;408.7;0.0
0.0;158.9;14.3;0.0
0.0;158.9;1.0;0.0
0.0;158.9;1.1;0.0
0.0;158.9;12.0;0.0
55.0;158.9;14.3;0.0
0.0;158.9;7.0;0.0
0.0;158.9;7.7;0.0
99.0;158.9;5.0;0.0
198.1;159.6;4.4;0.0
66.3;159.6;12.1;0.0
79.0;160.0;2.2;0.0
509.0;160.0;0.0;0.0
249.0;160.0;13.0;0.0
0.0;160.0;1.1;0.0
0.0;160.0;1.0;0.0
0.0;160.0;14.3;0.0
0.0;160.0;13.0;0.0
0.0;160.0;7.7;0.0
0.0;160.0;7.0;0.0
96.8;160.0;5.5;0.0
591.8;279.6;176.4;44.0
48.3;575.7;1803.0;40.0
49.9;551.0;30698.8;0.0
49.5;276.5;29409.7;0.0
85.8;276.5;0.6;196.0
94.2;423.7;1.1;436.0
59.2;182.7;0.0;0.0
