61.3;317.8;1247.0;0.0
417.0;425.0;416.0;0.0
363.8;409.1;569.3;0.0
608.9;310.6;229.6;0.0
490.6;159.1;386.1;0.0
0.0;159.1;1.0;0.0
0.0;159.1;0.0;0.0
0.0;159.1;11.1;0.0
0.0;159.1;0.0;0.0
55.0;159.1;6.2;0.0
0.0;159.1;0.0;0.0
488.0;159.1;1.7;0.0
299.0;159.1;12.0;0.0
435.6;159.9;4.4;0.0
536.3;159.9;1.0;0.0
530.2;159.9;0.0;0.0
583.0;159.9;12.0;0.0
550.0;159.9;7.3;0.0
273.9;160.3;0.0;0.0
95.0;160.3;5.0;0.0
489.0;370.3;537.1;40.0
495.0;1015.3;46581.0;0.0
527.0;1330.3;1202.2;680.0
490.0;1330.3;6.0;1920.0
509.0;1330.3;3.7;1280.0
0.0;160.3;0.0;0.0
40.0;162.0;6.9;4.0
49.2;245.4;2673.4;0.0
50.5;277.0;2248.3;0.0
49.9;277.2;0.4;132.0
48.6;277.2;0.8;256.0
49.9;246.7;0.5;104.0
47.6;184.7;0.0;0.0
