64.0;245.4;386.3;0.0
81.2;128.7;674.9;0.0
226.5;139.4;55.2;0.0
113.7;157.4;39.1;0.0
57.7;159.1;2.9;0.0
0.0;159.1;0.0;0.0
0.0;159.1;1.1;0.0
0.0;159.1;0.0;0.0
0.0;159.1;14.3;0.0
0.0;159.1;0.0;0.0
0.0;159.1;7.7;0.0
0.0;159.1;0.0;0.0
435.6;159.9;4.4;0.0
570.9;159.9;1.1;0.0
495.0;160.4;13.2;0.0
0.0;160.4;0.0;0.0
0.0;160.4;1.1;0.0
0.0;160.4;0.0;0.0
0.0;160.4;13.2;0.0
0.0;160.4;0.0;0.0
0.0;160.4;7.7;0.0
0.0;160.4;0.0;0.0
102.3;160.4;4.4;0.0
558.8;358.4;188.1;44.0
495.0;761.0;13535.5;0.0
555.5;1106.4;34314.5;0.0
0.0;1452.9;6169.9;0.0
1441.0;1456.2;4.4;1452.0
539.0;1280.2;14.3;3916.0
