44.9;99.7;63.2;0.0
101.0;123.8;157.1;0.0
132.9;179.2;87.6;0.0
50.0;180.6;70.9;0.0
185.9;159.1;24.0;0.0
0.0;159.1;0.0;0.0
0.0;159.1;0.1;0.0
0.0;159.1;0.0;0.0
0.0;159.1;14.3;0.0
0.0;159.1;0.0;0.0
0.0;159.1;7.7;0.0
0.0;159.1;13.0;0.0
0.0;159.1;5.5;0.0
550.0;159.9;7.0;0.0
536.8;159.9;0.0;0.0
451.0;159.9;5.0;0.0
50.0;159.9;0.0;0.0
94.9;159.9;14.3;0.0
318.9;160.3;0.0;0.0
499.0;160.3;0.0;0.0
327.0;160.3;12.1;0.0
0.0;160.3;0.0;0.0
0.0;160.3;12.2;0.0
0.0;160.3;0.0;0.0
0.0;160.3;6.7;0.0
0.0;160.3;0.0;0.0
550.0;198.2;160.2;44.0
537.9;399.5;423.5;0.0
345.0;747.1;7304.5;0.0
49.9;322.3;14306.1;40.0
113.9;244.8;2408.6;0.0
87.9;244.8;2932.7;0.0
50.0;564.8;11591.4;0.0
50.0;565.3;3481.8;4520.0
52.3;872.3;3902.0;280.0
54.5;245.3;337.4;0.0
49.5;245.3;337.0;0.0
49.5;245.3;361.4;0.0
49.5;245.3;338.3;0.0
48.8;276.6;261.2;0.0
49.9;276.8;0.6;196.0
49.2;276.8;0.6;192.0
53.9;246.4;0.5;68.0
