60.9;347.6;1218.0;0.0
299.9;589.7;294.8;0.0
564.1;453.8;982.1;0.0
715.0;333.2;323.4;0.0
550.0;175.7;424.7;0.0
55.0;159.3;22.0;0.0
0.0;159.3;12.0;0.0
0.0;159.3;1.1;0.0
0.0;159.3;7.0;0.0
199.0;159.3;8.2;0.0
497.0;159.3;0.0;0.0
548.0;159.3;7.7;0.0
492.0;159.3;0.0;0.0
139.9;160.1;6.5;0.0
351.0;160.1;2.0;0.0
548.9;160.1;0.0;0.0
564.3;160.1;1.0;0.0
550.0;160.1;14.3;0.0
224.4;160.6;13.0;0.0
0.0;160.6;1.1;0.0
0.0;160.6;7.0;0.0
0.0;160.6;0.0;0.0
316.0;338.6;166.2;40.0
513.0;1012.6;44998.0;0.0
0.0;1328.6;4600.7;0.0
1055.0;1330.6;1.5;1960.0
57.0;1125.3;158.4;2564.0
69.8;183.0;423.5;0.0
49.7;214.5;714.5;0.0
49.7;245.3;918.0;0.0
50.0;245.3;292.0;0.0
48.5;245.6;334.8;0.0
52.9;245.6;324.4;0.0
50.0;245.6;327.6;0.0
51.1;245.6;369.8;0.0
50.0;245.6;325.2;0.0
48.7;245.6;372.0;0.0
49.5;245.6;343.0;0.0
50.0;245.6;351.4;0.0
45.0;277.1;104.7;0.0
53.2;277.1;0.8;260.0
53.6;277.1;0.4;128.0
49.1;246.8;0.3;60.0
