51.9;99.3;106.0;0.0
50.0;141.6;174.3;0.0
155.9;174.4;151.6;0.0
50.0;228.2;117.3;0.0
287.0;159.6;151.6;0.0
0.0;159.6;0.0;0.0
55.0;159.6;0.1;0.0
0.0;159.6;0.0;0.0
0.0;159.6;12.0;0.0
0.0;159.6;14.3;0.0
0.0;159.6;7.0;0.0
0.0;159.6;7.7;0.0
296.0;159.6;5.0;0.0
218.7;160.3;3.4;0.0
244.1;160.3;12.0;0.0
569.8;160.3;0.0;0.0
544.5;160.3;1.0;0.0
550.0;160.3;8.8;0.0
550.0;160.8;8.5;0.0
0.0;160.8;0.0;0.0
0.0;160.8;6.1;0.0
0.0;160.8;0.0;0.0
249.0;180.8;125.2;40.0
495.0;694.8;10235.0;0.0
502.0;1316.8;37940.7;0.0
480.0;1321.8;4.0;1320.0
479.0;1258.8;13.0;3320.0
50.0;165.2;15.2;4.0
49.8;182.9;38.5;0.0
54.6;214.4;663.9;0.0
50.0;230.3;1010.3;0.0
50.9;245.3;301.4;0.0
46.9;245.3;339.7;0.0
49.3;245.7;326.3;0.0
50.0;245.7;319.5;0.0
49.0;245.7;324.2;0.0
53.6;245.7;337.4;0.0
47.5;245.7;348.1;0.0
49.5;245.7;339.0;0.0
52.2;245.7;350.1;0.0
50.0;276.9;260.3;0.0
50.0;277.2;0.6;196.0
49.2;277.2;0.6;192.0
50.0;246.9;0.5;104.0
50.0;184.8;0.0;0.0
