50.0;136.8;61.4;0.0
95.0;131.3;153.2;0.0
201.6;182.9;131.9;0.0
231.0;206.2;65.5;0.0
199.9;180.8;186.0;0.0
215.6;159.3;22.0;0.0
0.0;159.3;1.0;0.0
0.0;159.3;1.1;0.0
0.0;159.3;13.0;0.0
0.0;159.3;14.3;0.0
0.0;159.3;7.0;0.0
0.0;159.3;7.7;0.0
50.0;159.3;5.0;0.0
253.3;160.0;5.5;0.0
62.5;160.0;0.0;0.0
108.0;160.0;0.0;0.0
149.0;160.0;13.3;0.0
209.0;160.5;12.0;0.0
0.0;160.5;1.1;0.0
0.0;160.5;1.0;0.0
0.0;160.5;13.2;0.0
0.0;160.5;12.0;0.0
0.0;160.5;7.7;0.0
0.0;160.5;7.0;0.0
151.8;160.5;4.4;0.0
372.4;313.2;181.9;44.0
49.6;245.0;13167.8;40.0
495.0;276.7;13698.3;0.0
4422.9;276.9;13.4;3372.0
