112.0;271.4;1020.2;0.0
337.0;344.1;447.8;0.0
449.0;369.7;211.9;0.0
500.0;197.5;463.9;0.0
328.9;159.1;22.0;0.0
0.0;159.1;1.0;0.0
0.0;159.1;1.1;0.0
0.0;159.1;12.0;0.0
0.0;159.1;9.4;0.0
0.0;159.1;1.0;0.0
470.0;159.1;1.7;0.0
248.0;176.1;12.0;0.0
0.0;176.1;4.4;0.0
550.0;159.8;1.0;0.0
544.5;159.8;0.0;0.0
500.0;159.8;13.0;0.0
550.0;159.8;0.0;0.0
547.8;159.8;5.1;0.0
327.8;160.2;2.2;0.0
246.0;186.2;91.0;40.0
494.0;703.2;3894.1;0.0
495.0;1017.2;43643.0;0.0
545.0;1332.2;2093.3;680.0
484.0;1174.2;15.0;3920.0
543.0;382.2;0.0;0.0
0.0;160.2;0.0;0.0
0.0;160.2;0.0;0.0
0.0;160.2;0.0;0.0
0.0;160.2;0.0;0.0
0.0;160.2;0.0;0.0
0.0;160.2;0.7;0.0
0.0;160.2;0.0;0.0
24.7;160.5;0.5;0.0
49.0;180.5;53.7;4.0
50.6;244.7;1746.1;0.0
50.0;276.4;3174.7;0.0
42.8;276.7;0.4;132.0
52.0;276.7;1.0;320.0
