167.0;211.8;814.4;0.0
387.7;399.0;130.6;0.0
322.0;371.0;337.9;0.0
373.9;306.7;156.0;0.0
346.0;158.7;317.0;240.0
0.0;158.7;0.0;0.0
0.0;158.7;1.1;0.0
0.0;158.7;0.0;0.0
0.0;158.7;13.2;0.0
0.0;158.7;0.0;0.0
0.0;158.7;7.7;0.0
0.0;158.7;0.0;0.0
55.0;158.7;5.5;0.0
632.5;159.4;0.0;0.0
550.0;159.4;0.0;0.0
550.0;159.4;0.0;0.0
539.0;159.4;0.0;0.0
548.9;159.4;14.3;0.0
273.9;159.8;0.0;0.0
0.0;159.8;0.0;0.0
0.0;159.8;1.1;0.0
0.0;159.8;0.0;0.0
0.0;159.8;14.3;0.0
0.0;159.8;0.0;0.0
55.0;159.8;7.7;0.0
0.0;159.8;0.0;0.0
354.2;160.1;5.5;0.0
507.1;411.1;581.9;44.0
548.9;1098.6;18059.8;0.0
547.8;1442.9;35010.8;0.0
534.6;1448.4;4.4;1452.0
522.5;1448.4;8.8;2816.0
585.2;404.5;5.5;880.0
