135.0;388.4;1229.0;0.0
443.9;463.9;225.7;0.0
91.1;494.2;523.0;0.0
828.9;349.6;499.2;0.0
547.8;187.6;429.0;0.0
165.0;159.2;22.0;0.0
0.0;159.2;1.0;0.0
0.0;159.2;1.1;0.0
50.0;159.2;13.0;0.0
0.0;159.2;14.3;0.0
0.0;159.2;7.0;0.0
0.0;159.2;7.7;0.0
478.0;159.2;6.0;0.0
107.0;159.2;8.4;0.0
550.0;159.9;0.0;0.0
550.0;159.9;1.0;0.0
577.5;159.9;0.0;0.0
537.9;159.9;13.0;0.0
550.0;159.9;14.3;0.0
61.0;160.3;7.0;0.0
0.0;160.3;1.1;0.0
296.0;217.3;160.0;40.0
500.0;1013.3;45060.2;0.0
488.0;1325.3;4522.0;0.0
495.0;1328.3;10.7;4760.0
475.0;378.3;0.0;0.0
4.5;160.3;0.4;0.0
45.0;177.6;15.9;4.0
57.8;196.9;36.7;0.0
49.9;214.1;1289.6;0.0
50.0;244.8;510.7;0.0
49.2;244.8;317.1;0.0
50.0;244.8;321.1;0.0
50.0;244.8;312.8;0.0
52.4;245.2;348.2;0.0
49.2;245.2;338.8;0.0
49.9;245.2;309.4;0.0
50.0;245.2;353.2;0.0
47.8;245.2;357.5;0.0
54.5;245.2;347.7;0.0
50.0;276.7;70.1;68.0
50.0;276.7;0.8;256.0
47.5;276.7;0.4;128.0
52.1;185.3;0.3;40.0
