102.0;272.3;308.5;0.0
50.0;217.8;365.8;0.0
396.0;365.5;335.0;0.0
439.8;361.1;207.3;0.0
408.9;275.4;234.1;0.0
440.0;158.8;250.8;0.0
0.0;158.8;0.0;0.0
0.0;158.8;1.1;0.0
0.0;158.8;0.0;0.0
0.0;158.8;3.4;0.0
0.0;158.8;9.9;0.0
0.0;158.8;0.0;0.0
50.0;158.8;6.7;0.0
0.0;158.8;0.0;0.0
539.0;159.5;2.5;0.0
528.0;159.5;0.0;0.0
156.5;159.5;5.0;0.0
100.1;159.5;0.0;0.0
56.0;159.5;14.3;0.0
366.8;159.9;0.0;0.0
349.0;159.9;13.0;0.0
0.0;159.9;1.1;0.0
0.0;159.9;1.0;0.0
0.0;159.9;13.2;0.0
0.0;159.9;12.0;0.0
0.0;159.9;7.7;0.0
0.0;159.9;7.0;0.0
436.7;160.2;5.5;0.0
425.2;398.0;587.9;44.0
72.1;560.8;4509.5;40.0
91.9;213.8;12688.5;0.0
136.2;547.6;14370.7;0.0
129.0;244.6;1319.2;0.0
84.1;244.9;567.4;0.0
65.9;244.9;1504.4;0.0
48.4;244.9;552.2;0.0
58.5;244.9;749.0;0.0
75.8;244.9;2149.3;0.0
56.8;244.9;461.1;0.0
54.0;244.9;805.2;0.0
101.7;276.3;1072.5;0.0
67.9;276.6;0.8;260.0
56.0;276.6;2.4;768.0
52.3;246.1;0.5;76.0
