139.9;236.2;259.2;0.0
107.0;160.3;168.9;0.0
328.2;217.1;310.8;0.0
340.9;295.7;139.9;0.0
129.9;159.3;368.0;0.0
0.0;159.3;0.0;0.0
0.0;159.3;1.1;0.0
0.0;159.3;1.0;0.0
0.0;159.3;14.3;0.0
0.0;159.3;12.0;0.0
0.0;159.3;7.7;0.0
0.0;159.3;7.0;0.0
55.0;159.3;4.4;0.0
91.8;160.1;5.0;0.0
59.0;160.1;0.0;0.0
70.0;160.1;0.0;0.0
69.8;160.1;11.0;0.0
507.0;160.1;12.3;0.0
55.0;160.6;0.0;0.0
0.0;160.6;1.1;0.0
0.0;160.6;0.0;0.0
0.0;160.6;13.2;0.0
0.0;160.6;0.0;0.0
0.0;160.6;7.7;0.0
0.0;160.6;0.0;0.0
161.7;160.6;6.6;0.0
517.0;355.1;187.0;44.0
552.2;1097.6;49427.4;0.0
545.6;1441.9;3521.1;0.0
537.9;1445.2;4.4;1452.0
566.5;1445.2;10.0;3520.0
536.8;429.9;3.3;308.0
