59.0;264.7;1013.7;0.0
385.0;399.5;360.1;0.0
543.9;390.1;261.8;0.0
548.9;242.5;386.1;0.0
328.9;159.1;118.8;0.0
0.0;159.1;1.0;0.0
0.0;159.1;1.1;0.0
0.0;159.1;14.0;0.0
0.0;159.1;14.3;0.0
0.0;159.1;7.0;0.0
55.0;159.1;7.7;0.0
489.0;159.1;6.0;0.0
121.9;159.7;8.4;0.0
550.0;159.7;1.0;0.0
550.0;159.7;0.0;0.0
550.0;159.7;12.0;0.0
550.0;159.7;0.0;0.0
587.4;159.9;7.3;0.0
0.0;160.2;0.0;0.0
340.0;227.2;157.1;40.0
495.0;1017.2;31673.2;0.0
501.0;1328.2;17425.0;0.0
491.0;1333.2;10.7;4680.0
528.0;382.2;0.0;0.0
25.0;160.4;0.4;0.0
49.5;178.6;17.1;4.0
49.4;245.4;2649.7;0.0
50.1;245.4;2220.6;0.0
48.6;277.0;86.9;68.0
51.6;277.0;1.0;320.0
47.9;246.6;0.5;88.0
