97.9;260.7;988.4;0.0
190.0;535.5;128.8;0.0
788.8;372.7;591.0;0.0
550.0;186.4;457.6;0.0
217.8;159.1;21.0;0.0
0.0;159.1;0.0;0.0
0.0;159.1;12.1;0.0
0.0;159.1;0.0;0.0
55.0;159.1;7.3;0.0
0.0;159.1;0.0;0.0
349.0;159.1;2.7;0.0
496.0;159.1;0.0;0.0
498.0;159.1;5.5;0.0
49.8;159.7;0.0;0.0
50.0;159.7;11.0;0.0
351.4;159.7;2.0;0.0
583.0;159.7;0.0;0.0
550.0;159.7;13.3;0.0
165.0;160.1;0.0;0.0
0.0;160.1;11.1;0.0
0.0;160.1;0.0;0.0
0.0;160.1;7.0;0.0
0.0;160.1;12.1;0.0
449.0;257.1;150.0;40.0
499.0;393.1;378.7;0.0
499.0;704.1;11377.0;0.0
162.4;1002.1;6104.7;44.0
71.5;529.0;14472.2;0.0
50.0;583.2;32809.3;0.0
96.6;588.7;3298.4;1452.0
74.1;322.5;3390.3;3740.0
62.4;808.9;3486.0;0.0
