201.0;283.3;237.2;0.0
84.2;220.3;320.4;0.0
402.6;328.1;369.4;0.0
290.0;175.4;619.8;0.0
69.9;159.3;2.0;0.0
0.0;159.3;0.0;0.0
0.0;159.3;0.1;0.0
0.0;159.3;0.0;0.0
0.0;159.3;2.2;0.0
0.0;159.3;0.0;0.0
0.0;159.3;0.7;0.0
0.0;159.3;0.0;0.0
38.2;160.0;1.5;0.0
67.5;160.0;1.1;0.0
159.9;160.5;13.2;0.0
500.0;160.5;0.0;0.0
499.0;160.5;12.1;0.0
99.0;160.5;0.0;0.0
0.0;160.5;13.2;0.0
0.0;160.5;1.0;0.0
0.0;160.5;7.7;0.0
0.0;160.5;13.0;0.0
378.4;161.9;66.0;44.0
493.9;400.3;532.0;0.0
550.0;752.3;5099.6;0.0
289.0;697.3;13001.0;40.0
78.8;867.4;2368.3;0.0
56.2;556.4;7472.4;0.0
60.0;245.4;4163.6;0.0
95.0;245.4;378.2;0.0
84.3;245.4;451.2;0.0
59.2;245.4;457.4;0.0
62.0;245.4;664.6;0.0
72.6;245.4;605.2;0.0
49.6;245.4;353.0;0.0
63.9;591.9;1786.7;0.0
73.4;591.9;4042.6;2156.0
114.0;276.9;2097.6;2112.0
55.9;549.6;3.5;1952.0
70.0;913.6;9.0;2360.0
