94.8;220.6;247.0;0.0
78.9;167.4;252.2;0.0
355.9;260.8;301.6;0.0
334.0;313.8;38.8;0.0
346.0;158.2;409.0;0.0
106.7;159.6;22.0;0.0
0.0;159.6;1.0;0.0
0.0;159.6;1.1;0.0
0.0;159.6;13.0;0.0
0.0;159.6;14.3;0.0
0.0;159.6;7.0;0.0
0.0;159.6;7.7;0.0
139.0;159.6;4.0;0.0
62.0;160.3;4.4;0.0
65.0;160.3;0.0;0.0
61.6;160.3;1.0;0.0
374.1;160.3;12.0;0.0
574.2;160.3;14.3;0.0
218.9;160.8;1.0;0.0
0.0;160.8;0.0;0.0
0.0;160.8;12.1;0.0
0.0;160.8;0.0;0.0
0.0;160.8;5.1;0.0
0.0;160.8;0.0;0.0
192.0;160.8;2.7;0.0
494.0;1008.8;43698.0;40.0
142.9;1319.0;5582.5;0.0
116.8;913.7;573.7;4844.0
84.4;863.2;20298.3;0.0
50.0;276.9;3073.7;0.0
42.8;277.2;0.4;132.0
48.6;277.2;0.8;256.0
