59.0;350.2;1209.2;0.0
193.9;586.8;286.8;0.0
500.6;456.3;944.5;0.0
821.7;332.1;352.0;0.0
495.0;157.8;425.7;0.0
110.0;159.5;22.0;0.0
0.0;159.5;0.0;0.0
0.0;159.5;1.1;0.0
0.0;159.5;0.0;0.0
0.0;159.5;13.2;0.0
0.0;159.5;0.0;0.0
0.0;159.5;7.7;0.0
0.0;159.5;0.0;0.0
262.9;160.3;5.5;0.0
530.2;160.3;0.0;0.0
567.6;160.3;0.0;0.0
550.0;160.3;0.0;0.0
540.1;160.3;0.0;0.0
440.0;160.7;14.3;0.0
0.0;160.7;0.0;0.0
0.0;160.7;1.1;0.0
0.0;160.7;0.0;0.0
0.0;160.7;0.0;0.0
0.0;160.7;0.0;0.0
0.0;160.7;0.0;0.0
0.0;160.7;0.0;0.0
0.0;160.7;0.0;0.0
0.0;160.7;0.0;0.0
0.0;160.7;4.4;0.0
0.0;160.7;0.0;0.0
0.0;160.7;8.8;0.0
0.0;160.7;1.0;0.0
0.0;160.7;7.7;0.0
0.0;160.7;13.0;0.0
55.0;160.7;6.6;0.0
493.9;248.4;173.8;44.0
552.2;1107.5;46630.8;0.0
522.5;1107.5;4083.2;0.0
65.8;1446.0;3347.7;0.0
86.8;1449.3;4.4;1452.0
91.8;1449.3;8.8;2816.0
49.9;1113.8;6.5;748.0
348.9;425.7;2.0;0.0
