98.9;116.5;73.0;0.0
95.0;135.5;83.8;0.0
173.9;199.1;230.8;0.0
237.2;190.0;174.2;0.0
88.2;181.3;108.0;0.0
165.0;158.9;22.0;0.0
0.0;158.9;0.0;0.0
0.0;158.9;0.1;0.0
0.0;158.9;0.0;0.0
0.0;158.9;1.3;0.0
0.0;158.9;0.0;0.0
0.0;158.9;0.7;0.0
0.0;158.9;0.0;0.0
56.9;159.5;1.4;0.0
92.0;159.5;0.0;0.0
60.0;159.5;0.0;0.0
71.0;159.5;1.0;0.0
478.2;159.5;2.3;0.0
165.0;159.9;0.0;0.0
0.0;159.9;0.1;0.0
0.0;159.9;0.0;0.0
0.0;159.9;7.5;0.0
0.0;159.9;8.8;0.0
0.0;159.9;7.0;0.0
0.0;159.9;7.7;0.0
395.0;234.9;158.0;40.0
91.9;355.0;239.2;44.0
74.1;505.2;9693.5;0.0
74.6;244.6;11241.6;0.0
63.9;583.3;31559.4;0.0
139.9;586.6;3258.4;1452.0
82.2;493.1;3268.3;3828.0
52.0;804.5;5044.0;0.0
