149.9;223.5;253.9;0.0
95.9;168.7;195.7;0.0
356.5;260.9;210.3;0.0
368.8;322.1;75.3;0.0
347.0;184.7;409.0;0.0
165.0;158.7;22.0;0.0
0.0;158.7;0.0;0.0
0.0;158.7;1.1;0.0
0.0;158.7;0.0;0.0
55.0;158.7;13.2;0.0
0.0;158.7;0.0;0.0
0.0;158.7;7.7;0.0
0.0;158.7;0.0;0.0
147.4;159.4;4.4;0.0
550.0;159.4;0.0;0.0
583.0;159.4;0.0;0.0
534.6;159.4;0.0;0.0
550.0;159.4;0.0;0.0
534.6;159.9;14.3;0.0
0.0;159.9;0.0;0.0
0.0;159.9;1.1;0.0
0.0;159.9;0.0;0.0
0.0;159.9;13.2;0.0
0.0;159.9;0.0;0.0
0.0;159.9;7.7;0.0
0.0;159.9;0.0;0.0
52.8;159.9;4.4;0.0
493.9;233.2;169.4;44.0
543.4;1098.9;21093.6;1408.0
592.9;1098.9;3356.2;0.0
573.1;1098.9;3616.8;0.0
544.5;1098.9;3597.2;0.0
543.4;1098.9;3601.4;0.0
546.2;1098.9;3730.8;0.0
512.6;1098.9;3990.8;0.0
301.0;1090.9;3441.2;0.0
71.7;1090.9;3909.4;0.0
79.0;1282.3;3703.7;0.0
65.6;1439.6;24.2;1452.0
141.2;1434.6;5.8;2816.0
550.0;1100.2;5.5;748.0
602.8;417.1;1.0;0.0
