49.9;85.8;55.1;0.0
100.9;118.0;155.7;0.0
159.0;136.8;116.1;0.0
145.9;140.0;108.9;0.0
101.0;174.8;56.0;0.0
110.0;159.5;22.0;0.0
0.0;159.5;0.0;0.0
0.0;159.5;0.1;0.0
0.0;159.5;0.0;0.0
0.0;159.5;13.2;0.0
0.0;159.5;0.0;0.0
0.0;159.5;7.7;0.0
50.0;159.5;13.0;0.0
474.1;160.1;6.6;0.0
493.9;160.6;6.2;0.0
0.0;160.6;0.0;0.0
224.0;160.6;4.1;0.0
515.0;160.6;0.0;0.0
521.0;160.6;12.1;0.0
449.0;160.6;0.0;0.0
445.0;160.6;6.7;0.0
0.0;160.6;0.0;0.0
251.9;160.8;5.5;0.0
555.5;1090.3;30421.6;44.0
544.5;1090.3;3654.2;0.0
534.6;1090.3;3762.0;0.0
545.6;1090.3;3816.0;0.0
583.0;1090.3;4015.0;0.0
550.0;1090.3;3954.6;0.0
535.7;1434.6;3523.3;0.0
547.8;1437.9;3.4;1452.0
561.0;1437.9;8.8;2816.0
301.0;1080.4;146.5;884.0
60.6;184.4;385.0;0.0
