74.1;220.5;464.4;0.0
57.2;226.6;187.0;0.0
126.2;208.5;489.2;0.0
124.0;174.1;179.8;0.0
115.6;159.0;2.0;0.0
0.0;159.0;0.0;0.0
0.0;159.0;0.1;0.0
0.0;159.0;0.0;0.0
0.0;159.0;2.2;0.0
0.0;159.0;0.0;0.0
0.0;159.0;0.7;0.0
0.0;159.0;0.0;0.0
48.6;159.8;0.4;0.0
78.4;159.8;12.1;0.0
99.9;160.2;2.2;0.0
399.0;160.2;13.0;0.0
0.0;160.2;1.1;0.0
0.0;160.2;1.0;0.0
0.0;160.2;13.2;0.0
0.0;160.2;13.0;0.0
0.0;160.2;7.7;0.0
0.0;160.2;7.0;0.0
300.3;160.2;5.5;0.0
249.9;336.6;445.2;4.0
86.9;527.2;2985.4;0.0
96.6;214.2;4268.4;0.0
50.0;245.4;4993.5;0.0
89.9;245.4;512.0;0.0
100.1;245.4;331.4;0.0
55.0;245.4;417.3;0.0
113.5;245.4;533.7;0.0
66.0;245.4;552.0;0.0
55.0;245.4;391.2;0.0
90.0;245.4;439.8;0.0
58.0;245.4;772.6;0.0
50.0;505.8;1198.5;0.0
103.8;277.0;16.6;836.0
50.0;277.0;0.8;256.0
54.4;246.6;2.3;400.0
