65.8;261.9;995.9;0.0
287.7;507.9;93.0;0.0
338.4;321.4;606.8;0.0
495.0;159.3;422.4;0.0
0.0;159.3;0.0;0.0
0.0;159.3;0.0;0.0
0.0;159.3;1.1;0.0
0.0;159.3;0.0;0.0
0.0;159.3;13.2;0.0
0.0;159.3;0.0;0.0
0.0;159.3;7.7;0.0
0.0;159.3;0.0;0.0
555.5;160.1;5.5;0.0
511.5;160.1;0.0;0.0
0.0;160.1;1.1;0.0
1588.4;160.5;13.2;0.0
0.0;160.5;0.0;0.0
0.0;160.5;1.1;0.0
0.0;160.5;0.0;0.0
0.0;160.5;14.3;0.0
0.0;160.5;0.0;0.0
0.0;160.5;7.7;0.0
0.0;160.5;0.0;0.0
383.9;178.1;8.8;44.0
525.8;413.5;573.1;0.0
539.0;766.6;5584.7;0.0
550.0;766.6;12840.3;0.0
561.0;1104.3;3087.7;0.0
536.8;1104.3;3443.0;0.0
550.0;1104.3;3600.3;0.0
591.8;1108.7;3593.7;0.0
539.0;1108.7;3735.6;0.0
563.2;1108.7;3990.8;0.0
550.0;1108.7;3755.4;0.0
548.9;1108.7;3922.6;0.0
550.0;1108.7;3707.0;0.0
550.0;1453.0;2887.5;0.0
518.1;1456.3;6.6;2156.0
550.0;1456.3;6.6;2112.0
550.0;1121.9;3.3;660.0
