217.2;241.0;81.5;0.0
216.1;303.6;51.9;0.0
320.9;159.1;388.0;0.0
49.0;159.1;4.0;0.0
0.0;159.1;1.1;0.0
0.0;159.1;1.0;0.0
0.0;159.1;0.0;0.0
0.0;159.1;3.1;0.0
0.0;159.1;0.0;0.0
0.0;159.1;0.7;0.0
0.0;159.1;0.0;0.0
181.0;159.9;1.5;0.0
211.0;159.9;11.1;0.0
440.0;160.3;13.2;0.0
0.0;160.3;1.0;0.0
0.0;160.3;1.1;0.0
0.0;160.3;12.0;0.0
0.0;160.3;13.2;0.0
0.0;160.3;7.0;0.0
0.0;160.3;7.7;0.0
191.0;160.3;4.0;0.0
202.8;999.6;18284.1;4.0
56.3;1134.0;30023.3;0.0
108.5;848.9;5832.4;680.0
69.0;848.9;12404.4;2560.0
49.5;569.9;2540.3;1280.0
50.5;244.9;335.6;0.0
50.0;244.9;326.8;0.0
49.5;244.9;319.8;0.0
49.8;244.9;323.4;0.0
50.0;244.9;342.6;0.0
50.0;244.9;329.0;0.0
49.6;244.9;346.2;0.0
50.0;244.9;347.8;0.0
54.4;276.4;313.5;0.0
49.4;276.7;0.4;132.0
49.6;276.7;0.8;256.0
50.0;276.7;0.2;64.0
49.2;184.2;0.3;40.0
