52.8;259.0;1004.6;0.0
475.6;377.1;387.4;0.0
488.7;331.6;288.7;0.0
485.1;156.1;450.2;0.0
55.0;156.1;24.6;0.0
98.0;182.9;33.5;0.0
94.0;161.8;26.4;0.0
63.8;163.0;0.0;0.0
50.0;163.1;0.0;0.0
55.2;163.1;0.0;0.0
58.0;163.1;0.0;0.0
65.3;163.1;0.0;0.0
52.1;163.1;0.0;0.0
49.5;163.1;0.0;0.0
56.5;163.1;0.0;0.0
81.7;163.1;3.0;0.0
440.0;164.1;89.3;0.0
295.0;164.1;28.8;0.0
295.0;164.3;83.6;0.0
62.4;164.3;0.0;0.0
91.8;164.3;0.0;0.0
50.0;164.5;11.0;0.0
562.1;164.5;2.0;0.0
555.0;164.5;300.3;0.0
906.0;244.0;229.8;0.0
409.0;209.8;112.2;0.0
585.8;244.8;157.0;40.0
105.9;680.0;6299.0;0.0
67.2;982.6;3667.0;0.0
56.5;986.6;3338.0;0.0
56.2;1061.6;4333.0;0.0
58.1;1291.5;148.5;1248.0
126.6;873.0;419.5;1280.0
190.4;289.0;7804.1;1320.0
62.5;856.3;5667.2;0.0
54.0;248.3;328.6;0.0
44.8;279.6;173.9;68.0
52.3;279.6;0.6;192.0
53.6;249.2;0.7;132.0
