45.0;90.6;55.4;0.0
101.0;106.1;225.6;0.0
224.6;180.3;117.8;0.0
228.9;185.8;151.6;0.0
241.0;156.1;122.3;0.0
50.0;156.1;120.9;0.0
277.0;160.6;94.6;0.0
50.0;161.3;0.0;0.0
55.8;162.6;0.0;0.0
485.6;162.7;23.0;0.0
348.0;162.7;153.0;0.0
65.5;162.7;0.0;0.0
74.8;162.7;0.0;0.0
49.8;162.7;0.0;0.0
54.8;180.7;11.0;0.0
196.7;180.7;125.0;0.0
81.4;215.7;257.0;0.0
146.9;249.6;33.0;0.0
436.0;749.6;454.4;40.0
241.9;1369.8;17180.3;0.0
58.7;1067.0;15.0;3920.0
58.0;417.0;56.1;0.0
34.1;167.5;34.4;0.0
89.7;166.9;4.3;0.0
83.0;168.4;0.0;0.0
49.5;166.2;0.3;8.0
48.4;184.5;53.7;0.0
48.8;278.4;1730.6;0.0
49.4;278.9;0.4;132.0
50.0;278.9;0.4;128.0
50.0;278.9;0.4;128.0
49.9;187.4;0.3;4.0
