76.9;260.0;973.8;0.0
345.8;368.4;474.2;0.0
483.7;298.5;206.5;0.0
385.0;156.4;279.1;0.0
335.0;212.4;57.9;0.0
271.4;193.8;122.1;0.0
48.3;180.4;0.0;0.0
50.0;162.7;0.0;0.0
82.0;162.7;0.0;0.0
75.6;162.7;0.0;0.0
80.9;162.7;0.0;0.0
81.0;162.7;0.0;0.0
100.5;162.7;0.0;0.0
56.8;162.7;3.0;0.0
528.0;162.7;81.0;0.0
287.9;163.0;93.0;0.0
319.9;163.6;4.4;0.0
450.0;163.8;185.9;0.0
68.0;163.8;0.0;0.0
80.2;163.8;11.0;0.0
255.0;163.8;0.0;0.0
480.2;164.0;77.0;0.0
333.5;210.0;306.1;0.0
809.9;245.0;152.7;0.0
330.1;218.5;160.6;0.0
612.7;199.8;65.1;0.0
298.7;998.4;11313.0;40.0
65.5;1300.9;6537.0;0.0
124.1;1305.9;4.0;1320.0
84.5;1295.1;24.6;1208.0
96.8;838.9;558.4;1360.0
54.4;249.9;598.1;0.0
49.2;249.9;308.6;0.0
50.0;250.2;319.6;0.0
53.5;250.2;338.4;0.0
44.3;281.3;162.3;0.0
47.5;281.3;0.6;196.0
52.4;281.3;0.4;128.0
51.0;189.0;0.5;68.0
