104.0;206.9;297.6;0.0
145.0;179.1;263.8;0.0
141.7;263.1;374.3;0.0
312.8;304.0;82.6;0.0
275.0;156.0;342.7;0.0
99.0;191.0;24.6;0.0
222.0;182.5;125.4;0.0
49.2;178.4;0.0;0.0
76.2;162.6;0.0;0.0
58.0;162.6;0.0;0.0
71.7;162.6;0.0;0.0
55.3;162.6;0.0;0.0
70.0;162.6;0.0;0.0
58.4;162.6;0.0;0.0
91.9;162.6;0.0;0.0
118.1;181.6;3.0;0.0
534.6;164.1;93.0;0.0
236.0;164.1;59.3;0.0
405.9;164.2;162.8;0.0
68.2;164.2;0.0;0.0
77.2;164.2;0.0;0.0
53.1;164.2;11.0;0.0
547.8;164.4;0.0;0.0
586.3;164.4;13.2;0.0
110.0;164.9;330.0;0.0
820.6;200.3;130.9;0.0
1138.5;192.6;0.0;0.0
657.8;206.9;0.0;0.0
550.0;206.9;0.0;0.0
550.0;209.1;0.0;0.0
533.5;209.1;0.0;0.0
550.0;205.8;171.6;88.0
546.7;378.5;423.5;0.0
541.2;1071.5;7158.8;0.0
495.0;1075.9;3660.8;0.0
597.3;1075.9;3919.3;0.0
577.5;1075.9;3876.4;0.0
495.0;1420.2;370.7;748.0
528.0;1420.2;6.6;2112.0
565.4;1204.6;7.7;1452.0
