59.0;443.1;1260.9;0.0
65.1;647.1;435.0;0.0
117.0;532.5;950.0;0.0
739.8;305.5;408.5;0.0
169.0;221.5;431.8;0.0
502.0;235.5;3.0;0.0
0.0;235.5;69.0;0.0
237.0;238.5;100.0;0.0
494.0;243.5;0.0;0.0
449.0;243.5;39.0;0.0
50.0;248.5;298.0;0.0
938.0;301.5;87.0;0.0
574.0;294.5;0.0;0.0
449.0;469.5;542.0;40.0
501.0;1095.5;6519.0;0.0
500.0;1095.5;3952.0;0.0
515.0;1099.5;3230.0;0.0
483.0;1352.5;3605.0;0.0
499.0;1410.5;22.0;1320.0
528.0;1410.5;6.0;1920.0
499.0;1107.5;5.0;720.0
0.0;156.5;0.0;0.0
0.0;156.5;0.0;0.0
0.0;156.5;0.0;0.0
0.0;156.5;0.0;0.0
0.0;156.5;0.0;0.0
0.0;156.5;0.0;0.0
0.0;156.5;0.0;0.0
0.0;156.5;0.0;0.0
0.0;156.5;0.0;0.0
0.0;156.5;0.0;0.0
0.0;156.5;0.0;0.0
0.0;156.5;0.0;0.0
0.0;156.5;0.0;0.0
0.0;156.5;0.0;0.0
0.0;156.5;0.0;0.0
0.0;156.5;0.0;0.0
0.0;156.5;0.0;0.0
0.0;156.5;0.0;0.0
0.0;156.5;0.0;0.0
0.0;156.5;0.0;0.0
0.0;156.5;0.0;0.0
0.0;156.5;0.0;0.0
0.0;156.5;0.0;0.0
0.0;156.5;0.0;0.0
0.0;156.5;0.0;0.0
0.0;156.5;0.0;0.0
0.0;156.5;0.0;0.0
0.0;156.5;0.0;0.0
0.0;156.5;0.0;0.0
0.0;156.5;0.0;0.0
0.0;156.5;0.0;0.0
0.0;156.5;0.0;0.0
0.0;156.5;0.2;0.0
0.0;156.5;8.8;0.0
10.0;159.9;19.6;0.0
49.1;161.9;0.0;0.0
50.0;163.2;0.0;0.0
48.5;163.2;0.0;0.0
51.0;163.2;0.0;0.0
53.4;163.2;0.0;0.0
49.5;163.2;0.0;0.0
47.5;163.2;0.0;0.0
50.0;163.2;0.0;0.0
50.0;163.2;0.0;0.0
50.6;163.7;0.0;0.0
50.0;164.6;0.0;0.0
20.0;164.6;0.4;0.0
5.0;164.6;13.6;0.0
35.4;165.0;3.2;0.0
49.4;165.0;0.0;0.0
50.0;165.0;0.0;0.0
50.0;165.2;0.0;0.0
50.0;165.2;0.0;0.0
60.0;165.2;1.3;0.0
9.9;168.1;31.7;0.0
89.2;171.3;8.3;0.0
55.5;170.0;0.1;0.0
44.1;171.4;15.5;8.0
50.9;279.4;1769.1;0.0
45.0;279.4;0.4;132.0
54.8;279.4;0.4;128.0
49.8;279.4;0.4;128.0
50.0;187.3;0.3;8.0
