162.0;243.1;278.0;0.0
102.2;201.9;211.9;0.0
310.7;274.6;340.1;0.0
265.8;172.0;491.1;0.0
52.8;156.5;23.1;0.0
0.0;156.5;0.0;0.0
0.0;156.5;41.0;0.0
56.8;192.5;152.9;0.0
498.0;188.9;177.1;0.0
56.1;161.6;0.0;0.0
59.9;162.9;0.0;0.0
49.5;163.0;0.0;0.0
55.0;163.0;0.0;0.0
89.2;163.0;0.0;0.0
50.0;163.0;0.0;0.0
49.9;163.0;0.0;0.0
67.5;163.0;0.0;0.0
58.5;163.0;0.0;0.0
292.2;163.0;4.0;0.0
436.7;164.4;15.3;0.0
55.0;164.4;20.9;0.0
100.0;164.4;152.0;0.0
496.0;164.4;0.0;0.0
499.0;164.4;0.0;0.0
366.8;164.6;152.9;0.0
93.0;164.6;0.0;0.0
55.0;164.6;11.0;0.0
351.0;164.7;140.0;0.0
458.2;181.7;195.0;0.0
116.9;213.7;75.1;0.0
255.9;390.7;314.6;40.0
54.6;962.2;5767.1;0.0
519.0;992.8;3077.1;0.0
104.0;1005.8;3593.0;0.0
137.8;846.5;2862.0;88.0
67.9;592.4;5246.3;680.0
49.5;592.4;3370.8;1280.0
75.0;590.6;4039.6;1280.0
102.7;286.6;3759.2;720.0
50.0;279.0;112.7;0.0
47.4;279.0;0.6;196.0
52.5;248.5;0.9;200.0
50.0;186.0;0.0;0.0
