103.0;268.2;1106.6;0.0
395.9;410.1;320.3;0.0
587.9;361.8;327.4;0.0
550.0;229.5;186.0;0.0
156.0;204.2;74.2;0.0
454.0;219.6;204.6;0.0
229.8;194.7;113.3;0.0
75.9;162.6;0.0;0.0
68.5;162.8;0.0;0.0
101.9;162.8;0.0;0.0
49.5;162.8;0.0;0.0
62.1;162.8;0.0;0.0
93.6;162.8;0.0;0.0
50.0;181.8;0.0;0.0
549.5;181.8;54.0;0.0
214.8;182.8;121.0;0.0
49.5;163.3;0.0;0.0
102.9;163.3;0.0;0.0
274.9;164.2;4.4;0.0
489.0;164.5;184.8;0.0
401.0;164.5;294.0;0.0
300.7;208.5;89.0;0.0
237.9;237.8;39.0;0.0
56.8;217.8;3.0;40.0
49.8;392.8;539.0;0.0
49.6;1022.8;7839.3;0.0
460.0;1025.8;3402.9;0.0
278.6;995.2;2977.5;0.0
554.6;1285.7;2610.2;0.0
475.2;1302.8;3.1;1320.0
79.9;1320.8;6.0;1920.0
81.9;855.7;564.8;608.0
44.7;247.1;591.6;0.0
55.0;247.6;290.1;0.0
46.6;247.6;327.2;0.0
50.0;247.6;300.9;0.0
54.4;278.9;217.8;0.0
47.7;278.9;0.4;132.0
52.5;278.9;0.4;128.0
50.0;248.5;0.7;132.0
49.9;186.5;0.0;0.0
