75.5;98.9;87.0;0.0
49.7;148.9;140.7;0.0
165.0;138.9;88.1;0.0
50.4;156.1;40.1;0.0
0.0;156.1;47.5;0.0
54.0;189.4;35.3;0.0
69.5;162.7;70.4;0.0
109.6;162.7;0.0;0.0
86.0;162.7;0.0;0.0
475.0;163.7;1.1;0.0
387.5;163.7;25.3;0.0
386.3;163.8;163.9;0.0
51.5;163.8;0.0;0.0
70.0;164.0;0.0;0.0
120.5;164.0;1.1;0.0
191.0;164.0;9.2;0.0
5.0;182.9;219.2;0.0
534.9;204.1;91.4;0.0
139.1;166.1;0.0;0.0
110.0;384.5;574.2;88.0
98.9;1034.6;6507.6;0.0
86.4;1417.9;12475.0;0.0
534.8;1416.2;331.4;1496.0
199.0;1050.8;30.1;2904.0
345.9;319.3;64.0;0.0
