95.0;85.5;72.7;0.0
90.5;210.3;758.9;0.0
196.5;454.0;212.1;0.0
772.8;316.1;434.9;0.0
382.8;155.9;224.3;0.0
445.0;228.9;152.4;0.0
272.0;206.5;105.9;0.0
459.3;190.3;62.0;0.0
249.9;179.6;105.0;0.0
78.0;179.6;0.0;0.0
63.9;184.6;0.0;0.0
94.3;184.6;49.0;0.0
324.0;219.6;318.0;0.0
567.0;259.6;71.0;0.0
50.0;234.6;0.0;0.0
92.0;1041.6;6542.0;40.0
66.0;1355.6;11309.0;0.0
60.0;1348.6;15.0;3920.0
367.0;399.6;4.4;0.0
5.0;163.6;14.8;0.0
42.9;163.8;2.6;0.0
49.4;163.8;0.0;0.0
48.5;163.8;0.0;0.0
50.0;163.8;0.0;0.0
53.9;163.8;0.0;0.0
49.5;164.4;1.3;0.0
5.0;164.4;22.1;0.0
59.3;171.6;16.9;0.0
98.0;167.5;0.1;0.0
54.9;169.1;0.0;0.0
45.2;181.2;17.2;8.0
42.3;216.5;629.1;0.0
5.5;278.6;1137.6;0.0
204.6;278.8;0.4;132.0
48.5;278.8;0.6;192.0
48.8;248.5;0.5;72.0
53.4;185.0;0.0;0.0
