55.0;265.4;1011.0;0.0
262.9;572.4;251.7;0.0
933.9;358.0;665.2;0.0
500.0;270.2;25.7;0.0
329.0;226.1;278.6;0.0
466.0;235.1;194.8;0.0
115.0;203.6;53.9;0.0
305.9;196.5;114.0;0.0
50.0;162.5;0.0;0.0
79.0;162.7;0.0;0.0
49.6;162.7;0.0;0.0
81.6;181.7;11.0;0.0
281.8;181.7;181.0;0.0
50.0;250.7;269.0;0.0
118.2;231.7;1.0;0.0
148.0;413.7;538.0;40.0
48.8;1042.7;6375.0;0.0
91.7;1038.2;3166.0;0.0
49.9;1038.2;4000.0;0.0
74.9;1238.1;3723.0;0.0
454.0;1346.1;4.4;1320.0
422.0;1344.3;163.2;1280.0
50.0;1041.3;7.0;1320.0
54.8;164.3;0.0;0.0
49.4;164.6;0.0;0.0
50.0;164.6;0.0;0.0
58.6;164.6;1.1;0.0
29.9;164.6;4.0;0.0
24.9;167.5;30.8;0.0
97.0;168.6;6.6;0.0
50.2;169.4;0.3;8.0
53.0;184.4;53.4;0.0
44.9;247.4;677.3;0.0
49.0;247.9;413.4;0.0
48.7;247.9;366.4;0.0
52.5;279.1;272.3;0.0
49.0;279.1;0.6;196.0
48.6;248.7;0.9;196.0
