64.7;265.5;510.1;0.0
133.0;202.3;616.5;0.0
103.8;153.5;215.8;0.0
5.0;156.3;9.5;0.0
50.0;156.3;44.4;0.0
106.9;176.9;54.0;0.0
71.5;162.5;0.0;0.0
57.2;162.8;0.0;0.0
92.2;162.8;0.0;0.0
105.2;162.8;0.0;0.0
56.9;162.8;0.0;0.0
72.4;162.8;0.0;0.0
65.0;162.8;0.0;0.0
74.5;162.8;0.0;0.0
293.9;162.8;4.0;0.0
448.8;162.8;166.0;0.0
238.9;163.7;3.3;0.0
513.0;163.7;148.5;0.0
88.0;163.8;23.1;0.0
125.6;163.8;11.0;0.0
295.5;164.0;222.0;0.0
95.0;207.0;219.0;0.0
91.0;220.0;1.0;0.0
173.9;1030.0;11587.3;40.0
515.0;1332.6;5973.7;0.0
770.2;1003.9;88.4;3920.0
517.0;365.2;0.0;0.0
51.9;166.2;0.2;0.0
48.0;184.4;53.0;8.0
51.4;247.7;1120.7;0.0
50.5;278.9;607.7;68.0
43.4;278.9;0.4;128.0
53.8;263.1;0.9;196.0
49.5;183.7;0.0;0.0
