95.0;142.7;45.4;0.0
96.0;106.8;120.8;0.0
69.8;127.0;126.1;0.0
83.0;141.0;74.6;0.0
19.9;156.4;45.9;0.0
5.0;156.4;31.8;0.0
17.0;160.1;38.7;0.0
69.0;161.9;0.0;0.0
79.1;163.2;0.0;0.0
63.5;163.2;0.0;0.0
49.9;163.2;0.0;0.0
71.0;163.2;0.0;0.0
100.8;163.2;0.0;0.0
67.8;163.2;0.0;0.0
56.3;163.2;0.0;0.0
132.1;163.2;3.0;0.0
537.4;164.3;132.0;0.0
214.0;164.3;25.4;0.0
479.0;164.4;183.7;0.0
55.7;164.4;0.0;0.0
48.9;164.4;0.0;0.0
164.4;164.6;12.0;0.0
418.6;164.6;285.0;0.0
182.9;206.6;151.1;0.0
426.9;216.6;302.7;0.0
239.1;356.8;395.1;40.0
494.5;984.9;6423.0;0.0
93.6;1002.9;3314.0;0.0
71.9;248.4;8065.6;88.0
505.0;279.4;3990.5;680.0
990.7;279.6;0.4;172.0
74.5;578.3;6.1;940.0
70.7;239.4;3.0;80.0
