136.4;342.0;387.2;0.0
84.0;281.5;396.0;0.0
445.9;425.0;211.4;0.0
522.3;385.6;416.5;0.0
555.0;301.0;25.2;0.0
73.0;224.9;293.1;0.0
495.0;243.9;148.5;0.0
5.0;211.5;101.3;0.0
309.9;192.6;147.0;0.0
56.0;180.9;0.0;0.0
50.0;180.9;0.0;0.0
65.0;180.9;0.0;0.0
82.5;185.9;6.0;0.0
187.9;185.9;94.0;0.0
255.0;222.9;281.0;0.0
147.0;261.9;49.0;0.0
98.9;249.9;13.0;40.0
63.0;409.4;507.0;0.0
73.0;1037.4;6381.0;0.0
175.8;1029.3;3373.3;0.0
473.0;1029.3;3403.4;0.0
136.3;1341.7;3983.9;0.0
74.2;1341.9;4.0;1320.0
60.0;1341.9;10.3;1280.0
406.0;1035.2;283.4;1360.0
39.9;168.8;8.4;0.0
103.0;169.2;4.0;0.0
83.2;169.2;0.0;0.0
48.1;169.5;0.0;0.0
48.8;169.5;0.0;0.0
51.8;167.2;0.0;0.0
46.2;185.0;53.9;8.0
44.0;248.0;637.5;0.0
53.4;248.2;365.5;0.0
0.0;279.2;725.2;0.0
164.3;279.5;0.4;132.0
49.6;279.5;0.4;128.0
50.0;279.5;0.4;128.0
50.0;187.3;0.3;4.0
