44.9;230.5;278.2;0.0
94.9;192.9;253.4;0.0
373.8;318.8;238.1;0.0
485.9;320.5;139.3;0.0
498.7;156.4;348.1;0.0
0.0;201.4;168.3;0.0
500.0;211.4;180.4;0.0
223.6;193.0;101.2;0.0
48.5;162.6;0.0;0.0
58.0;162.9;0.0;0.0
114.9;162.9;0.0;0.0
75.9;162.9;0.0;0.0
58.2;162.9;0.0;0.0
64.5;162.9;0.0;0.0
64.4;162.9;0.0;0.0
339.0;162.9;4.0;0.0
451.0;162.9;176.0;0.0
108.4;162.9;0.0;0.0
86.7;163.8;0.0;0.0
453.0;163.8;25.3;0.0
284.9;163.9;160.6;0.0
94.0;163.9;31.0;0.0
508.8;204.2;371.0;0.0
90.9;222.2;55.1;0.0
446.0;401.2;538.2;40.0
529.0;1024.7;5956.8;0.0
490.6;977.9;3576.8;0.0
612.1;1005.2;2913.1;0.0
118.3;993.5;3527.0;0.0
112.6;1303.5;929.0;680.0
81.3;1306.5;4.0;1280.0
64.0;1306.5;6.0;1920.0
95.0;384.4;79.5;48.0
50.0;184.5;43.2;0.0
44.6;247.5;590.6;0.0
50.9;247.8;311.9;0.0
50.0;247.8;305.8;0.0
49.9;247.8;305.2;0.0
50.0;279.0;211.1;0.0
51.6;279.0;0.4;132.0
49.8;279.0;0.6;192.0
50.0;248.7;0.5;68.0
53.6;186.9;0.0;0.0
