80.5;344.2;1334.6;0.0
436.1;372.2;871.2;0.0
330.1;156.1;573.1;0.0
5.0;156.1;59.0;0.0
5.0;156.8;115.4;0.0
85.7;161.5;7.2;0.0
76.8;162.8;0.0;0.0
55.6;162.8;0.0;0.0
61.0;162.8;0.0;0.0
65.1;162.8;0.0;0.0
89.2;162.8;0.0;0.0
69.5;162.8;0.0;0.0
59.0;162.8;0.0;0.0
57.0;162.8;0.0;0.0
306.5;179.8;3.0;0.0
498.9;163.8;170.0;0.0
325.9;163.8;2.2;0.0
399.9;163.9;159.5;0.0
62.0;163.9;0.0;0.0
66.2;163.9;9.0;0.0
251.0;164.1;173.0;0.0
88.0;241.1;267.0;0.0
535.6;250.1;11.1;0.0
328.9;225.1;268.4;0.0
136.8;1302.0;17684.7;40.0
535.8;1311.3;15.0;3920.0
136.7;349.6;0.0;0.0
48.8;168.6;0.0;0.0
51.8;166.4;0.0;0.0
49.9;184.6;53.1;8.0
47.8;247.5;625.9;0.0
49.8;247.5;329.6;0.0
50.0;247.6;324.2;0.0
47.6;247.6;400.0;0.0
50.0;278.9;52.9;68.0
49.7;278.9;0.4;128.0
54.2;278.9;0.6;192.0
48.5;235.1;0.3;8.0
