124.2;126.9;233.7;0.0
92.7;167.9;192.7;0.0
84.8;138.4;109.1;0.0
89.0;156.1;40.1;0.0
0.0;156.1;79.1;0.0
5.0;181.5;26.1;0.0
64.3;162.8;50.6;0.0
52.4;162.8;0.0;0.0
81.2;162.8;0.0;0.0
59.9;164.1;3.3;0.0
455.0;164.1;100.1;0.0
172.2;164.4;82.5;0.0
49.6;164.6;0.0;0.0
106.6;164.6;0.0;0.0
90.9;164.6;14.3;0.0
353.0;165.1;345.7;0.0
673.8;215.7;18.6;0.0
736.8;215.8;79.0;0.0
145.6;218.0;0.0;0.0
48.4;224.6;0.0;0.0
67.6;224.6;0.0;0.0
92.9;219.6;13.0;0.0
402.1;336.7;149.9;88.0
303.5;1398.9;19269.8;0.0
318.8;1382.2;3.4;1452.0
64.8;1382.2;8.8;2816.0
87.5;335.0;3.3;88.0
