44.6;111.4;75.0;0.0
60.0;133.1;131.4;0.0
136.5;138.2;55.2;0.0
89.9;156.0;40.1;0.0
52.8;156.0;56.2;0.0
194.0;196.6;24.8;0.0
103.0;161.2;15.4;0.0
83.9;162.5;0.0;0.0
58.9;162.5;0.0;0.0
53.5;162.5;0.0;0.0
55.2;162.5;0.0;0.0
83.9;162.5;0.0;0.0
83.5;163.1;0.0;0.0
49.5;163.1;0.0;0.0
68.6;163.1;1.0;0.0
581.9;163.1;3.0;0.0
24.9;163.9;172.4;0.0
467.0;163.9;177.1;0.0
72.3;164.2;9.9;0.0
69.5;164.2;0.0;0.0
81.7;164.2;11.0;0.0
237.4;164.4;113.0;0.0
97.7;200.4;286.1;0.0
558.0;206.9;336.7;0.0
472.6;986.6;6696.9;40.0
114.5;979.4;3272.0;0.0
66.5;847.4;4367.9;88.0
72.5;590.4;5440.3;0.0
77.0;310.7;10647.3;1320.0
106.0;308.0;2.4;732.0
65.4;1172.0;3.8;2136.0
53.1;183.9;0.3;4.0
