90.6;174.6;259.6;0.0
64.2;157.1;632.2;0.0
147.8;137.8;153.8;0.0
93.9;156.0;50.1;0.0
0.0;156.0;9.1;0.0
58.9;178.0;27.2;0.0
67.0;161.6;6.0;0.0
111.0;162.9;0.0;0.0
55.9;162.9;0.0;0.0
96.9;162.9;0.0;0.0
128.8;162.9;0.0;0.0
58.2;162.9;0.0;0.0
65.0;162.9;0.0;0.0
70.0;162.9;0.0;0.0
56.6;179.9;0.0;0.0
451.0;182.9;3.0;0.0
550.0;163.4;0.0;0.0
270.6;164.3;85.4;0.0
379.9;164.7;97.9;0.0
68.0;164.7;32.0;0.0
502.2;164.7;333.0;0.0
393.0;227.9;77.0;0.0
115.5;220.9;2.0;0.0
177.0;397.9;527.1;40.0
255.9;1025.9;6021.6;0.0
180.0;991.7;4082.8;0.0
562.5;989.0;3211.9;0.0
199.0;1301.3;3591.0;0.0
90.8;1302.5;4.0;1320.0
141.3;1304.3;132.6;1848.0
49.9;859.8;451.5;680.0
51.4;247.7;593.8;0.0
50.0;247.7;294.1;0.0
50.0;248.1;295.4;0.0
53.8;248.1;313.2;0.0
45.1;279.4;231.1;0.0
54.5;279.4;0.6;196.0
47.5;279.4;0.4;128.0
49.0;249.0;0.5;68.0
