50.0;130.4;190.2;0.0
94.0;192.3;166.4;0.0
139.9;181.2;240.3;0.0
202.0;250.9;219.4;0.0
115.0;156.1;130.9;0.0
391.0;222.7;89.3;0.0
181.0;186.7;77.0;0.0
59.3;162.8;0.0;0.0
82.3;163.1;0.0;0.0
49.9;163.1;0.0;0.0
48.8;163.1;0.0;0.0
500.0;163.1;99.0;0.0
249.6;183.1;76.0;0.0
55.0;183.1;0.0;0.0
58.1;183.1;0.0;0.0
49.8;183.1;0.0;0.0
89.5;183.6;11.0;0.0
185.0;164.5;183.3;0.0
501.0;214.5;101.6;0.0
227.4;222.9;5.4;0.0
57.5;409.1;538.0;40.0
57.6;1024.1;6440.0;0.0
64.9;1024.1;3766.0;0.0
330.9;993.5;3395.3;0.0
589.0;1275.2;3297.9;0.0
50.0;1141.7;15.0;3920.0
140.0;290.4;165.0;88.0
51.0;282.2;1767.3;0.0
49.0;282.4;0.4;132.0
48.2;282.4;0.4;128.0
54.9;252.0;0.7;132.0
50.0;190.0;0.0;0.0
