98.9;127.6;81.1;0.0
50.0;114.7;189.6;0.0
102.1;165.6;91.0;0.0
206.9;155.0;45.8;0.0
0.0;156.5;18.9;0.0
47.0;177.2;56.4;0.0
83.5;161.7;0.0;0.0
54.1;163.0;0.0;0.0
550.0;163.0;25.0;0.0
304.4;163.0;146.0;0.0
65.0;163.0;0.0;0.0
69.5;163.0;0.0;0.0
76.9;163.0;0.0;0.0
110.9;181.0;11.0;0.0
401.0;183.0;287.0;0.0
212.9;220.0;153.0;0.0
167.0;256.0;0.0;0.0
49.5;406.8;503.0;40.0
445.0;727.8;5941.3;0.0
264.9;1031.2;2996.4;0.0
74.0;1031.2;4508.0;0.0
49.9;1031.2;3426.0;0.0
62.0;1346.2;337.0;680.0
94.6;1344.4;6.0;1920.0
134.5;1040.4;5.1;1360.0
19.9;164.4;3.7;0.0
0.0;164.9;25.2;0.0
69.0;170.5;12.7;0.0
99.5;170.3;0.1;0.0
68.3;171.8;0.0;0.0
49.9;171.8;0.0;0.0
51.0;171.8;0.0;0.0
49.8;171.8;0.0;0.0
48.6;171.8;0.0;0.0
50.0;179.0;16.0;8.0
45.0;222.3;256.1;0.0
55.0;253.1;503.4;0.0
50.0;253.3;305.3;0.0
50.0;253.3;303.3;0.0
50.0;253.3;322.3;0.0
49.4;284.6;72.9;68.0
50.0;284.6;0.4;128.0
49.7;284.6;0.4;128.0
49.9;254.1;0.5;68.0
