44.7;252.9;303.6;0.0
50.0;187.6;212.2;0.0
309.0;273.9;289.0;0.0
335.9;316.1;50.1;0.0
299.0;156.1;315.7;0.0
5.0;156.9;37.5;0.0
337.0;161.7;101.6;0.0
66.4;163.0;0.0;0.0
80.8;163.0;0.0;0.0
55.9;163.0;0.0;0.0
65.8;163.0;0.0;0.0
107.0;163.0;0.0;0.0
64.0;163.0;0.0;0.0
60.5;163.0;0.0;0.0
55.5;163.0;0.0;0.0
302.1;163.0;4.0;0.0
545.6;164.1;154.0;0.0
364.0;164.1;18.2;0.0
378.7;164.2;166.1;0.0
89.0;164.2;0.0;0.0
76.2;164.4;0.0;0.0
185.0;164.4;24.0;0.0
168.9;167.6;66.1;0.0
492.7;168.4;28.9;0.0
470.9;316.7;412.0;40.0
176.6;930.7;6043.0;0.0
158.6;961.7;3141.0;0.0
105.6;959.0;3886.0;0.0
104.9;830.3;3105.0;88.0
95.0;841.0;5531.8;680.0
49.6;564.7;2862.6;1280.0
116.4;562.0;3751.4;1280.0
58.0;861.0;3505.1;680.0
53.9;282.3;238.8;0.0
48.6;282.3;0.6;196.0
48.4;282.3;0.4;128.0
51.0;189.8;0.5;68.0
