71.2;140.0;238.6;0.0
68.0;201.8;109.4;0.0
229.7;313.0;726.4;0.0
348.0;156.4;385.9;0.0
0.0;156.4;132.0;0.0
0.0;156.4;135.0;0.0
536.0;211.4;1.0;0.0
506.0;225.4;0.0;0.0
502.0;225.4;0.0;0.0
494.0;225.4;0.0;0.0
506.0;225.4;0.0;0.0
469.0;225.4;0.0;0.0
530.0;225.4;0.0;0.0
496.0;225.4;0.0;0.0
505.0;231.4;0.0;0.0
150.0;235.4;23.0;0.0
143.0;237.4;151.0;0.0
509.0;237.4;0.0;0.0
470.0;237.4;0.0;0.0
534.0;237.4;0.0;0.0
486.0;242.4;11.0;0.0
299.0;242.4;169.0;0.0
475.0;277.4;216.0;0.0
565.0;291.4;36.0;0.0
439.0;473.4;534.0;40.0
514.0;1101.4;7869.0;0.0
500.0;1104.4;3218.0;0.0
518.0;1104.4;4464.0;0.0
480.0;1415.4;1739.0;680.0
502.0;1415.4;6.0;1920.0
474.0;1112.4;7.0;1320.0
522.0;478.4;0.0;0.0
0.0;156.4;0.0;0.0
0.0;156.4;0.0;0.0
0.0;156.4;0.0;0.0
0.0;156.4;0.0;0.0
0.0;156.4;0.0;0.0
0.0;156.4;0.0;0.0
0.0;156.4;0.0;0.0
0.0;156.4;0.0;0.0
0.0;156.4;0.0;0.0
0.0;156.4;0.0;0.0
0.0;156.4;0.0;0.0
0.0;156.4;0.0;0.0
0.0;156.4;0.0;0.0
0.0;156.4;0.0;0.0
0.0;156.4;0.0;0.0
0.0;156.4;0.0;0.0
0.0;156.4;0.0;0.0
0.0;156.4;0.0;0.0
0.0;156.4;0.0;0.0
0.0;156.4;0.0;0.0
5.0;156.4;2.1;0.0
0.0;156.9;19.3;0.0
39.6;160.9;7.0;0.0
51.1;162.8;0.0;0.0
44.8;163.0;0.0;0.0
50.0;163.0;0.0;0.0
49.9;163.0;0.0;0.0
54.5;163.0;0.0;0.0
49.9;163.0;0.0;0.0
47.3;163.0;0.0;0.0
50.9;163.0;0.0;0.0
49.9;163.0;0.0;0.0
49.8;163.0;0.0;0.0
52.5;164.1;0.0;0.0
0.0;164.1;2.4;0.0
5.0;164.2;14.7;0.0
50.0;164.2;0.0;0.0
54.2;164.2;0.0;0.0
49.4;164.3;0.0;0.0
48.4;164.3;0.0;0.0
49.3;164.3;0.0;0.0
55.0;164.3;3.1;0.0
5.0;166.2;34.0;0.0
97.7;168.5;7.3;0.0
97.0;170.4;0.0;0.0
51.5;172.2;0.0;0.0
41.2;187.4;54.1;8.0
53.8;250.1;635.5;0.0
50.4;250.4;781.6;0.0
44.9;281.1;304.7;0.0
50.0;281.6;0.8;132.0
50.0;281.6;0.4;128.0
55.0;281.6;0.4;128.0
49.1;190.2;0.3;4.0
