105.9;285.4;452.2;0.0
204.2;506.6;196.4;0.0
698.0;172.5;987.4;0.0
0.0;156.2;93.7;0.0
54.0;183.9;116.6;0.0
157.5;161.5;23.1;0.0
57.9;162.8;0.0;0.0
61.7;162.8;0.0;0.0
49.9;164.4;3.3;0.0
547.0;164.4;104.5;0.0
207.8;164.5;82.5;0.0
69.0;164.5;0.0;0.0
50.0;164.5;0.0;0.0
60.0;182.7;0.0;0.0
56.0;164.7;0.0;0.0
515.9;164.7;12.1;0.0
69.9;164.9;156.8;0.0
203.9;215.8;169.4;0.0
517.1;204.8;0.0;0.0
163.5;224.6;0.0;0.0
119.0;224.6;0.0;0.0
124.1;188.8;33.0;0.0
395.0;367.8;246.3;88.0
545.4;896.6;6448.2;0.0
77.9;1000.5;2828.1;0.0
84.5;1001.6;3667.4;0.0
117.5;969.6;3538.4;40.0
111.0;869.9;1118.3;0.0
95.2;562.9;7637.4;1452.0
50.0;559.9;4220.6;2112.0
49.9;248.5;3815.5;748.0
114.2;1142.4;729.0;680.0
