45.0;303.4;756.3;0.0
296.0;361.4;186.1;0.0
445.3;453.9;312.1;0.0
280.7;313.2;415.9;0.0
385.0;155.9;252.1;0.0
487.0;229.9;22.0;0.0
510.0;246.9;0.3;0.0
0.0;246.9;112.3;0.0
25.0;212.8;27.2;0.0
50.0;196.6;0.0;0.0
50.0;184.9;0.0;0.0
49.9;184.9;0.0;0.0
124.9;189.9;9.0;0.0
245.0;189.9;42.0;0.0
212.5;225.9;351.0;0.0
120.5;241.9;39.0;0.0
100.7;417.9;537.0;40.0
62.1;1040.4;6499.0;0.0
57.3;1030.5;3432.0;0.0
410.0;1030.5;3863.3;0.0
339.4;1343.6;3319.4;0.0
57.6;1343.6;6.0;1960.0
61.0;1343.6;6.0;1920.0
54.4;420.8;3.0;40.0
49.8;164.8;0.0;0.0
57.2;164.8;1.1;0.0
20.0;164.8;22.8;0.0
33.8;168.9;17.6;0.0
68.5;169.3;2.0;0.0
51.2;169.3;0.0;0.0
49.0;167.0;0.0;0.0
50.3;278.9;1784.4;8.0
49.0;279.4;0.6;196.0
53.4;279.4;0.4;128.0
47.4;185.2;0.5;68.0
