78.0;131.2;251.0;0.0
96.9;208.7;139.4;0.0
83.7;181.4;271.5;0.0
198.8;232.8;161.8;0.0
60.0;156.4;64.5;0.0
53.0;187.8;65.1;0.0
143.3;178.8;79.2;0.0
61.3;162.7;0.0;0.0
60.0;163.0;0.0;0.0
76.2;163.0;0.0;0.0
50.0;163.0;0.0;0.0
78.0;163.0;0.0;0.0
88.5;163.0;0.0;0.0
97.0;163.0;0.0;0.0
349.1;163.0;12.0;0.0
358.0;163.0;161.0;0.0
90.3;163.0;0.0;0.0
162.0;164.0;3.3;0.0
397.0;164.0;85.2;0.0
390.0;164.2;211.6;0.0
364.0;208.2;114.0;0.0
76.2;216.3;0.0;0.0
110.0;861.3;6457.0;40.0
50.0;1338.3;11384.0;0.0
154.9;1340.3;3.3;3960.0
404.0;387.8;335.5;0.0
79.1;168.3;10.9;0.0
96.8;170.4;0.0;0.0
50.2;171.9;0.0;0.0
51.3;184.6;16.9;8.0
44.6;219.7;447.6;0.0
49.6;250.5;362.5;0.0
51.2;250.7;326.8;0.0
47.9;250.7;292.6;0.0
50.0;263.9;331.3;0.0
55.0;282.0;2.0;68.0
50.0;282.0;0.6;192.0
53.5;282.0;0.4;128.0
44.9;190.3;0.3;4.0
