78.0;151.6;65.6;0.0
74.0;220.1;766.8;0.0
237.2;502.6;260.8;0.0
930.6;323.1;557.4;0.0
500.0;156.4;258.1;0.0
189.0;211.4;56.1;0.0
492.0;238.4;1.0;0.0
48.0;238.4;23.0;0.0
271.0;241.4;161.0;0.0
496.0;241.4;147.4;0.0
415.9;210.8;136.4;0.0
58.8;201.4;3.0;0.0
217.4;189.7;47.0;0.0
200.9;225.7;344.0;0.0
195.5;265.7;60.0;0.0
57.0;265.7;0.0;0.0
61.0;347.7;181.0;40.0
49.2;1359.7;17651.0;680.0
66.1;1359.7;13.0;3240.0
61.1;406.7;0.0;0.0
54.1;162.7;0.0;0.0
50.0;163.6;0.0;0.0
15.0;163.6;2.3;0.0
0.0;163.6;0.0;0.0
0.0;163.6;0.0;0.0
0.0;163.6;0.0;0.0
10.0;163.8;14.6;0.0
49.3;163.8;0.0;0.0
49.5;163.8;0.0;0.0
47.1;164.0;0.0;0.0
50.0;164.0;0.0;0.0
59.6;164.0;1.1;0.0
29.9;164.0;18.5;0.0
54.8;170.8;26.0;0.0
95.7;166.8;0.1;0.0
78.3;168.3;0.0;0.0
50.8;168.8;0.0;0.0
50.0;168.8;0.0;0.0
48.4;168.8;0.0;0.0
49.9;168.8;0.0;0.0
45.0;175.3;16.2;8.0
52.2;219.1;334.6;0.0
44.4;249.9;465.6;0.0
53.4;250.2;329.6;0.0
54.2;250.2;304.8;0.0
49.8;278.1;333.3;0.0
49.1;281.4;2.2;132.0
49.0;281.4;0.4;128.0
50.0;251.1;0.7;136.0
49.6;189.0;0.0;0.0
