109.0;172.3;235.2;0.0
70.0;170.2;653.4;0.0
84.9;182.0;221.3;0.0
95.0;244.8;178.7;0.0
165.0;156.0;115.4;0.0
143.0;198.0;40.8;0.0
174.0;186.5;95.7;0.0
75.0;181.7;3.0;0.0
550.0;163.0;89.0;0.0
203.0;180.0;74.0;0.0
65.2;180.0;0.0;0.0
57.3;180.0;0.0;0.0
93.9;180.0;0.0;0.0
98.0;184.0;50.0;0.0
297.5;217.0;350.0;0.0
120.7;235.0;31.0;0.0
75.6;1352.0;17820.0;40.0
133.0;1346.0;1.3;1320.0
531.0;1346.0;136.4;2600.0
180.0;393.2;41.8;0.0
52.5;164.2;0.0;0.0
45.0;164.2;0.0;0.0
50.0;164.4;0.0;0.0
54.0;164.4;0.0;0.0
54.8;164.4;1.1;0.0
19.9;164.6;27.1;0.0
74.8;171.6;15.7;0.0
85.0;167.6;0.1;0.0
57.4;169.4;0.0;0.0
49.5;166.7;0.2;0.0
49.9;185.2;52.7;8.0
45.0;217.8;591.2;0.0
54.9;248.1;248.2;0.0
47.2;248.2;341.5;0.0
49.2;248.2;314.8;0.0
54.5;279.5;230.7;0.0
47.5;279.5;0.4;132.0
49.6;279.5;0.6;192.0
49.9;249.1;0.5;68.0
