97.1;258.4;445.0;0.0
54.6;235.8;200.5;0.0
174.9;259.3;467.3;0.0
348.0;309.4;137.3;0.0
246.0;156.4;306.2;0.0
55.0;157.0;26.8;0.0
244.4;161.5;95.1;0.0
102.0;162.7;0.0;0.0
56.7;162.8;0.0;0.0
96.9;162.8;0.0;0.0
58.9;162.8;0.0;0.0
65.0;162.8;0.0;0.0
47.7;162.8;0.0;0.0
56.4;162.8;0.0;0.0
63.0;162.8;0.0;0.0
57.3;162.8;1.0;0.0
440.0;163.6;95.3;0.0
287.0;163.6;21.8;0.0
202.9;164.0;82.5;0.0
75.9;164.0;0.0;0.0
195.0;164.0;64.0;0.0
101.0;210.1;370.0;0.0
566.3;248.1;1.0;0.0
113.9;223.1;14.3;0.0
359.0;396.7;264.0;40.0
473.2;981.5;7146.1;0.0
92.8;986.0;3336.0;0.0
59.9;824.0;3850.1;88.0
89.4;572.9;5890.9;0.0
59.0;570.2;6043.8;1320.0
84.7;539.6;4775.7;1920.0
78.0;1191.5;19.2;772.0
52.5;281.5;0.6;192.0
38.8;251.1;0.5;68.0
