138.9;186.3;259.4;0.0
101.0;135.5;80.1;0.0
168.9;182.2;325.6;0.0
144.0;167.9;112.4;0.0
20.0;156.1;83.6;0.0
50.0;156.1;177.0;0.0
335.0;211.1;96.0;0.0
533.0;225.1;0.0;0.0
496.0;225.1;0.0;0.0
500.0;225.1;0.0;0.0
474.0;225.1;0.0;0.0
492.0;225.1;0.0;0.0
520.0;225.1;0.0;0.0
506.0;225.1;2.2;0.0
395.0;235.1;166.4;0.0
218.9;199.1;68.5;0.0
205.0;184.8;98.0;0.0
47.8;163.1;0.0;0.0
75.0;163.1;0.0;0.0
62.3;163.1;0.0;0.0
108.8;163.1;11.0;0.0
195.5;163.1;66.0;0.0
149.9;214.1;313.0;0.0
337.9;236.1;64.0;0.0
74.0;254.1;0.0;0.0
82.1;254.1;0.0;0.0
62.0;221.0;0.0;0.0
454.0;402.0;529.3;40.0
478.0;1029.0;6371.6;0.0
217.9;1028.4;4214.1;0.0
71.1;1028.4;3440.0;0.0
72.5;1338.4;3091.0;0.0
100.0;1341.4;4.0;1320.0
55.4;1338.7;6.0;1920.0
146.2;1034.7;7.1;680.0
19.9;164.9;28.8;0.0
61.6;168.9;13.8;0.0
98.0;170.8;0.0;0.0
52.1;169.8;0.0;0.0
44.9;188.0;54.0;8.0
54.9;230.5;592.0;0.0
49.5;250.9;257.5;0.0
48.6;251.1;316.6;0.0
47.9;251.1;314.6;0.0
54.9;282.4;248.1;0.0
46.7;282.4;0.4;132.0
50.0;282.4;0.6;192.0
50.0;252.1;0.5;68.0
50.0;190.0;0.0;0.0
