184.0;216.4;126.1;0.0
57.9;197.7;443.9;0.0
301.8;268.8;388.2;0.0
277.9;332.0;97.0;0.0
399.0;159.3;377.0;0.0
0.0;159.3;0.0;0.0
0.0;159.3;1.1;0.0
0.0;159.3;1.0;0.0
0.0;159.3;13.2;0.0
0.0;159.3;12.0;0.0
0.0;159.3;7.7;0.0
0.0;159.3;7.0;0.0
363.0;160.0;4.4;0.0
84.1;160.0;5.0;0.0
194.0;160.4;14.3;0.0
520.0;160.4;0.0;0.0
509.0;160.4;10.1;0.0
98.0;160.4;2.0;0.0
0.0;160.4;14.3;0.0
0.0;160.4;0.0;0.0
0.0;160.4;7.7;0.0
0.0;160.4;0.0;0.0
257.4;160.4;4.4;0.0
495.0;398.0;595.1;44.0
540.1;746.7;7573.5;0.0
550.0;1084.4;5079.8;0.0
550.0;1084.4;3282.4;0.0
576.4;1087.7;3718.0;0.0
550.0;1087.7;3467.2;0.0
545.6;1087.7;3858.8;0.0
547.8;1432.0;2587.3;0.0
542.3;1432.0;6.6;2156.0
492.3;1432.0;7.6;2112.0
544.5;1096.5;5.5;748.0
