56.1;184.6;320.6;0.0
65.0;115.9;521.1;0.0
82.4;154.8;93.2;0.0
22.6;159.0;7.9;0.0
0.0;159.0;0.0;0.0
0.0;159.0;1.0;0.0
0.0;159.0;0.0;0.0
0.0;159.0;0.0;0.0
0.0;159.0;0.0;0.0
0.0;159.0;4.1;0.0
0.0;159.0;8.0;0.0
50.0;159.0;7.3;0.0
0.0;159.0;0.0;0.0
0.0;159.0;3.7;0.0
499.0;159.0;1.0;0.0
167.1;159.7;6.6;0.0
273.9;160.1;13.2;0.0
0.0;160.1;0.0;0.0
0.0;160.1;0.0;0.0
0.0;160.1;0.0;0.0
0.0;160.1;0.0;0.0
0.0;160.1;0.0;0.0
0.0;160.1;0.0;0.0
0.0;160.1;1.0;0.0
0.0;160.1;0.0;0.0
0.0;160.1;13.0;0.0
0.0;160.1;0.0;0.0
0.0;160.1;7.0;0.0
0.0;160.1;0.0;0.0
50.0;160.1;5.0;0.0
449.0;337.1;142.0;40.0
505.0;701.1;1001.0;0.0
496.0;701.1;15382.0;0.0
512.0;1009.1;2667.0;0.0
500.0;1014.1;3014.0;0.0
496.0;1014.1;4246.0;0.0
508.0;1014.1;5260.0;0.0
505.0;1014.1;5324.0;0.0
514.0;1014.1;4706.0;0.0
503.0;1014.1;4272.0;0.0
449.0;1322.1;3195.0;0.0
532.0;1331.1;8.0;680.0
492.0;1331.1;8.0;2560.0
500.0;1331.1;4.0;1280.0
0.0;160.1;0.0;0.0
0.0;160.1;0.0;0.0
0.0;160.1;0.0;0.0
0.0;160.1;0.0;0.0
0.0;160.1;0.0;0.0
0.0;160.1;0.0;0.0
0.0;160.1;0.0;0.0
0.0;160.1;0.0;0.0
0.0;160.1;0.0;0.0
0.0;160.1;0.0;0.0
0.0;160.1;0.0;0.0
0.0;160.1;0.0;0.0
0.0;160.1;0.0;0.0
0.0;160.1;0.0;0.0
0.0;160.1;0.0;0.0
0.0;160.1;0.0;0.0
0.0;160.1;0.0;0.0
0.0;160.1;0.0;0.0
0.0;160.1;0.0;0.0
0.0;160.1;0.0;0.0
0.0;160.1;0.0;0.0
0.0;160.1;0.0;0.0
0.0;160.1;0.0;0.0
0.0;160.1;0.0;0.0
0.0;160.1;0.0;0.0
0.0;160.1;0.0;0.0
0.0;160.1;0.0;0.0
0.0;160.1;0.0;0.0
0.0;160.1;0.0;0.0
0.0;160.1;0.1;0.0
0.0;160.1;0.0;0.0
0.0;160.1;1.3;0.0
0.0;160.1;0.0;0.0
5.0;160.1;0.7;0.0
0.0;160.1;0.0;0.0
9.9;160.1;0.4;0.0
48.6;180.3;53.8;4.0
49.1;275.2;2688.6;0.0
50.0;275.8;0.4;132.0
50.0;275.8;0.6;192.0
49.5;275.8;0.4;128.0
49.5;183.6;0.3;4.0
