198.8;114.0;119.6;0.0
81.5;152.8;118.8;0.0
229.8;323.0;457.4;0.0
311.9;178.3;372.0;0.0
149.0;159.3;20.0;0.0
0.0;159.3;1.1;0.0
0.0;159.3;1.0;0.0
0.0;159.3;13.2;0.0
0.0;159.3;13.0;0.0
0.0;159.3;7.7;0.0
0.0;159.3;7.0;0.0
423.5;160.1;19.8;0.0
104.0;160.4;4.0;0.0
499.0;160.4;0.0;0.0
519.0;160.4;1.1;0.0
500.0;160.4;0.0;0.0
499.0;160.4;1.3;0.0
99.0;160.4;0.0;0.0
0.0;160.4;7.7;0.0
0.0;160.4;1.0;0.0
273.9;182.5;166.1;44.0
553.3;402.5;417.1;0.0
82.5;1429.9;29574.6;0.0
3270.3;1429.9;1.6;2156.0
573.1;1429.9;6.6;2112.0
298.9;339.8;150.5;708.0
