78.0;393.8;1251.5;0.0
428.8;408.9;310.3;0.0
237.8;478.6;455.0;0.0
773.9;341.5;467.2;0.0
587.4;184.0;429.0;0.0
55.0;159.4;21.0;0.0
0.0;159.4;0.0;0.0
0.0;159.4;11.1;0.0
0.0;159.4;6.0;0.0
0.0;159.4;12.2;0.0
470.0;159.4;6.0;0.0
203.0;159.4;5.7;0.0
0.0;159.4;0.0;0.0
434.5;160.1;4.5;0.0
567.6;160.1;0.0;0.0
170.0;160.5;1.3;0.0
0.0;160.5;0.0;0.0
55.0;160.5;6.1;0.0
0.0;160.5;0.0;0.0
246.0;183.5;79.3;40.0
494.0;700.5;3895.0;0.0
495.0;1014.5;43636.7;0.0
545.0;1329.5;2105.0;680.0
304.9;1168.8;10.5;3920.0
98.4;182.3;557.7;44.0
48.9;213.7;836.0;0.0
48.5;244.4;301.5;0.0
53.2;244.4;322.8;0.0
49.9;244.4;327.0;0.0
52.4;244.7;338.0;0.0
49.1;244.7;328.0;0.0
43.4;276.0;235.3;0.0
49.9;276.0;0.6;196.0
54.9;276.0;0.6;192.0
54.8;245.6;0.5;68.0
