50.8;289.0;1175.0;0.0
287.5;520.2;308.9;0.0
612.8;387.9;524.3;0.0
591.8;182.7;482.9;0.0
215.6;159.0;22.0;0.0
0.0;159.0;0.0;0.0
0.0;159.0;1.1;0.0
0.0;159.0;0.0;0.0
0.0;159.0;14.3;0.0
0.0;159.0;0.0;0.0
0.0;159.0;7.7;0.0
0.0;159.0;0.0;0.0
400.4;159.9;17.6;0.0
218.9;160.3;2.2;0.0
0.0;160.3;0.0;0.0
0.0;160.3;0.0;0.0
0.0;160.3;0.0;0.0
0.0;160.3;0.0;0.0
0.0;160.3;0.0;0.0
0.0;160.3;0.0;0.0
0.0;160.3;0.0;0.0
0.0;160.3;0.0;0.0
0.0;160.3;0.0;0.0
0.0;160.3;0.0;0.0
0.0;160.3;0.0;0.0
0.0;160.3;0.0;0.0
0.0;160.3;0.0;0.0
0.0;160.3;0.0;0.0
0.0;160.3;0.0;0.0
0.0;160.3;0.0;0.0
0.0;160.3;0.0;0.0
0.0;160.3;1.0;0.0
0.0;160.3;0.0;0.0
0.0;160.3;13.0;0.0
0.0;160.3;0.0;0.0
0.0;160.3;0.0;0.0
0.0;160.3;7.0;0.0
0.0;160.3;0.0;0.0
482.0;160.3;4.0;0.0
505.0;160.3;0.0;0.0
540.0;160.3;0.0;0.0
499.0;160.3;11.0;0.0
200.0;160.3;2.0;0.0
0.0;160.3;0.0;0.0
0.0;160.3;1.0;0.0
0.0;160.3;0.0;0.0
49.0;160.3;13.0;0.0
0.0;160.3;0.0;0.0
0.0;160.3;7.0;0.0
0.0;160.3;0.0;0.0
434.0;262.3;151.0;40.0
501.0;1015.3;42538.0;0.0
533.0;1015.3;3410.0;0.0
498.0;1330.3;3203.0;0.0
500.0;1330.3;4.0;1320.0
495.0;1330.3;8.0;2560.0
485.0;1027.3;5.0;720.0
0.0;160.3;0.0;0.0
0.0;160.3;0.0;0.0
0.0;160.3;0.0;0.0
0.0;160.3;0.0;0.0
0.0;160.3;0.0;0.0
0.0;160.3;0.0;0.0
0.0;160.3;0.0;0.0
0.0;160.3;0.0;0.0
0.0;160.3;0.0;0.0
0.0;160.3;0.0;0.0
0.0;160.3;0.0;0.0
0.0;160.3;0.0;0.0
0.0;160.3;0.0;0.0
0.0;160.3;0.1;0.0
0.0;160.3;0.0;0.0
5.0;160.3;1.3;0.0
0.0;160.3;0.0;0.0
0.0;160.3;0.7;0.0
0.0;160.3;0.0;0.0
4.7;160.3;0.5;0.0
49.9;178.9;26.5;4.0
49.8;213.5;406.5;0.0
48.9;244.3;643.2;0.0
52.5;244.3;352.0;0.0
45.2;244.3;348.2;0.0
54.8;244.7;304.2;0.0
49.9;244.7;330.6;0.0
49.9;275.7;284.7;0.0
48.6;275.9;0.6;196.0
53.0;275.9;0.6;192.0
48.8;245.5;0.3;40.0
