193.9;145.8;96.2;0.0
139.9;138.9;79.4;0.0
50.0;185.5;55.0;0.0
61.0;158.7;18.0;0.0
0.0;158.7;0.0;0.0
0.0;158.7;0.1;0.0
0.0;158.7;0.0;0.0
0.0;158.7;1.3;0.0
0.0;158.7;0.0;0.0
0.0;158.7;7.0;0.0
0.0;158.7;7.7;0.0
487.0;158.7;6.0;0.0
172.5;159.4;7.5;0.0
585.2;159.4;1.1;0.0
273.9;159.8;12.2;0.0
0.0;159.8;0.0;0.0
0.0;159.8;11.1;0.0
0.0;159.8;0.0;0.0
0.0;159.8;6.2;0.0
0.0;159.8;0.0;0.0
191.0;159.8;3.7;0.0
489.0;1015.8;18312.0;40.0
282.2;1301.4;30348.2;44.0
100.4;1136.9;421.5;680.0
48.4;855.2;10085.6;2560.0
50.2;580.7;3132.1;1280.0
50.0;243.7;301.2;0.0
50.0;244.1;311.6;0.0
50.0;244.1;281.9;0.0
48.5;244.1;329.1;0.0
50.0;275.1;261.5;0.0
50.0;275.3;0.6;196.0
53.5;275.3;0.6;192.0
50.0;244.9;0.5;68.0
50.0;181.8;0.0;0.0
