61.5;225.0;337.2;0.0
98.6;216.5;257.4;0.0
117.4;358.6;206.5;0.0
454.9;306.9;210.3;0.0
398.0;158.9;321.0;0.0
53.9;158.9;1.1;0.0
0.0;158.9;0.0;0.0
55.0;158.9;13.3;0.0
0.0;158.9;0.0;0.0
0.0;158.9;6.7;0.0
0.0;158.9;0.0;0.0
387.2;159.8;6.2;0.0
206.8;160.2;6.6;0.0
416.0;160.2;5.0;0.0
542.0;160.2;1.1;0.0
490.0;160.2;0.0;0.0
521.0;160.2;13.3;0.0
162.0;160.2;12.0;0.0
0.0;160.2;7.7;0.0
0.0;160.2;1.0;0.0
447.7;301.6;193.6;44.0
552.2;1073.8;13199.0;0.0
543.4;1073.8;3570.6;0.0
535.7;1419.2;13189.7;0.0
539.0;1422.5;6.6;2156.0
188.0;1181.6;148.1;2820.0
