253.9;125.3;142.5;4664.0
320.9;175.0;556.3;19932.0
529.9;375.5;490.0;25344.0
418.9;476.0;62.4;33704.0
76.9;608.3;86.7;16744.0
493.9;507.5;270.6;66440.0
440.0;422.9;321.2;30448.0
385.0;341.0;190.3;31284.0
383.9;269.9;220.0;28468.0
328.9;183.5;209.0;65472.0
103.4;158.9;22.0;1188.0
0.0;158.9;0.0;0.0
0.0;158.9;0.0;0.0
0.0;158.9;0.0;0.0
0.0;158.9;0.0;0.0
0.0;158.9;0.0;0.0
0.0;158.9;0.0;0.0
0.0;158.9;0.0;0.0
0.0;158.9;0.0;0.0
0.0;158.9;0.0;0.0
0.0;158.9;0.0;0.0
0.0;158.9;0.0;0.0
0.0;158.9;0.0;0.0
0.0;158.9;0.0;0.0
0.0;158.9;0.0;0.0
0.0;158.9;0.0;0.0
0.0;158.9;0.0;0.0
0.0;158.9;0.0;0.0
0.0;158.9;0.0;0.0
0.0;158.9;0.0;0.0
0.0;158.9;0.0;0.0
0.0;158.9;0.0;0.0
0.0;158.9;0.0;0.0
0.0;158.9;0.0;0.0
0.0;158.9;0.0;0.0
55.0;158.9;0.0;0.0
0.0;158.9;0.0;0.0
0.0;158.9;1.1;0.0
0.0;158.9;0.0;0.0
0.0;158.9;0.0;0.0
55.0;158.9;12.2;2244.0
0.0;158.9;0.0;0.0
0.0;158.9;4.7;520.0
50.0;158.9;3.0;920.0
432.3;159.6;5.5;1232.0
218.9;160.0;6.2;1936.0
0.0;160.0;0.0;0.0
281.0;160.0;5.0;0.0
536.0;160.0;0.0;0.0
506.0;160.0;0.0;0.0
474.0;160.0;0.0;0.0
449.0;160.0;13.0;0.0
0.0;160.0;1.1;0.0
0.0;160.0;1.0;0.0
0.0;160.0;0.0;0.0
50.0;160.0;2.2;0.0
0.0;160.0;0.0;0.0
0.0;160.0;0.7;0.0
0.0;160.0;0.0;0.0
187.2;199.1;131.6;4.0
90.9;181.4;175.5;0.0
200.0;213.1;2740.3;3080.0
212.7;530.1;7861.1;0.0
142.6;243.9;1065.1;0.0
50.0;576.4;13389.7;1452.0
95.4;576.4;3334.4;1452.0
49.1;576.4;3190.6;2112.0
49.1;245.1;3992.5;1188.0
90.6;803.3;3893.0;0.0
