85.9;146.4;130.3;0.0
50.0;184.4;446.2;0.0
506.9;280.8;180.7;0.0
224.0;335.8;103.5;0.0
550.0;180.1;429.0;0.0
110.0;159.5;21.0;0.0
0.0;159.5;0.0;0.0
0.0;159.5;10.1;0.0
0.0;159.5;0.0;0.0
0.0;159.5;7.3;0.0
0.0;159.5;0.0;0.0
49.0;159.5;2.7;0.0
492.0;159.5;1.0;0.0
149.0;159.5;8.4;0.0
550.0;160.3;0.0;0.0
545.6;160.3;13.3;0.0
165.0;160.7;0.0;0.0
0.0;160.7;13.0;0.0
0.0;160.7;1.1;0.0
0.0;160.7;7.0;0.0
0.0;160.7;13.2;0.0
296.0;198.7;127.0;40.0
503.0;1003.7;19061.7;0.0
495.0;1318.7;29103.0;0.0
121.1;1265.2;159.0;1924.0
115.0;1124.8;412.5;2720.0
50.0;218.3;917.8;0.0
49.9;244.6;259.5;0.0
52.1;244.6;311.6;0.0
50.0;244.9;314.2;0.0
49.8;244.9;299.4;0.0
50.0;244.9;335.4;0.0
45.0;276.1;250.7;0.0
55.0;276.1;0.6;196.0
47.0;276.1;0.6;192.0
49.9;245.7;0.5;68.0
54.5;181.3;0.0;0.0
