204.6;325.1;1360.4;0.0
385.0;451.7;138.8;0.0
49.6;500.0;488.9;0.0
800.9;345.0;522.3;0.0
550.0;179.4;429.0;0.0
163.9;159.4;21.0;0.0
0.0;159.4;0.0;0.0
50.0;159.4;11.1;0.0
0.0;159.4;0.0;0.0
0.0;159.4;7.3;0.0
0.0;159.4;0.0;0.0
299.0;159.4;2.7;0.0
496.0;159.4;0.0;0.0
176.6;160.0;5.5;0.0
97.6;160.0;11.0;0.0
191.0;160.5;12.3;0.0
0.0;160.5;0.0;0.0
0.0;160.5;0.1;0.0
0.0;160.5;13.0;0.0
0.0;160.5;12.1;0.0
0.0;160.5;7.0;0.0
0.0;160.5;7.7;0.0
98.0;160.5;5.0;0.0
281.4;353.5;224.5;40.0
66.0;506.4;2547.3;44.0
74.3;290.4;5096.3;0.0
50.2;244.8;14634.6;0.0
78.5;578.1;2628.3;748.0
86.0;578.1;3215.0;3520.0
93.9;245.7;3401.5;748.0
