139.9;403.1;1301.4;0.0
370.7;455.6;224.8;0.0
220.6;471.2;555.5;0.0
596.0;198.9;662.5;0.0
249.0;158.9;25.0;0.0
0.0;158.9;1.1;0.0
0.0;158.9;1.0;0.0
0.0;158.9;14.3;0.0
0.0;158.9;13.0;0.0
0.0;158.9;7.7;0.0
0.0;158.9;7.0;0.0
475.2;159.6;17.6;0.0
22.9;159.9;2.2;0.0
550.0;159.9;0.0;0.0
449.0;159.9;1.1;0.0
524.0;159.9;0.0;0.0
500.0;159.9;1.3;0.0
149.0;159.9;0.0;0.0
0.0;159.9;7.7;0.0
0.0;159.9;1.0;0.0
374.0;211.4;176.0;44.0
545.6;1079.3;26037.1;0.0
405.9;1420.3;3949.0;0.0
650.1;1423.6;1.6;2156.0
581.9;1423.6;6.6;2112.0
255.2;1048.2;154.5;708.0
