104.0;264.7;987.6;0.0
340.0;390.5;418.4;0.0
509.8;363.1;237.6;0.0
550.0;184.9;431.2;0.0
165.0;159.1;22.0;0.0
0.0;159.1;1.0;0.0
0.0;159.1;1.1;0.0
0.0;159.1;14.0;0.0
55.0;159.1;14.3;0.0
0.0;159.1;7.0;0.0
0.0;159.1;7.7;0.0
489.0;159.1;6.0;0.0
63.6;177.1;7.5;0.0
557.7;159.8;1.0;0.0
603.9;160.2;14.3;0.0
0.0;160.2;12.0;0.0
0.0;160.2;1.1;0.0
0.0;160.2;7.0;0.0
0.0;160.2;0.0;0.0
340.0;227.2;147.2;40.0
495.0;1017.2;31684.0;0.0
501.0;1328.2;17418.7;0.0
491.0;1333.2;17.0;4680.0
124.8;258.9;195.8;44.0
44.8;213.3;246.1;0.0
54.8;244.2;801.1;0.0
46.9;244.2;359.3;0.0
53.0;244.2;317.3;0.0
47.1;244.5;351.8;0.0
51.6;244.5;338.4;0.0
50.0;275.5;265.9;0.0
49.9;275.7;0.6;196.0
49.6;275.7;0.6;192.0
54.0;245.3;0.3;44.0
