82.0;209.4;176.1;0.0
96.9;217.6;401.3;0.0
153.9;443.4;217.5;0.0
631.9;344.2;424.1;0.0
605.0;176.8;429.0;0.0
0.0;159.0;21.0;0.0
0.0;159.0;0.0;0.0
0.0;159.0;12.0;0.0
0.0;159.0;0.0;0.0
0.0;159.0;7.0;0.0
0.0;159.0;0.0;0.0
99.0;159.0;5.0;0.0
496.0;159.0;0.0;0.0
498.0;159.0;0.0;0.0
484.0;159.0;0.0;0.0
509.0;159.0;0.0;0.0
249.0;177.0;13.0;0.0
0.0;177.0;0.0;0.0
0.0;177.0;1.0;0.0
0.0;177.0;0.0;0.0
0.0;177.0;13.0;0.0
0.0;177.0;0.0;0.0
0.0;177.0;7.0;0.0
0.0;177.0;0.0;0.0
0.0;177.0;4.0;0.0
486.0;344.0;166.0;40.0
504.0;713.0;16951.0;0.0
499.0;1337.0;32152.0;0.0
525.0;1339.0;6.0;1960.0
491.0;1339.0;11.0;2920.0
502.0;404.0;0.0;0.0
0.0;159.0;0.0;0.0
0.0;159.0;0.0;0.0
0.0;159.0;0.0;0.0
0.0;159.0;0.0;0.0
0.0;159.0;0.0;0.0
0.0;159.0;0.0;0.0
0.0;159.0;0.0;0.0
0.0;159.0;0.0;0.0
0.0;159.0;0.0;0.0
0.0;159.0;0.0;0.0
0.0;159.0;0.0;0.0
0.0;159.0;0.0;0.0
0.0;159.0;0.0;0.0
0.0;159.0;0.0;0.0
0.0;159.0;0.0;0.0
0.0;159.0;0.0;0.0
0.0;159.0;0.0;0.0
0.0;159.0;0.0;0.0
0.0;159.0;0.0;0.0
0.0;159.0;0.0;0.0
0.0;159.0;0.0;0.0
0.0;159.0;0.0;0.0
0.0;159.0;0.0;0.0
0.0;159.0;0.0;0.0
5.0;159.0;0.0;0.0
0.0;159.0;0.0;0.0
0.0;159.0;0.1;0.0
0.0;159.0;0.0;0.0
0.0;159.0;1.3;0.0
0.0;159.0;0.0;0.0
0.0;159.0;0.7;0.0
0.0;159.0;0.0;0.0
21.9;159.0;0.5;0.0
54.3;159.8;0.0;0.0
44.9;160.3;1.3;0.0
0.0;160.3;0.0;0.0
0.0;160.3;0.1;0.0
0.0;160.3;0.0;0.0
0.0;160.3;1.2;0.0
0.0;160.3;0.0;0.0
0.0;160.3;0.7;0.0
0.0;160.3;0.0;0.0
18.1;162.1;9.0;4.0
45.0;182.0;45.1;0.0
55.0;213.4;780.6;0.0
50.0;244.2;330.1;0.0
50.0;244.2;306.2;0.0
50.0;244.2;303.4;0.0
49.5;244.6;279.8;0.0
46.9;244.6;388.6;0.0
54.9;275.6;299.9;0.0
49.6;275.9;0.4;132.0
45.0;275.9;0.8;256.0
55.0;245.4;0.5;68.0
50.0;183.7;0.0;0.0
