149.9;224.4;260.2;0.0
62.6;136.2;679.9;0.0
140.5;157.6;143.2;0.0
87.6;157.7;49.1;0.0
58.0;159.0;2.9;0.0
0.0;159.0;0.0;0.0
0.0;159.0;0.0;0.0
0.0;159.0;0.0;0.0
0.0;159.0;0.0;0.0
0.0;159.0;0.0;0.0
0.0;159.0;0.0;0.0
0.0;159.0;0.0;0.0
0.0;159.0;1.1;0.0
0.0;159.0;0.0;0.0
0.0;159.0;14.3;0.0
0.0;159.0;0.0;0.0
0.0;159.0;7.7;0.0
0.0;159.0;0.0;0.0
465.3;159.7;19.8;0.0
0.0;160.1;0.0;0.0
0.0;160.1;1.1;0.0
0.0;160.1;0.0;0.0
55.0;160.1;13.2;0.0
0.0;160.1;0.0;0.0
0.0;160.1;7.7;0.0
0.0;160.1;0.0;0.0
134.2;160.1;5.5;0.0
537.9;389.4;594.0;44.0
534.6;1091.2;11251.9;0.0
537.9;1091.2;6277.8;0.0
576.4;1094.5;5574.8;0.0
509.3;1094.5;5614.6;0.0
534.6;1437.7;339.9;1452.0
519.8;1437.7;1.8;2816.0
541.2;423.5;3.3;484.0
