84.0;497.9;1214.4;0.0
299.0;659.9;370.4;0.0
299.0;605.9;878.7;0.0
981.2;389.9;712.8;0.0
550.0;268.4;308.1;0.0
273.9;159.0;195.8;0.0
0.0;159.0;12.0;0.0
0.0;159.0;1.1;0.0
0.0;159.0;7.0;0.0
199.0;159.0;9.3;0.0
497.0;159.0;0.0;0.0
548.0;159.0;7.7;0.0
492.0;159.0;0.0;0.0
409.0;159.0;6.5;0.0
351.0;159.7;2.0;0.0
550.0;159.7;0.0;0.0
254.1;160.0;13.3;0.0
0.0;160.0;0.0;0.0
0.0;160.0;12.1;0.0
0.0;160.0;0.0;0.0
0.0;160.0;7.3;0.0
0.0;160.0;0.0;0.0
316.0;344.0;170.7;40.0
513.0;1018.0;44998.0;0.0
270.6;1325.0;4592.6;44.0
650.0;1137.1;564.9;1960.0
88.0;702.3;6563.7;2600.0
84.2;863.1;5332.8;0.0
49.4;244.1;307.8;0.0
48.9;244.1;314.0;0.0
50.0;244.7;279.8;0.0
50.0;244.7;299.8;0.0
49.8;244.7;315.6;0.0
50.0;275.9;88.7;68.0
50.0;275.9;0.6;192.0
49.9;275.9;0.4;128.0
49.8;245.6;0.5;68.0
