154.0;210.2;246.9;0.0
80.0;165.2;241.7;0.0
262.5;268.2;249.0;0.0
268.2;311.2;46.7;0.0
400.0;159.1;427.7;0.0
0.0;159.1;0.0;0.0
0.0;159.1;1.0;0.0
0.0;159.1;1.1;0.0
0.0;159.1;13.0;0.0
0.0;159.1;14.3;0.0
0.0;159.1;7.0;0.0
0.0;159.1;7.7;0.0
199.0;159.1;4.0;0.0
210.4;159.1;4.4;0.0
108.9;159.9;8.8;0.0
221.9;160.4;5.5;0.0
484.0;160.4;13.0;0.0
99.0;160.4;1.1;0.0
0.0;160.4;0.0;0.0
55.0;160.4;13.3;0.0
0.0;160.4;0.0;0.0
0.0;160.4;6.7;0.0
0.0;160.4;0.0;0.0
273.9;198.0;165.7;44.0
548.9;401.5;423.5;0.0
150.0;675.4;9936.8;40.0
96.9;244.3;16790.1;0.0
56.0;244.3;427.4;0.0
95.1;244.3;698.5;0.0
119.5;244.8;1171.7;0.0
138.5;244.8;725.4;0.0
94.0;575.8;1637.7;0.0
99.6;579.1;3666.6;2156.0
49.5;579.1;4322.6;2112.0
110.0;374.7;3752.5;748.0
110.0;1128.1;22.0;1320.0
