103.0;115.2;50.4;0.0
58.8;202.7;711.9;0.0
143.0;250.1;373.1;0.0
169.3;288.9;55.0;0.0
349.0;158.9;243.0;0.0
0.0;158.9;0.0;0.0
0.0;158.9;0.1;0.0
0.0;158.9;0.0;0.0
0.0;158.9;3.1;0.0
0.0;158.9;0.0;0.0
0.0;158.9;0.7;0.0
0.0;158.9;0.0;0.0
382.3;159.6;1.4;0.0
65.9;159.6;0.0;0.0
186.7;160.0;14.3;0.0
549.0;160.0;0.0;0.0
500.0;160.0;0.1;0.0
299.0;160.0;12.0;0.0
55.0;160.0;13.2;0.0
0.0;160.0;1.0;0.0
0.0;160.0;7.7;0.0
0.0;160.0;12.0;0.0
55.0;160.0;4.4;0.0
548.9;360.5;193.2;44.0
506.0;988.6;10318.0;0.0
417.5;1079.9;6115.3;0.0
60.8;573.3;21774.5;40.0
111.6;275.5;17286.6;2156.0
74.6;275.5;11.6;2832.0
54.8;180.7;0.3;44.0
