64.7;100.4;118.7;0.0
99.9;112.8;116.6;0.0
132.9;138.6;78.8;0.0
50.0;156.8;39.0;0.0
71.5;159.0;2.0;0.0
0.0;159.0;0.0;0.0
0.0;159.0;0.1;0.0
0.0;159.0;0.0;0.0
0.0;159.0;13.2;0.0
0.0;159.0;0.0;0.0
0.0;159.0;7.7;0.0
0.0;159.0;13.0;0.0
265.1;159.0;5.5;0.0
539.0;159.7;7.0;0.0
495.0;160.1;14.3;0.0
99.0;160.1;5.0;0.0
499.0;160.1;1.1;0.0
498.0;160.1;0.0;0.0
498.0;160.1;14.3;0.0
499.0;160.1;0.0;0.0
282.0;160.1;6.7;0.0
0.0;160.1;0.0;0.0
89.1;160.1;4.5;0.0
548.9;390.7;589.6;44.0
550.0;739.4;6340.6;0.0
550.0;1077.1;5388.9;0.0
550.0;1077.1;3284.2;0.0
542.3;1077.1;3379.2;0.0
397.8;1080.4;3270.8;0.0
50.0;244.4;20430.6;40.0
110.6;244.4;1929.8;0.0
72.5;574.7;5387.9;1452.0
50.0;275.7;14595.6;2112.0
61.6;275.7;10.4;3368.0
72.0;183.5;0.3;244.0
