152.0;224.2;268.6;0.0
80.0;172.8;252.2;0.0
315.4;272.5;276.3;0.0
262.5;320.1;62.1;0.0
401.0;176.5;409.0;0.0
55.0;158.9;22.0;0.0
0.0;158.9;1.0;0.0
0.0;158.9;1.1;0.0
0.0;158.9;13.0;0.0
0.0;158.9;14.3;0.0
0.0;158.9;7.0;0.0
0.0;158.9;7.7;0.0
139.0;158.9;4.0;0.0
201.5;158.9;5.5;0.0
65.0;159.6;0.0;0.0
49.9;160.0;13.3;0.0
199.0;160.0;12.0;0.0
0.0;160.0;1.1;0.0
0.0;160.0;1.0;0.0
0.0;160.0;14.3;0.0
0.0;160.0;13.0;0.0
0.0;160.0;7.7;0.0
0.0;160.0;7.0;0.0
0.0;160.0;4.4;0.0
382.2;344.1;185.3;44.0
49.5;538.1;41242.8;40.0
97.0;571.1;2755.4;0.0
61.0;361.1;3089.4;4880.0
67.9;851.1;3284.6;0.0
54.9;244.5;283.4;0.0
45.9;244.5;315.6;0.0
54.2;244.5;331.8;0.0
50.0;275.8;181.7;0.0
50.0;275.8;0.8;260.0
49.2;275.8;0.4;128.0
55.0;245.4;0.5;68.0
