100.0;146.4;237.2;0.0
99.0;212.0;131.0;0.0
182.8;171.7;229.0;0.0
50.0;156.5;66.6;0.0
168.9;158.7;3.0;0.0
0.0;158.7;0.0;0.0
0.0;158.7;0.1;0.0
0.0;158.7;0.0;0.0
0.0;158.7;1.3;0.0
0.0;158.7;0.0;0.0
0.0;158.7;0.7;0.0
0.0;158.7;0.0;0.0
353.0;158.7;0.5;0.0
85.5;159.5;0.0;0.0
72.9;159.5;12.1;0.0
396.8;159.9;2.2;0.0
399.0;159.9;13.0;0.0
0.0;159.9;1.1;0.0
0.0;159.9;1.0;0.0
0.0;159.9;15.4;0.0
0.0;159.9;12.0;0.0
0.0;159.9;7.7;0.0
0.0;159.9;7.0;0.0
100.1;159.9;5.5;0.0
544.0;393.6;586.7;44.0
102.0;1251.3;28903.2;40.0
50.8;245.1;41800.5;4752.0
68.5;1127.9;7755.0;0.0
