55.2;200.4;365.6;0.0
61.4;128.7;640.8;0.0
211.2;139.4;55.2;0.0
159.9;179.2;61.0;0.0
100.0;159.2;20.0;0.0
0.0;159.2;0.0;0.0
0.0;159.2;0.0;0.0
0.0;159.2;0.0;0.0
0.0;159.2;0.0;0.0
0.0;159.2;1.1;0.0
0.0;159.2;0.0;0.0
0.0;159.2;13.2;0.0
0.0;159.2;0.0;0.0
0.0;159.2;7.7;0.0
0.0;159.2;0.0;0.0
259.6;159.2;5.5;0.0
550.0;159.9;0.0;0.0
495.0;160.3;14.3;0.0
0.0;160.3;0.0;0.0
0.0;160.3;1.1;0.0
0.0;160.3;0.0;0.0
0.0;160.3;14.3;0.0
0.0;160.3;0.0;0.0
0.0;160.3;7.7;0.0
0.0;160.3;0.0;0.0
55.0;160.3;5.5;0.0
550.0;356.2;188.1;44.0
522.5;756.6;6417.4;0.0
545.6;1440.8;23061.5;0.0
592.9;1440.8;4.4;1452.0
543.4;1267.0;12.1;3300.0
