53.0;99.5;142.0;0.0
50.0;134.4;156.3;0.0
117.2;175.3;127.4;0.0
50.0;156.4;92.9;0.0
122.0;159.3;2.0;0.0
0.0;159.3;0.0;0.0
55.0;159.3;0.1;0.0
0.0;159.3;0.0;0.0
0.0;159.3;1.2;0.0
0.0;159.3;0.0;0.0
0.0;159.3;0.7;0.0
0.0;159.3;0.0;0.0
128.6;159.3;1.4;0.0
68.4;160.0;1.0;0.0
272.7;160.4;2.3;0.0
0.0;160.4;0.0;0.0
55.0;160.4;0.1;0.0
0.0;160.4;0.0;0.0
0.0;160.4;2.2;0.0
0.0;160.4;0.0;0.0
0.0;160.4;0.7;0.0
0.0;160.4;0.0;0.0
204.0;184.4;131.5;40.0
107.1;543.6;10078.4;44.0
57.4;841.6;30785.7;0.0
72.2;275.8;21215.0;1320.0
87.5;327.8;7.6;1556.0
32.2;275.8;0.8;256.0
