44.5;328.2;1231.4;0.0
408.0;346.6;956.1;0.0
321.8;324.8;212.9;0.0
556.9;159.4;432.0;0.0
0.0;159.4;0.0;0.0
0.0;159.4;1.0;0.0
0.0;159.4;1.1;0.0
0.0;159.4;12.0;0.0
0.0;159.4;8.3;0.0
0.0;159.4;1.0;0.0
55.0;159.4;5.7;0.0
493.0;159.4;3.0;0.0
206.7;160.1;7.5;0.0
218.9;160.5;13.2;0.0
0.0;160.5;1.0;0.0
0.0;160.5;1.1;0.0
0.0;160.5;13.0;0.0
0.0;160.5;13.2;0.0
0.0;160.5;7.0;0.0
0.0;160.5;7.7;0.0
391.0;240.5;161.0;40.0
252.9;344.4;242.8;44.0
74.5;500.6;12692.5;0.0
49.9;244.2;5756.3;0.0
67.3;244.2;675.2;0.0
56.1;244.2;360.8;0.0
107.0;244.6;1344.6;0.0
75.0;244.6;1320.4;0.0
50.0;244.6;806.4;0.0
83.9;577.8;1944.3;0.0
56.8;577.8;4214.6;2156.0
56.5;337.8;3747.6;2112.0
69.8;562.4;17.5;708.0
