70.9;116.4;158.7;0.0
119.0;155.0;93.6;0.0
19.8;159.2;2.5;0.0
0.0;159.2;0.0;0.0
0.0;159.2;0.1;0.0
0.0;159.2;0.0;0.0
0.0;159.2;1.3;0.0
0.0;159.2;0.0;0.0
0.0;159.2;0.7;0.0
0.0;159.2;0.0;0.0
204.1;159.2;0.5;0.0
89.2;160.0;0.0;0.0
93.0;160.5;14.3;0.0
498.0;160.5;0.0;0.0
499.0;160.5;10.1;0.0
181.0;160.5;2.0;0.0
55.0;160.5;13.2;0.0
0.0;160.5;1.0;0.0
0.0;160.5;7.7;0.0
0.0;160.5;12.0;0.0
217.8;160.5;4.4;0.0
473.0;397.0;588.1;44.0
548.9;1085.6;28187.5;0.0
66.5;1336.9;1239.3;708.0
85.1;866.5;371.5;4268.0
57.6;508.8;11377.0;0.0
