140.9;240.7;281.4;0.0
102.0;171.2;167.4;0.0
324.1;241.7;296.1;0.0
272.0;324.1;97.9;0.0
269.9;159.5;389.0;0.0
0.0;159.5;0.0;0.0
0.0;159.5;1.1;0.0
0.0;159.5;1.0;0.0
55.0;159.5;12.1;0.0
0.0;159.5;0.0;0.0
0.0;159.5;7.7;0.0
0.0;159.5;0.0;0.0
111.7;159.5;9.4;0.0
550.0;160.3;0.0;0.0
537.9;160.3;7.3;0.0
110.0;160.7;0.0;0.0
224.0;160.7;5.0;0.0
515.0;160.7;1.1;0.0
521.0;160.7;0.0;0.0
449.0;160.7;14.3;0.0
445.0;160.7;13.0;0.0
0.0;160.7;7.7;0.0
0.0;160.7;0.0;0.0
403.7;310.4;191.4;44.0
563.2;1081.5;13640.0;0.0
551.1;1425.8;16338.3;0.0
503.8;1428.0;5.6;2156.0
539.0;1428.0;6.6;2112.0
