64.0;377.1;1214.6;0.0
257.1;507.9;572.9;0.0
507.8;300.7;683.8;0.0
493.9;159.2;344.3;0.0
0.0;159.2;0.0;0.0
0.0;159.2;1.1;0.0
0.0;159.2;0.0;0.0
0.0;159.2;5.5;0.0
0.0;159.2;8.8;0.0
0.0;159.2;0.0;0.0
0.0;159.2;7.7;0.0
0.0;159.2;0.0;0.0
503.8;159.9;4.4;0.0
328.9;160.3;14.3;0.0
0.0;160.3;0.0;0.0
0.0;160.3;1.1;0.0
0.0;160.3;0.0;0.0
0.0;160.3;14.3;0.0
0.0;160.3;0.0;0.0
0.0;160.3;7.7;0.0
0.0;160.3;0.0;0.0
243.1;230.9;172.7;44.0
548.9;414.6;423.5;0.0
569.8;1091.1;10095.8;0.0
526.9;1095.5;3140.5;0.0
548.9;1095.5;3439.7;0.0
550.0;1096.6;3439.7;0.0
600.6;1096.6;3011.8;0.0
515.9;1096.6;3689.4;0.0
547.8;1437.6;2757.7;0.0
546.7;1439.8;6.6;2156.0
558.8;1439.8;6.6;2112.0
544.5;1105.4;5.5;748.0
