133.9;379.4;1248.8;0.0
452.0;444.1;279.6;0.0
150.5;462.7;517.5;0.0
659.5;308.2;514.6;0.0
493.9;159.2;368.5;0.0
0.0;159.2;0.0;0.0
53.9;159.2;0.1;0.0
0.0;159.2;0.0;0.0
50.0;159.2;8.5;0.0
0.0;159.2;8.8;0.0
0.0;159.2;0.7;0.0
0.0;159.2;0.0;0.0
185.5;160.0;7.2;0.0
31.9;160.5;7.5;0.0
0.0;160.5;0.0;0.0
0.0;160.5;0.1;0.0
0.0;160.5;0.0;0.0
0.0;160.5;1.3;0.0
0.0;160.5;0.0;0.0
49.0;160.5;0.7;0.0
0.0;160.5;0.0;0.0
29.4;191.2;25.0;4.0
66.2;813.5;44722.7;0.0
62.0;844.7;5402.2;0.0
49.9;570.5;2690.1;4760.0
58.5;868.5;3550.8;0.0
51.5;244.5;342.0;0.0
49.9;244.7;303.0;0.0
50.0;244.7;326.0;0.0
48.2;276.0;200.5;0.0
51.6;276.0;0.8;260.0
49.2;276.0;0.4;128.0
48.4;245.6;0.3;44.0
