88.0;111.2;102.4;0.0
50.0;151.2;191.2;0.0
126.9;173.8;173.3;0.0
57.0;205.4;67.8;0.0
188.9;159.2;91.1;0.0
0.0;159.2;0.0;0.0
0.0;159.2;0.0;0.0
0.0;159.2;0.0;0.0
0.0;159.2;0.0;0.0
0.0;159.2;1.0;0.0
0.0;159.2;0.0;0.0
0.0;159.2;0.0;0.0
50.0;159.2;13.0;0.0
0.0;159.2;1.1;0.0
0.0;159.2;7.0;0.0
0.0;159.2;13.2;0.0
388.0;159.2;5.0;0.0
495.0;159.2;7.7;0.0
494.0;159.2;0.0;0.0
366.8;159.2;4.4;0.0
201.0;159.9;13.0;0.0
570.9;159.9;14.3;0.0
55.0;160.3;1.0;0.0
0.0;160.3;0.0;0.0
0.0;160.3;12.0;0.0
0.0;160.3;0.0;0.0
0.0;160.3;7.0;0.0
0.0;160.3;0.0;0.0
50.0;160.3;5.0;0.0
496.0;348.3;171.0;40.0
550.0;698.3;517.0;0.0
460.0;700.3;16429.0;0.0
525.0;1007.3;2313.0;0.0
500.0;1011.3;3100.0;0.0
483.0;1011.3;4136.0;0.0
487.0;1011.3;3406.1;0.0
508.0;1011.3;3629.0;0.0
524.0;1011.3;5392.0;0.0
496.0;1011.3;3554.3;0.0
535.0;1011.3;3984.0;0.0
400.0;1326.3;2618.7;0.0
508.0;1326.3;8.0;2600.0
193.4;1249.8;170.0;1884.0
50.5;244.5;2612.4;0.0
46.4;275.7;69.7;132.0
15.4;269.9;1.1;300.0
53.4;182.0;0.0;0.0
