66.9;250.2;441.0;0.0
95.0;228.4;134.8;0.0
263.0;259.8;459.5;0.0
331.9;311.8;102.0;0.0
450.0;159.1;427.7;0.0
0.0;159.1;0.0;0.0
0.0;159.1;1.0;0.0
0.0;159.1;1.1;0.0
0.0;159.1;13.0;0.0
0.0;159.1;13.2;0.0
0.0;159.1;7.0;0.0
0.0;159.1;7.7;0.0
387.0;159.1;4.0;0.0
178.3;159.9;4.4;0.0
76.5;159.9;0.0;0.0
40.0;160.3;1.3;0.0
0.0;160.3;0.0;0.0
0.0;160.3;0.1;0.0
0.0;160.3;0.0;0.0
0.0;160.3;1.3;0.0
0.0;160.3;0.0;0.0
0.0;160.3;0.7;0.0
0.0;160.3;0.0;0.0
121.7;205.5;146.5;40.0
108.0;181.8;205.7;44.0
82.2;888.6;18460.6;0.0
96.7;580.6;6909.6;2156.0
105.3;406.8;3681.9;2596.0
53.5;799.5;3282.0;0.0
