62.2;240.4;984.2;0.0
377.4;345.8;454.5;0.0
425.4;328.1;215.1;0.0
493.4;175.6;411.1;0.0
0.0;158.9;20.9;0.0
0.0;158.9;1.0;0.0
0.0;158.9;1.1;0.0
0.0;158.9;12.0;0.0
0.0;158.9;14.3;0.0
0.0;158.9;7.0;0.0
0.0;158.9;7.7;0.0
488.0;158.9;6.0;0.0
256.5;159.6;7.5;0.0
273.9;160.0;14.3;0.0
50.0;160.0;1.0;0.0
0.0;160.0;1.1;0.0
0.0;160.0;12.0;0.0
55.0;160.0;7.3;0.0
0.0;160.0;0.0;0.0
95.0;160.0;2.7;0.0
489.0;373.0;538.0;40.0
405.0;1018.0;46577.4;0.0
104.0;1152.1;728.8;644.0
65.5;574.3;27382.9;1920.0
82.4;275.5;2181.7;1280.0
52.2;275.5;1.2;388.0
48.5;245.2;0.5;68.0
