70.9;246.7;957.0;0.0
260.0;517.9;141.0;0.0
931.7;315.0;588.2;0.0
438.9;156.7;441.1;0.0
0.0;156.7;5.0;0.0
0.0;156.7;8.0;0.0
0.0;156.7;6.1;0.0
0.0;156.7;0.0;0.0
0.0;156.7;7.2;0.0
0.0;156.7;0.0;0.0
0.0;156.7;1.7;0.0
0.0;156.7;0.0;0.0
222.0;183.7;4.6;0.0
299.0;189.7;6.0;0.0
232.0;195.7;53.4;0.0
549.0;195.7;0.0;0.0
486.0;195.7;6.6;0.0
484.0;195.7;0.0;0.0
290.3;159.5;3.3;0.0
228.9;160.2;5.5;0.0
205.8;160.8;53.9;0.0
494.5;160.8;61.0;0.0
125.2;160.8;7.7;0.0
50.0;160.8;3.4;0.0
0.0;160.8;0.0;0.0
0.0;160.8;12.1;0.0
0.0;160.8;0.0;0.0
0.0;160.8;7.3;0.0
0.0;160.8;0.0;0.0
0.0;160.8;1.7;0.0
0.0;160.8;0.0;0.0
0.0;160.8;1.6;0.0
0.0;160.8;0.0;0.0
205.0;160.8;6.7;0.0
449.0;384.8;537.0;40.0
499.0;709.8;1776.6;0.0
531.0;709.8;14993.0;0.0
293.0;1012.8;5873.3;0.0
499.0;1012.8;4259.0;0.0
500.0;1012.8;3983.0;0.0
500.0;1012.8;3256.0;0.0
525.0;1012.8;4325.0;0.0
481.0;1012.8;4279.0;0.0
505.0;1012.8;4100.0;0.0
491.0;1015.8;4564.0;0.0
498.0;1015.8;4202.0;0.0
516.0;1015.8;5340.0;0.0
477.0;1330.8;745.0;1320.0
500.0;1330.8;8.0;2560.0
499.0;1025.8;5.0;920.0
0.0;161.8;0.0;0.0
0.0;161.8;0.0;0.0
0.0;161.8;0.0;0.0
0.0;161.8;0.0;0.0
0.0;161.8;0.0;0.0
0.0;161.8;0.0;0.0
0.0;161.8;0.0;0.0
0.0;161.8;0.0;0.0
0.0;161.8;0.0;0.0
0.0;161.8;0.0;0.0
0.0;161.8;0.0;0.0
0.0;161.8;0.0;0.0
0.0;161.8;0.0;0.0
0.0;161.8;0.0;0.0
0.0;161.8;0.0;0.0
0.0;161.8;0.0;0.0
0.0;161.8;0.0;0.0
0.0;161.8;0.0;0.0
0.0;161.8;0.0;0.0
0.0;161.8;0.0;0.0
0.0;161.8;0.0;0.0
0.0;161.8;0.0;0.0
5.0;161.8;2.0;0.0
39.5;167.8;19.3;4.0
47.8;215.7;137.3;0.0
50.5;247.2;4133.9;0.0
49.8;278.6;1885.3;0.0
42.5;278.9;0.4;132.0
55.1;278.9;1.0;320.0
49.5;183.6;0.5;80.0
