99.8;254.8;254.0;0.0
132.9;196.0;792.2;0.0
175.6;192.3;497.4;0.0
169.3;171.8;111.6;0.0
110.0;156.3;20.9;0.0
0.0;156.3;1.0;0.0
0.0;156.3;1.1;0.0
0.0;156.3;12.0;0.0
0.0;156.3;14.3;0.0
0.0;156.3;7.0;0.0
0.0;156.3;7.7;0.0
0.0;156.3;6.0;0.0
0.0;156.3;6.6;0.0
0.0;156.3;7.0;0.0
0.0;156.3;6.6;0.0
197.0;187.3;3.0;0.0
291.0;193.3;1.5;0.0
467.0;200.3;59.0;0.0
425.7;159.9;25.5;0.0
249.0;176.9;22.1;0.0
540.1;160.6;44.1;0.0
0.0;160.6;13.2;0.0
328.9;161.5;50.8;0.0
0.0;161.5;1.1;0.0
0.0;161.5;7.0;0.0
49.5;161.5;12.3;0.0
0.0;161.5;4.0;0.0
0.0;161.5;7.7;0.0
0.0;161.5;8.0;0.0
0.0;161.5;5.5;0.0
449.0;228.5;157.0;40.0
515.0;397.5;380.5;0.0
474.0;707.5;13831.0;0.0
518.0;1018.5;7715.5;0.0
488.0;1018.5;3270.0;0.0
348.6;1013.1;4038.2;0.0
74.9;833.1;3622.6;44.0
49.8;600.0;3341.2;0.0
58.6;529.8;10594.1;0.0
93.0;246.9;4932.6;0.0
71.0;246.9;820.5;0.0
97.6;246.9;849.3;0.0
74.9;246.9;1047.6;0.0
67.1;246.9;1318.4;0.0
62.5;568.9;3338.5;680.0
58.0;568.9;3837.6;2560.0
86.5;539.9;4079.5;1480.0
50.0;850.2;3779.6;0.0
50.0;247.2;374.2;0.0
54.4;247.2;366.6;0.0
50.0;247.2;356.6;0.0
49.5;278.4;251.5;0.0
49.9;278.7;0.6;196.0
51.9;278.7;0.8;256.0
49.8;248.3;0.5;88.0
