76.1;341.6;1212.6;0.0
381.3;346.7;954.9;0.0
396.0;312.9;205.1;0.0
660.0;156.1;441.1;0.0
50.0;156.1;1.0;0.0
0.0;156.1;0.0;0.0
0.0;156.1;11.1;0.0
0.0;156.1;0.0;0.0
0.0;156.1;7.3;0.0
0.0;156.1;0.0;0.0
0.0;156.1;1.7;0.0
0.0;156.1;0.0;0.0
0.0;156.1;2.5;0.0
0.0;156.1;0.0;0.0
149.0;185.1;2.5;0.0
399.0;193.1;5.0;0.0
0.0;193.1;15.5;0.0
0.0;193.1;0.0;0.0
320.1;159.0;2.2;0.0
70.4;159.6;33.6;44.0
493.0;159.6;20.9;132.0
561.0;159.6;0.0;0.0
367.4;160.3;14.0;0.0
313.1;160.3;41.0;0.0
550.0;160.3;1.0;0.0
550.0;160.3;0.0;0.0
550.0;160.3;13.0;0.0
578.6;160.3;6.0;0.0
533.5;160.3;1.0;0.0
220.0;160.3;7.2;0.0
273.9;161.1;67.1;0.0
0.0;161.1;4.1;0.0
0.0;161.1;0.0;0.0
0.0;161.1;11.3;0.0
484.0;253.1;156.0;40.0
499.0;1019.1;28245.7;0.0
500.0;1334.1;34771.0;0.0
500.0;1337.1;14.5;5320.0
520.0;391.1;0.0;0.0
0.0;161.1;0.4;0.0
0.0;161.1;0.0;0.0
0.0;161.1;0.5;0.0
0.0;161.1;0.0;0.0
40.0;166.1;15.8;4.0
50.0;183.4;38.5;0.0
49.9;215.5;526.7;0.0
54.0;215.5;1409.6;0.0
48.9;246.6;299.6;0.0
50.0;246.6;321.0;0.0
50.0;246.6;333.0;0.0
47.8;246.6;332.6;0.0
52.6;246.6;346.6;0.0
50.0;246.6;334.6;0.0
49.9;246.6;344.6;0.0
49.5;246.6;328.0;0.0
49.0;246.6;405.8;0.0
49.2;247.0;371.0;0.0
50.0;247.0;354.0;0.0
54.3;247.0;382.0;0.0
48.6;278.5;33.3;68.0
49.7;278.5;1.0;320.0
48.1;278.5;0.4;128.0
52.5;186.3;0.3;12.0
