74.0;191.6;313.0;0.0
56.0;206.8;146.8;0.0
88.1;384.2;162.9;0.0
685.3;262.4;352.9;0.0
215.6;156.4;313.5;0.0
0.0;156.4;1.0;0.0
0.0;156.4;1.1;0.0
50.0;156.4;13.0;0.0
0.0;156.4;14.3;0.0
0.0;156.4;7.0;0.0
0.0;156.4;7.7;0.0
0.0;156.4;6.0;0.0
0.0;156.4;6.6;0.0
0.0;156.4;9.0;0.0
0.0;156.4;4.4;0.0
186.0;182.4;2.0;0.0
299.0;188.4;0.5;0.0
199.0;196.4;57.0;0.0
254.9;159.1;2.2;0.0
257.9;159.9;5.5;0.0
318.0;160.6;64.9;0.0
79.4;160.6;0.0;0.0
76.0;160.6;0.0;0.0
48.7;160.6;0.0;0.0
379.0;160.6;30.0;0.0
308.0;160.6;41.0;0.0
597.3;160.6;1.0;0.0
440.0;160.6;12.1;0.0
106.7;161.3;53.0;0.0
162.8;161.5;0.0;0.0
0.0;161.5;1.1;0.0
0.0;161.5;7.0;0.0
0.0;161.5;13.2;0.0
0.0;161.5;5.0;0.0
0.0;161.5;7.7;0.0
50.0;161.5;6.0;0.0
0.0;161.5;6.6;0.0
299.0;182.5;83.0;40.0
495.0;1014.5;30779.4;0.0
494.0;1328.5;31399.0;0.0
466.0;1333.5;3.5;2600.0
489.0;1333.5;11.0;2680.0
379.7;407.0;3.3;0.0
49.4;183.4;53.8;4.0
50.6;247.0;4434.1;0.0
49.4;278.5;1737.7;0.0
50.1;248.4;1.9;540.0
