111.9;234.6;951.5;0.0
226.0;519.8;138.4;0.0
987.8;315.1;588.2;0.0
440.0;156.6;441.1;0.0
50.0;156.6;1.0;0.0
0.0;156.6;0.0;0.0
0.0;156.6;11.1;0.0
0.0;156.6;7.0;0.0
0.0;156.6;13.2;0.0
0.0;156.6;5.0;0.0
0.0;156.6;7.7;0.0
0.0;156.6;6.0;0.0
0.0;156.6;5.5;0.0
352.0;192.6;4.0;0.0
0.0;196.6;19.4;0.0
482.0;199.6;40.0;0.0
492.0;199.6;3.4;0.0
48.0;199.6;30.0;0.0
150.3;182.5;37.2;0.0
161.7;177.1;5.6;0.0
328.9;160.7;64.9;0.0
550.0;160.7;13.0;0.0
541.2;160.7;0.0;0.0
550.0;160.7;7.0;0.0
550.0;160.7;0.0;0.0
547.8;160.7;4.0;0.0
543.4;160.7;0.0;0.0
280.9;160.7;5.1;0.0
258.5;161.4;66.0;0.0
340.0;222.7;155.1;40.0
470.0;390.7;385.0;0.0
521.0;706.7;10314.2;0.0
499.0;709.7;10951.0;0.0
498.0;1017.7;2550.7;0.0
475.0;1017.7;3796.0;0.0
530.0;1017.7;4836.6;0.0
499.0;1017.7;3132.0;0.0
486.0;1017.7;4025.5;0.0
500.0;1017.7;4372.0;0.0
496.0;1020.7;3147.5;0.0
494.0;1020.7;5514.0;0.0
304.2;1015.3;4297.3;0.0
71.6;247.1;36508.5;44.0
58.5;567.1;3579.6;1320.0
481.8;278.6;22749.9;2560.0
2746.1;278.9;0.4;172.0
73.8;1190.9;8.0;3040.0
50.0;248.4;0.5;88.0
48.8;186.6;0.0;0.0
