65.1;108.4;40.4;0.0
50.0;107.0;147.4;0.0
139.7;133.5;135.3;0.0
61.0;146.7;88.3;0.0
15.0;156.4;61.7;0.0
0.0;156.4;0.0;0.0
0.0;156.4;0.1;0.0
0.0;156.4;0.0;0.0
0.0;156.4;2.3;0.0
0.0;156.4;0.0;0.0
0.0;156.4;0.7;0.0
0.0;156.4;0.0;0.0
0.0;156.4;0.6;0.0
0.0;156.4;0.0;0.0
0.0;156.4;4.4;0.0
0.0;156.4;0.0;0.0
197.0;183.4;4.6;0.0
298.0;191.4;6.0;0.0
155.9;159.9;54.6;0.0
467.5;160.6;67.1;0.0
58.0;160.6;1.1;0.0
481.0;160.6;33.0;0.0
223.9;161.5;40.7;0.0
498.0;161.5;1.1;0.0
476.0;161.5;5.0;0.0
0.0;161.5;39.2;0.0
199.0;161.5;15.0;0.0
0.0;161.5;6.7;0.0
0.0;161.5;0.0;0.0
50.0;161.5;8.4;0.0
0.0;161.5;0.0;0.0
0.0;161.5;4.3;0.0
0.0;161.5;0.0;0.0
0.0;161.5;0.5;0.0
0.0;161.5;0.0;0.0
385.0;190.1;147.3;44.0
554.4;1102.0;37518.8;0.0
214.2;1078.0;3850.0;40.0
65.0;883.0;6373.6;0.0
499.0;904.5;9044.3;0.0
2418.6;597.8;9880.6;2156.0
81.8;597.8;3414.8;2816.0
103.7;248.4;3333.5;1100.0
