135.0;182.6;355.6;0.0
99.0;210.2;117.8;0.0
183.6;195.7;467.5;0.0
315.0;255.6;185.0;0.0
163.9;156.1;281.6;0.0
0.0;156.1;1.0;0.0
0.0;156.1;1.1;0.0
0.0;156.1;0.0;0.0
47.0;156.1;1.3;0.0
0.0;156.1;0.0;0.0
0.0;156.1;0.7;0.0
0.0;156.1;0.0;0.0
0.0;156.1;1.5;0.0
0.0;156.1;8.0;0.0
0.0;156.1;7.7;0.0
143.0;191.1;2.0;0.0
349.0;198.1;0.5;0.0
0.0;198.1;60.0;0.0
163.4;179.0;1.2;0.0
120.6;159.5;3.3;0.0
479.5;160.0;67.1;0.0
167.9;160.2;0.0;0.0
77.0;160.2;0.0;0.0
51.1;160.2;1.1;0.0
447.0;160.2;57.2;0.0
273.9;161.1;51.8;0.0
235.0;161.1;0.1;0.0
0.0;161.1;1.0;0.0
55.0;161.1;14.3;0.0
0.0;161.1;13.0;0.0
0.0;161.1;7.7;0.0
0.0;161.1;7.0;0.0
0.0;161.1;6.6;0.0
0.0;161.1;6.0;0.0
0.0;161.1;6.6;0.0
0.0;161.1;7.0;0.0
0.0;161.1;6.6;0.0
439.0;347.1;181.0;40.0
133.9;380.3;234.7;44.0
93.9;514.2;16859.3;0.0
45.6;536.3;8123.6;0.0
61.6;246.3;29204.9;0.0
77.4;246.3;753.5;0.0
64.2;246.8;448.9;0.0
78.8;246.8;942.2;0.0
81.5;246.8;954.6;0.0
85.0;581.0;499.3;0.0
55.0;584.3;3580.4;1452.0
49.9;584.3;3552.8;2816.0
65.0;584.3;4203.4;1408.0
73.9;803.0;3776.3;88.0
