82.2;311.5;1215.2;0.0
282.0;507.7;570.7;0.0
760.7;308.4;586.1;0.0
440.0;156.0;441.1;0.0
0.0;156.0;1.0;0.0
0.0;156.0;1.1;0.0
0.0;156.0;13.0;0.0
0.0;156.0;13.2;0.0
0.0;156.0;7.0;0.0
0.0;156.0;7.7;0.0
0.0;156.0;5.0;0.0
0.0;156.0;6.6;0.0
0.0;156.0;7.0;0.0
0.0;156.0;4.4;0.0
320.0;195.0;4.0;0.0
92.0;202.0;59.5;0.0
495.0;202.0;0.0;0.0
137.0;175.9;8.3;0.0
328.9;159.5;55.5;0.0
303.5;160.2;78.2;0.0
144.1;160.9;67.1;0.0
165.0;161.1;1.1;0.0
0.0;161.1;0.0;0.0
0.0;161.1;4.4;0.0
0.0;161.1;9.9;0.0
0.0;161.1;7.7;0.0
0.0;161.1;0.0;0.0
0.0;161.1;5.5;0.0
0.0;161.1;0.0;0.0
0.0;161.1;4.4;0.0
0.0;161.1;0.0;0.0
0.0;161.1;4.4;0.0
0.0;161.1;0.0;0.0
138.6;161.6;3.3;0.0
587.4;380.5;581.9;44.0
489.5;753.4;1868.9;0.0
539.0;753.4;17806.8;0.0
594.0;1095.5;4991.8;0.0
551.1;1099.9;42340.1;0.0
533.5;1446.4;1375.0;2156.0
0.0;1194.5;14.3;3784.0
1402.5;432.2;0.0;0.0
