45.0;205.7;337.4;0.0
50.0;203.7;233.8;0.0
267.5;246.8;458.1;0.0
357.8;272.3;73.4;0.0
220.0;156.3;360.8;0.0
0.0;156.3;1.0;0.0
0.0;156.3;1.1;0.0
0.0;156.3;0.0;0.0
0.0;156.3;1.3;0.0
0.0;156.3;0.0;0.0
0.0;156.3;0.7;0.0
0.0;156.3;0.0;0.0
55.0;156.3;1.6;0.0
0.0;156.3;0.0;0.0
0.0;156.3;4.4;0.0
0.0;156.3;0.0;0.0
397.0;190.3;1.5;0.0
0.0;190.3;3.0;0.0
134.9;159.4;57.3;0.0
304.5;159.9;6.6;0.0
156.3;160.6;62.7;0.0
77.1;160.6;7.7;0.0
529.0;160.9;68.2;0.0
276.6;161.5;0.0;0.0
348.0;161.5;10.1;0.0
97.0;161.5;62.0;0.0
149.0;161.5;14.3;0.0
0.0;161.5;1.0;0.0
0.0;161.5;7.7;0.0
50.0;161.5;12.0;0.0
0.0;161.5;5.5;0.0
0.0;161.5;7.0;0.0
0.0;161.5;4.4;0.0
0.0;161.5;4.0;0.0
0.0;161.5;4.4;0.0
0.0;161.5;7.0;0.0
435.6;218.6;172.7;44.0
203.1;1073.0;37702.6;40.0
50.0;592.3;6449.9;0.0
50.6;278.8;31557.4;1452.0
91.2;278.8;7.0;2200.0
56.9;553.3;3.5;1876.0
