102.0;118.9;125.5;0.0
50.0;156.5;157.0;0.0
84.9;169.5;230.2;0.0
101.0;173.4;53.3;0.0
55.0;156.6;40.7;0.0
0.0;156.6;0.0;0.0
0.0;156.6;0.1;0.0
0.0;156.6;0.0;0.0
0.0;156.6;14.3;0.0
0.0;156.6;12.0;0.0
0.0;156.6;7.7;0.0
50.0;156.6;7.0;0.0
0.0;156.6;6.6;0.0
0.0;156.6;6.0;0.0
0.0;156.6;5.5;0.0
0.0;156.6;7.0;0.0
0.0;156.6;4.4;0.0
199.0;185.6;2.0;0.0
303.0;159.5;3.3;0.0
354.0;160.1;57.3;0.0
519.0;160.1;24.2;0.0
54.9;160.8;45.1;0.0
83.1;160.8;12.1;0.0
522.0;161.0;67.1;0.0
275.9;161.7;0.0;0.0
448.0;161.7;10.1;0.0
47.0;161.7;59.0;0.0
199.0;161.7;13.2;0.0
0.0;161.7;1.0;0.0
0.0;161.7;7.7;0.0
0.0;161.7;12.0;0.0
0.0;161.7;6.6;0.0
50.0;161.7;7.0;0.0
0.0;161.7;4.4;0.0
0.0;161.7;5.0;0.0
0.0;161.7;6.6;0.0
0.0;161.7;7.0;0.0
161.7;162.2;2.2;0.0
264.0;356.1;160.8;44.0
87.1;646.9;24559.9;40.0
49.5;247.0;14263.1;0.0
103.5;563.3;37498.8;0.0
88.5;278.8;2549.3;1348.0
84.3;278.8;5.2;1664.0
116.6;861.3;0.5;80.0
