0.0;156.2;0.0;0.0
0.0;156.2;1.1;0.0
0.0;156.2;1.0;0.0
0.0;156.2;0.0;0.0
0.0;156.2;14.0;0.0
0.0;156.2;0.0;0.0
0.0;156.2;7.0;0.0
0.0;156.2;14.3;0.0
0.0;156.2;7.0;0.0
0.0;156.2;7.7;0.0
0.0;156.2;9.0;0.0
0.0;156.2;6.6;0.0
231.0;189.2;1.4;0.0
199.0;195.2;4.2;0.0
322.0;202.2;53.5;0.0
505.0;202.2;1.1;0.0
90.4;160.2;6.6;0.0
191.8;160.2;12.2;0.0
548.9;160.5;1.0;0.0
561.0;160.5;0.0;0.0
492.1;160.5;12.0;0.0
550.0;160.5;0.0;0.0
558.8;160.5;7.0;0.0
550.0;160.5;0.0;0.0
544.5;160.5;5.0;0.0
55.0;160.5;13.2;0.0
220.0;161.1;56.9;0.0
55.0;161.4;1.1;0.0
186.0;161.4;2.0;0.0
502.0;1020.4;31022.1;40.0
499.0;1335.4;31661.0;0.0
449.0;1340.4;3.7;1320.0
513.0;1340.4;8.0;2560.0
519.0;1035.4;2.5;1360.0
0.0;161.4;0.0;0.0
0.0;161.4;0.4;0.0
0.0;161.4;0.0;0.0
0.0;161.4;0.4;0.0
0.0;161.4;0.0;0.0
35.0;162.9;6.5;4.0
49.5;183.2;47.7;0.0
48.9;215.6;350.9;0.0
49.5;215.6;1408.5;0.0
52.9;246.8;464.7;0.0
48.8;246.8;314.8;0.0
50.0;246.8;332.9;0.0
48.4;246.8;325.1;0.0
49.4;246.8;321.2;0.0
50.0;246.8;350.4;0.0
53.4;246.8;334.4;0.0
50.0;246.8;339.8;0.0
50.0;246.8;347.4;0.0
47.5;247.1;380.8;0.0
49.9;247.1;352.4;0.0
50.0;247.1;366.0;0.0
51.5;278.6;174.7;0.0
49.7;278.6;1.0;324.0
50.6;278.6;0.6;192.0
50.0;248.2;0.3;24.0
