101.0;120.3;66.4;0.0
50.0;107.4;243.4;0.0
115.6;168.1;113.9;0.0
65.0;176.9;77.6;0.0
114.0;156.6;109.2;0.0
0.0;156.6;0.0;0.0
50.0;156.6;0.1;0.0
0.0;156.6;0.0;0.0
0.0;156.6;2.4;0.0
0.0;156.6;0.0;0.0
0.0;156.6;0.7;0.0
0.0;156.6;0.0;0.0
0.0;156.6;1.6;0.0
0.0;156.6;0.0;0.0
0.0;156.6;3.5;0.0
0.0;156.6;0.0;0.0
5.0;183.6;4.6;0.0
449.0;189.6;3.0;0.0
55.0;159.6;60.2;0.0
58.0;160.1;0.1;0.0
498.0;160.5;58.3;0.0
130.1;160.8;13.2;0.0
88.5;160.8;0.0;0.0
61.3;160.8;0.0;0.0
448.0;160.8;27.1;0.0
272.8;161.7;21.0;0.0
246.0;161.7;40.1;0.0
0.0;161.7;1.0;0.0
55.0;161.7;14.3;0.0
0.0;161.7;13.0;0.0
0.0;161.7;7.7;0.0
0.0;161.7;7.0;0.0
0.0;161.7;6.6;0.0
0.0;161.7;7.0;0.0
0.0;161.7;4.4;0.0
0.0;161.7;9.0;0.0
0.0;161.7;6.6;0.0
312.0;161.7;15.0;40.0
88.9;332.8;380.0;44.0
75.6;503.0;3826.5;0.0
53.9;334.0;11467.2;0.0
60.8;527.0;12821.3;0.0
86.9;247.1;911.0;0.0
94.0;247.1;761.6;0.0
59.0;247.1;448.0;0.0
80.7;247.1;440.2;0.0
67.0;247.1;1864.6;0.0
65.0;247.1;875.6;0.0
49.1;247.1;2065.8;0.0
71.0;247.1;1457.8;0.0
60.0;247.1;462.0;0.0
59.5;561.4;2276.8;0.0
83.5;561.4;4088.8;3880.0
54.0;561.4;4198.0;1280.0
51.0;1200.8;365.5;1292.0
50.0;278.8;0.8;256.0
48.5;278.8;0.4;128.0
49.9;186.6;0.3;12.0
