80.1;192.2;338.0;0.0
57.4;259.3;202.0;0.0
178.5;200.9;587.4;0.0
328.7;235.0;96.8;0.0
110.0;156.5;185.9;0.0
0.0;156.5;1.0;0.0
0.0;156.5;1.1;0.0
0.0;156.5;0.0;0.0
49.0;156.5;2.3;0.0
0.0;156.5;0.0;0.0
0.0;156.5;0.7;0.0
0.0;156.5;0.0;0.0
0.0;156.5;0.6;0.0
0.0;156.5;0.0;0.0
0.0;156.5;3.4;0.0
0.0;156.5;0.0;0.0
400.0;191.5;3.6;0.0
50.0;195.5;64.0;0.0
192.9;159.4;3.3;0.0
390.9;160.0;6.6;0.0
222.6;160.7;64.9;0.0
98.6;160.7;0.0;0.0
50.0;160.7;0.0;0.0
50.0;160.7;0.0;0.0
351.0;160.7;12.0;0.0
291.1;160.7;60.0;0.0
550.0;160.7;1.0;0.0
385.0;160.7;12.1;0.0
161.7;161.4;54.1;0.0
165.0;161.6;1.1;0.0
0.0;161.6;7.0;0.0
0.0;161.6;13.2;0.0
47.0;161.6;5.0;0.0
0.0;161.6;7.7;0.0
0.0;161.6;6.0;0.0
0.0;161.6;5.5;0.0
50.0;161.6;3.0;0.0
449.0;257.6;143.4;40.0
499.0;389.6;385.0;0.0
508.0;702.6;16511.5;0.0
509.0;1014.6;5875.0;0.0
309.9;1010.1;3565.3;0.0
124.0;844.5;3656.9;44.0
62.1;247.0;28543.2;0.0
49.6;594.5;31164.3;0.0
63.6;597.8;3572.8;2860.0
86.2;597.8;3850.8;2816.0
