105.0;239.6;966.8;0.0
347.0;341.2;446.8;0.0
487.9;320.4;195.2;0.0
495.0;156.0;441.1;0.0
0.0;156.0;0.0;0.0
0.0;156.0;1.1;0.0
0.0;156.0;0.0;0.0
0.0;156.0;0.0;0.0
0.0;156.0;13.2;0.0
0.0;156.0;0.0;0.0
0.0;156.0;7.7;0.0
0.0;156.0;0.0;0.0
0.0;156.0;5.5;0.0
0.0;156.0;0.0;0.0
0.0;156.0;4.4;0.0
0.0;156.0;0.0;0.0
0.0;156.0;5.5;0.0
0.0;156.0;0.0;0.0
440.0;181.9;3.3;0.0
165.0;188.5;6.6;0.0
371.8;196.2;66.0;0.0
543.4;196.2;0.0;0.0
544.5;196.2;0.0;0.0
550.0;196.2;0.0;0.0
550.0;196.2;0.0;0.0
547.8;196.2;0.0;0.0
547.8;196.2;0.0;0.0
328.9;196.2;12.1;0.0
220.0;203.9;68.2;0.0
55.0;206.1;1.1;0.0
0.0;206.1;0.0;0.0
55.0;206.1;13.2;0.0
0.0;206.1;0.0;0.0
0.0;206.1;7.7;0.0
0.0;206.1;0.0;0.0
0.0;206.1;6.6;0.0
0.0;206.1;0.0;0.0
0.0;206.1;5.5;0.0
0.0;206.1;0.0;0.0
0.0;206.1;5.5;0.0
0.0;206.1;0.0;0.0
0.0;206.1;2.2;0.0
489.5;293.0;168.3;44.0
562.1;1146.6;32425.8;0.0
545.6;1492.0;36939.1;0.0
532.4;1497.5;4.4;1452.0
550.0;1364.4;16.5;4356.0
610.5;452.5;0.0;0.0
