149.9;187.0;311.6;0.0
87.0;140.7;541.8;0.0
113.9;138.4;64.0;0.0
99.6;156.1;40.1;0.0
0.0;156.1;0.0;0.0
0.0;156.1;0.0;0.0
0.0;156.1;1.1;0.0
0.0;156.1;0.0;0.0
0.0;156.1;14.3;0.0
0.0;156.1;0.0;0.0
0.0;156.1;7.7;0.0
0.0;156.1;0.0;0.0
0.0;156.1;6.6;0.0
0.0;156.1;0.0;0.0
0.0;156.1;6.6;0.0
0.0;156.1;0.0;0.0
0.0;156.1;6.6;0.0
0.0;156.1;0.0;0.0
393.8;188.6;3.3;0.0
55.0;188.6;68.2;0.0
543.4;196.3;1.1;0.0
526.9;196.3;0.0;0.0
265.1;196.3;7.7;0.0
55.0;198.5;71.5;0.0
260.7;205.1;0.0;0.0
0.0;205.1;1.1;0.0
0.0;205.1;0.0;0.0
0.0;205.1;13.2;0.0
0.0;205.1;0.0;0.0
0.0;205.1;7.7;0.0
0.0;205.1;0.0;0.0
55.0;205.1;7.7;0.0
0.0;205.1;0.0;0.0
0.0;205.1;5.5;0.0
0.0;205.1;0.0;0.0
0.0;205.1;6.6;0.0
0.0;205.1;2.2;0.0
484.0;288.7;171.6;44.0
492.8;458.1;423.5;0.0
590.7;802.4;11277.2;0.0
553.3;1143.4;35326.5;0.0
547.8;1492.1;21239.9;0.0
506.0;1495.4;4.4;1452.0
574.2;1495.4;11.0;3520.0
540.1;447.1;3.3;176.0
