45.0;350.7;1191.2;0.0
348.0;344.9;953.9;0.0
414.9;294.8;221.6;0.0
273.9;156.3;424.6;0.0
0.0;156.3;1.0;0.0
0.0;156.3;1.1;0.0
0.0;156.3;12.0;0.0
0.0;156.3;0.0;0.0
0.0;156.3;7.0;0.0
0.0;156.3;0.0;0.0
0.0;156.3;7.0;0.0
0.0;156.3;0.0;0.0
0.0;156.3;8.0;0.0
0.0;156.3;0.0;0.0
149.0;184.3;2.0;0.0
349.0;190.3;5.0;0.0
50.0;195.3;51.3;0.0
499.0;197.3;0.0;0.0
499.0;197.3;7.7;0.0
498.0;197.3;0.0;0.0
489.0;197.3;0.0;0.0
518.0;197.3;6.6;0.0
505.0;197.3;0.0;0.0
99.0;197.3;26.5;0.0
300.0;206.3;39.0;0.0
0.0;206.3;4.5;0.0
0.0;206.3;0.0;0.0
474.1;159.9;7.5;0.0
55.0;160.4;64.9;0.0
550.0;160.6;7.0;0.0
550.0;160.6;0.0;0.0
587.4;160.6;6.0;0.0
551.1;160.6;0.0;0.0
550.0;160.6;9.0;0.0
547.8;160.6;0.0;0.0
500.0;160.6;10.1;0.0
491.0;261.6;134.1;40.0
275.9;1014.5;27255.8;0.0
496.0;1325.5;33354.1;0.0
516.0;1333.5;19.0;5320.0
421.0;377.5;14.3;0.0
0.0;161.5;0.0;0.0
0.0;161.5;0.7;0.0
0.0;161.5;0.0;0.0
0.0;161.5;0.5;0.0
0.0;161.5;0.0;0.0
0.0;161.5;0.6;0.0
0.0;161.5;0.0;0.0
0.0;161.5;0.6;0.0
0.0;161.5;0.0;0.0
39.4;166.0;16.5;4.0
49.9;246.8;2679.8;0.0
50.0;278.3;3483.9;0.0
49.0;278.5;0.4;132.0
51.2;278.5;0.8;256.0
50.0;248.2;0.7;140.0
49.5;186.4;0.0;0.0
