108.1;258.8;900.0;0.0
358.9;340.7;455.5;0.0
365.5;171.0;605.5;0.0
0.0;156.5;20.9;0.0
0.0;156.5;1.0;0.0
55.0;156.5;1.1;0.0
0.0;156.5;0.0;0.0
0.0;156.5;2.3;0.0
0.0;156.5;0.0;0.0
0.0;156.5;0.7;0.0
0.0;156.5;0.0;0.0
0.0;156.5;0.6;0.0
0.0;156.5;0.0;0.0
0.0;156.5;2.6;0.0
0.0;156.5;0.0;0.0
420.0;193.5;2.5;0.0
0.0;193.5;24.0;0.0
132.1;159.8;36.6;0.0
498.0;160.2;68.2;0.0
57.4;160.5;0.0;0.0
83.5;160.5;0.0;0.0
73.6;160.5;0.0;0.0
490.0;160.5;1.1;0.0
894.9;160.5;3.0;0.0
249.0;160.5;57.0;0.0
0.0;160.5;1.0;0.0
0.0;160.5;1.1;0.0
0.0;160.5;13.0;0.0
0.0;160.5;14.3;0.0
0.0;160.5;7.0;0.0
0.0;160.5;7.7;0.0
0.0;160.5;6.0;0.0
0.0;160.5;6.6;0.0
0.0;160.5;8.0;0.0
0.0;160.5;4.4;0.0
294.0;178.5;3.0;0.0
449.0;392.5;502.5;40.0
538.0;717.5;3118.0;0.0
181.0;709.4;14309.3;0.0
480.0;1020.4;4797.0;0.0
534.0;1020.4;3956.0;0.0
483.0;1020.4;4664.0;0.0
498.0;1020.4;3248.0;0.0
485.0;1020.4;4264.0;0.0
517.0;1020.4;3959.0;0.0
515.0;1020.4;4393.0;0.0
485.0;1023.4;4516.0;0.0
504.0;1023.4;5073.0;0.0
495.0;1335.4;5376.0;0.0
499.0;1337.4;4.0;1320.0
501.0;1337.4;8.0;2560.0
490.0;1034.4;7.0;1440.0
0.0;161.4;0.0;0.0
0.0;161.4;0.0;0.0
0.0;161.4;0.0;0.0
0.0;161.4;0.0;0.0
0.0;161.4;0.0;0.0
0.0;161.4;0.0;0.0
0.0;161.4;0.0;0.0
0.0;161.4;0.0;0.0
0.0;161.4;0.0;0.0
0.0;161.4;0.0;0.0
0.0;161.4;0.0;0.0
0.0;161.4;0.0;0.0
0.0;161.4;0.0;0.0
0.0;161.4;0.0;0.0
0.0;161.4;0.0;0.0
0.0;161.4;0.0;0.0
0.0;161.4;0.0;0.0
0.0;161.4;0.0;0.0
0.0;161.4;0.0;0.0
0.0;161.4;0.0;0.0
0.0;161.4;0.1;0.0
29.1;162.6;7.2;4.0
42.5;183.4;53.1;0.0
51.4;215.8;2095.0;0.0
49.6;247.0;3365.9;0.0
46.6;247.0;393.4;0.0
48.8;278.2;309.1;0.0
55.5;278.5;1.2;388.0
45.5;278.5;0.4;128.0
