51.0;241.3;997.7;0.0
377.0;370.1;453.4;0.0
694.9;315.5;206.2;0.0
495.0;156.2;441.1;0.0
0.0;156.2;1.0;0.0
0.0;156.2;0.0;0.0
0.0;156.2;12.1;0.0
0.0;156.2;0.0;0.0
0.0;156.2;8.4;0.0
0.0;156.2;0.0;0.0
0.0;156.2;2.7;0.0
0.0;156.2;0.0;0.0
0.0;156.2;4.5;0.0
0.0;156.2;7.0;0.0
0.0;156.2;4.6;0.0
521.0;198.2;1.0;0.0
0.0;198.2;45.5;0.0
497.0;201.2;22.0;0.0
273.9;159.1;20.3;0.0
73.0;178.7;35.5;0.0
284.9;160.4;65.0;0.0
485.1;160.4;0.0;0.0
540.1;160.4;13.0;0.0
566.5;160.4;0.7;0.0
55.0;160.4;25.3;0.0
266.2;161.3;35.8;0.0
0.0;161.3;1.1;0.0
0.0;161.3;9.0;0.0
0.0;161.3;14.3;0.0
93.0;161.3;3.0;0.0
530.0;355.3;168.7;40.0
489.0;401.3;357.0;0.0
497.0;709.3;17377.6;0.0
508.0;1021.3;5286.0;0.0
496.0;1021.3;3138.6;0.0
492.0;1021.3;3340.0;0.0
535.0;1021.3;3257.7;0.0
495.0;1021.3;3548.0;0.0
63.9;958.3;4888.1;44.0
59.0;246.8;41813.6;0.0
48.6;586.5;17109.3;0.0
57.1;588.7;3857.6;2156.0
62.0;588.7;4237.0;3520.0
