144.9;331.8;1217.0;0.0
278.0;524.9;101.2;0.0
616.8;417.9;804.4;0.0
767.8;290.1;353.1;0.0
220.0;156.4;388.4;0.0
0.0;156.4;0.0;0.0
0.0;156.4;12.0;0.0
0.0;156.4;0.0;0.0
0.0;156.4;7.0;0.0
0.0;156.4;0.0;0.0
0.0;156.4;6.0;0.0
0.0;156.4;0.0;0.0
0.0;156.4;9.0;0.0
0.0;156.4;0.0;0.0
276.0;194.4;3.0;0.0
0.0;194.4;41.0;0.0
507.0;201.4;23.0;0.0
491.0;201.4;0.0;0.0
486.0;201.4;0.0;0.0
523.0;201.4;0.0;0.0
510.0;201.4;0.0;0.0
488.0;201.4;7.0;0.0
50.0;201.4;62.0;0.0
234.0;211.4;1.0;0.0
0.0;211.4;1.0;0.0
0.0;211.4;0.0;0.0
0.0;211.4;13.0;0.0
0.0;211.4;0.0;0.0
0.0;211.4;7.0;0.0
0.0;211.4;0.0;0.0
0.0;211.4;6.0;0.0
0.0;211.4;0.0;0.0
0.0;211.4;8.0;0.0
0.0;211.4;0.0;0.0
180.0;216.4;3.0;0.0
466.0;426.4;538.0;40.0
499.0;1063.4;46575.0;0.0
498.0;1377.4;15609.0;0.0
497.0;1076.4;19.0;5680.0
538.0;427.4;0.0;0.0
0.0;156.4;0.0;0.0
0.0;156.4;0.0;0.0
0.0;156.4;0.0;0.0
0.0;156.4;0.0;0.0
0.0;156.4;0.0;0.0
0.0;156.4;0.0;0.0
0.0;156.4;0.0;0.0
0.0;156.4;0.0;0.0
0.0;156.4;0.0;0.0
0.0;156.4;0.0;0.0
0.0;156.4;0.0;0.0
0.0;156.4;0.0;0.0
0.0;156.4;0.0;0.0
0.0;156.4;0.0;0.0
0.0;156.4;0.0;0.0
0.0;156.4;0.0;0.0
0.0;156.4;0.1;0.0
0.0;156.4;0.0;0.0
4.5;156.4;1.3;0.0
0.0;156.4;0.0;0.0
0.0;156.4;0.7;0.0
0.0;156.4;0.0;0.0
0.0;156.4;0.4;0.0
0.0;156.4;0.0;0.0
0.0;156.4;0.5;0.0
0.0;156.4;0.0;0.0
0.0;156.4;0.5;0.0
0.0;156.4;0.0;0.0
5.0;159.2;0.2;0.0
45.0;159.8;0.3;0.0
0.0;159.8;2.2;0.0
34.6;160.4;4.2;0.0
50.0;160.4;0.0;0.0
50.0;160.4;0.0;0.0
49.4;160.4;0.0;0.0
50.0;160.4;0.0;0.0
54.2;160.4;0.0;0.0
49.2;160.4;0.0;0.0
25.0;160.4;1.2;0.0
23.1;161.1;5.9;0.0
0.0;161.3;0.0;0.0
0.0;161.3;0.0;0.0
0.0;161.3;0.0;0.0
0.0;161.3;0.0;0.0
0.0;161.3;0.0;0.0
0.0;161.3;0.0;0.0
0.0;161.3;0.0;0.0
0.0;161.3;0.0;0.0
0.0;161.3;0.0;0.0
0.0;161.3;0.0;0.0
0.0;161.3;0.0;0.0
0.0;161.3;0.0;0.0
0.0;161.3;0.0;0.0
0.0;161.3;0.0;0.0
0.0;161.3;0.0;0.0
0.0;161.3;0.0;0.0
0.0;161.3;0.0;0.0
0.0;161.3;0.0;0.0
0.0;161.3;0.0;0.0
0.0;161.3;0.0;0.0
