152.6;169.7;291.6;0.0
108.4;137.8;592.6;0.0
249.7;312.7;453.4;0.0
450.0;156.0;383.9;0.0
0.0;156.0;0.0;0.0
0.0;156.0;0.1;0.0
0.0;156.0;0.0;0.0
0.0;156.0;13.2;0.0
0.0;156.0;13.0;0.0
0.0;156.0;7.7;0.0
0.0;156.0;7.0;0.0
0.0;156.0;1.6;0.0
0.0;156.0;0.0;0.0
0.0;156.0;4.4;0.0
0.0;156.0;2.2;0.0
92.0;193.0;1.4;0.0
353.0;183.7;1.2;0.0
548.9;159.8;1.3;0.0
81.8;160.5;10.1;0.0
69.5;160.5;1.1;0.0
505.0;160.5;33.1;0.0
278.9;161.5;12.9;0.0
231.0;161.5;41.1;0.0
0.0;161.5;1.0;0.0
0.0;161.5;0.0;0.0
0.0;161.5;2.3;0.0
0.0;161.5;0.0;0.0
0.0;161.5;0.7;0.0
0.0;161.5;0.0;0.0
0.0;161.5;1.7;0.0
0.0;161.5;0.0;0.0
55.0;161.5;5.4;0.0
0.0;161.5;0.0;0.0
400.0;195.5;152.5;40.0
475.0;388.5;385.0;0.0
222.5;684.8;7714.8;44.0
83.1;508.8;12616.1;0.0
94.0;527.9;2530.3;0.0
131.0;527.9;12426.9;0.0
93.0;247.0;530.7;0.0
49.5;247.0;323.1;0.0
81.6;247.0;1518.9;0.0
62.0;247.0;651.2;0.0
57.9;247.0;1397.2;0.0
49.9;247.0;353.6;0.0
78.5;247.0;1211.6;0.0
49.5;247.0;347.4;0.0
70.0;563.0;455.2;0.0
81.0;561.4;3972.0;3240.0
50.0;561.4;4116.6;1280.0
101.0;247.4;4379.6;840.0
50.0;279.0;33.3;68.0
49.0;279.0;1.0;320.0
54.6;279.0;0.4;128.0
49.4;186.7;0.3;16.0
