47.9;271.6;981.2;0.0
252.9;533.3;93.0;0.0
869.0;302.4;617.9;0.0
328.9;156.6;437.8;0.0
0.0;156.6;1.0;0.0
0.0;156.6;1.1;0.0
0.0;156.6;12.0;0.0
0.0;156.6;0.0;0.0
0.0;156.6;7.0;0.0
0.0;156.6;0.0;0.0
0.0;156.6;8.2;0.0
0.0;156.6;0.0;0.0
0.0;156.6;0.7;0.0
0.0;156.6;0.0;0.0
364.0;192.6;3.6;0.0
50.0;197.6;64.0;0.0
482.0;199.6;5.5;0.0
498.0;199.6;0.0;0.0
511.0;199.6;5.5;0.0
497.0;199.6;0.0;0.0
239.4;160.8;6.6;0.0
450.0;160.8;66.0;0.0
350.0;160.8;11.0;0.0
355.5;161.0;60.1;0.0
485.7;161.0;1.0;0.0
554.4;161.0;1.1;0.0
0.0;161.0;20.1;0.0
323.4;162.0;45.1;0.0
0.0;162.0;6.1;0.0
0.0;162.0;0.0;0.0
0.0;162.0;13.2;0.0
0.0;162.0;6.0;0.0
0.0;162.0;7.7;0.0
0.0;162.0;8.0;0.0
0.0;162.0;5.5;0.0
485.0;240.0;149.0;40.0
503.0;1014.0;28911.3;0.0
495.0;1327.0;33631.0;0.0
495.0;1332.0;1.5;1320.0
480.0;1332.0;12.0;3840.0
157.6;974.9;168.6;164.0
44.9;184.2;38.5;0.0
51.7;216.3;536.4;0.0
53.0;216.3;1449.4;0.0
49.5;247.4;262.9;0.0
47.9;247.4;331.4;0.0
49.7;247.4;337.8;0.0
50.0;247.4;331.2;0.0
48.2;247.4;331.2;0.0
50.0;247.4;346.0;0.0
54.0;247.4;348.4;0.0
48.2;247.4;349.6;0.0
49.9;247.4;364.8;0.0
49.5;247.7;365.2;0.0
54.1;247.7;365.2;0.0
45.0;247.7;390.0;0.0
53.5;279.1;12.5;132.0
49.0;279.1;0.8;256.0
49.2;279.1;0.4;128.0
50.0;186.9;0.3;16.0
