80.0;111.9;73.7;0.0
50.0;125.6;91.4;0.0
97.8;137.8;64.0;0.0
45.0;156.4;40.1;0.0
0.0;156.4;0.0;0.0
0.0;156.4;1.0;0.0
0.0;156.4;1.1;0.0
0.0;156.4;0.0;0.0
0.0;156.4;2.2;0.0
0.0;156.4;0.0;0.0
55.0;156.4;0.7;0.0
0.0;156.4;0.0;0.0
0.0;156.4;0.5;0.0
0.0;156.4;0.0;0.0
0.0;156.4;4.6;0.0
0.0;156.4;0.0;0.0
380.0;188.4;2.5;0.0
148.0;194.4;6.0;0.0
208.9;159.3;57.2;0.0
137.0;160.4;5.5;0.0
452.0;160.6;57.9;0.0
500.0;160.6;64.0;0.0
306.0;160.6;1.0;0.0
550.0;160.6;1.0;0.0
544.5;160.6;0.0;0.0
550.0;160.6;13.0;0.0
542.3;160.6;0.0;0.0
605.0;160.6;7.0;0.0
55.0;160.6;33.0;0.0
273.9;161.5;38.0;0.0
0.0;161.5;0.0;0.0
0.0;161.5;7.0;0.0
0.0;161.5;0.0;0.0
149.0;161.5;2.0;0.0
499.0;353.5;215.0;40.0
511.0;704.5;1905.0;0.0
482.0;707.5;16094.0;0.0
498.0;1018.5;4426.0;0.0
509.0;1018.5;3700.0;0.0
512.0;1018.5;3520.0;0.0
472.0;1018.5;4463.0;0.0
532.0;1018.5;3963.0;0.0
488.0;1018.5;5024.0;0.0
498.0;1018.5;3449.0;0.0
497.0;1021.5;5555.0;0.0
543.0;1021.5;3658.0;0.0
463.0;1021.5;4044.0;0.0
518.0;1336.5;1749.0;680.0
483.0;1336.5;8.0;2560.0
496.0;1336.5;6.0;1920.0
540.0;419.5;3.0;200.0
0.0;161.5;0.0;0.0
0.0;161.5;0.0;0.0
0.0;161.5;0.0;0.0
0.0;161.5;0.0;0.0
0.0;161.5;0.0;0.0
0.0;161.5;0.0;0.0
0.0;161.5;0.0;0.0
0.0;161.5;0.0;0.0
0.0;161.5;0.0;0.0
0.0;161.5;0.0;0.0
0.0;161.5;0.0;0.0
0.0;161.5;0.0;0.0
0.0;161.5;0.0;0.0
0.0;161.5;0.0;0.0
0.0;161.5;0.0;0.0
0.0;161.5;0.0;0.0
0.0;161.5;0.0;0.0
0.0;161.5;0.0;0.0
0.0;161.5;0.0;0.0
0.0;161.5;0.0;0.0
0.0;161.5;0.0;0.0
0.0;161.5;0.0;0.0
0.0;161.5;0.0;0.0
0.0;161.5;0.0;0.0
0.0;161.5;0.0;0.0
0.0;161.5;0.0;0.0
0.0;161.5;0.0;0.0
0.0;161.5;0.0;0.0
0.0;161.5;0.1;0.0
0.0;161.5;0.0;0.0
0.0;161.5;1.2;0.0
0.0;161.5;0.0;0.0
5.0;161.5;0.7;0.0
0.0;161.5;0.0;0.0
0.0;161.5;0.5;0.0
0.0;161.5;0.0;0.0
0.0;161.5;0.4;0.0
0.0;161.5;0.0;0.0
0.0;161.5;0.6;0.0
0.0;161.5;0.0;0.0
29.7;162.5;0.5;4.0
45.0;183.4;53.5;0.0
48.2;215.9;283.0;0.0
55.0;215.9;1392.2;0.0
49.8;247.0;505.9;0.0
48.2;247.0;324.7;0.0
53.0;247.0;343.5;0.0
48.9;247.0;323.6;0.0
50.0;247.0;309.2;0.0
