63.9;115.6;195.8;0.0
143.0;160.1;157.6;0.0
250.9;138.9;132.4;0.0
98.0;156.7;40.1;0.0
0.0;156.7;0.0;0.0
0.0;156.7;1.0;0.0
0.0;156.7;1.1;0.0
0.0;156.7;0.0;0.0
0.0;156.7;1.2;0.0
0.0;156.7;0.0;0.0
0.0;156.7;0.7;0.0
0.0;156.7;0.0;0.0
0.0;156.7;2.4;0.0
0.0;156.7;0.0;0.0
0.0;156.7;3.4;0.0
0.0;156.7;2.2;0.0
435.0;182.7;1.3;0.0
54.9;175.2;4.2;0.0
115.2;160.1;54.3;0.0
138.9;160.8;69.3;0.0
62.9;160.8;1.1;0.0
451.0;161.0;78.1;0.0
325.2;161.7;0.0;0.0
508.0;161.7;1.1;0.0
499.0;161.7;0.0;0.0
150.0;161.7;1.2;0.0
244.0;161.7;58.0;0.0
55.0;161.7;6.7;0.0
0.0;161.7;0.0;0.0
0.0;161.7;6.7;0.0
0.0;161.7;0.0;0.0
0.0;161.7;2.5;0.0
0.0;161.7;0.0;0.0
50.0;161.7;1.5;0.0
0.0;161.7;0.0;0.0
106.7;162.2;4.3;0.0
495.0;272.6;167.2;44.0
303.0;411.7;421.5;0.0
80.0;542.0;11003.1;40.0
91.2;336.2;22975.3;0.0
55.4;562.1;27815.7;0.0
71.8;567.1;3531.6;1960.0
62.0;567.1;3425.6;3400.0
65.8;849.1;3495.8;0.0
50.0;247.1;338.2;0.0
49.8;247.1;361.8;0.0
49.9;247.1;345.3;0.0
50.0;247.1;337.3;0.0
49.6;247.1;357.5;0.0
50.0;247.4;355.1;0.0
50.0;247.4;338.6;0.0
49.9;277.9;361.9;0.0
50.0;278.8;2.0;132.0
54.0;278.8;0.8;256.0
50.0;278.8;0.4;128.0
50.0;186.7;0.3;16.0
