55.0;199.1;349.0;0.0
104.8;198.3;125.0;0.0
220.5;219.8;395.8;0.0
261.0;270.6;148.1;0.0
218.9;156.2;343.2;0.0
0.0;156.2;1.0;0.0
0.0;156.2;0.0;0.0
0.0;156.2;0.0;0.0
0.0;156.2;13.0;0.0
0.0;156.2;0.0;0.0
0.0;156.2;7.0;0.0
0.0;156.2;0.0;0.0
0.0;156.2;5.0;0.0
0.0;156.2;0.0;0.0
0.0;156.2;7.0;0.0
0.0;156.2;0.0;0.0
398.0;193.2;2.0;0.0
50.0;193.2;24.0;0.0
486.0;200.2;38.0;0.0
506.0;200.2;0.0;0.0
497.0;200.2;0.0;0.0
475.0;200.2;0.0;0.0
502.0;200.2;0.0;0.0
490.0;200.2;3.0;0.0
50.0;200.2;27.0;0.0
249.0;209.2;40.0;0.0
0.0;209.2;1.0;0.0
0.0;209.2;0.0;0.0
0.0;209.2;13.0;0.0
0.0;209.2;0.0;0.0
0.0;209.2;7.0;0.0
0.0;209.2;0.0;0.0
0.0;209.2;6.0;0.0
0.0;209.2;0.0;0.0
0.0;209.2;8.0;0.0
0.0;209.2;0.0;0.0
95.0;215.2;2.0;0.0
515.0;383.2;164.0;40.0
449.0;439.2;367.0;0.0
506.0;751.2;15153.0;0.0
479.0;1062.2;6746.0;0.0
532.0;1062.2;3874.0;0.0
491.0;1062.2;3402.0;0.0
499.0;1062.2;3158.0;0.0
498.0;1062.2;4712.0;0.0
480.0;1062.2;4562.0;0.0
489.0;1062.2;4018.0;0.0
515.0;1065.2;4726.0;0.0
500.0;1065.2;3544.0;0.0
505.0;1065.2;6320.0;0.0
506.0;1380.2;1939.0;0.0
488.0;1380.2;10.0;3240.0
489.0;1380.2;7.0;1840.0
499.0;438.2;0.0;0.0
0.0;156.2;0.0;0.0
0.0;156.2;0.0;0.0
0.0;156.2;0.1;0.0
0.0;156.2;0.0;0.0
0.0;156.2;0.0;0.0
0.0;156.2;1.2;0.0
0.0;156.2;0.0;0.0
0.0;156.2;0.7;0.0
0.0;156.2;0.0;0.0
0.0;156.2;0.6;0.0
0.0;156.2;0.0;0.0
5.0;156.2;0.5;0.0
0.0;156.2;0.0;0.0
0.0;156.2;0.7;0.0
0.0;156.2;0.0;0.0
35.0;159.1;0.3;0.0
20.0;159.8;0.5;0.0
20.0;160.6;6.1;0.0
50.0;160.6;0.0;0.0
50.0;160.6;0.0;0.0
50.0;160.6;0.0;0.0
49.8;160.6;0.0;0.0
49.1;160.6;0.0;0.0
49.5;160.6;0.0;0.0
50.0;160.6;1.1;0.0
0.0;160.8;5.9;0.0
24.9;161.5;0.0;0.0
0.0;161.5;0.1;0.0
0.0;161.5;0.0;0.0
5.0;161.5;1.3;0.0
0.0;161.5;0.0;0.0
0.0;161.5;0.7;0.0
0.0;161.5;0.0;0.0
0.0;161.5;0.6;0.0
0.0;161.5;0.0;0.0
0.0;161.5;0.5;0.0
0.0;161.5;0.0;0.0
0.0;161.5;0.5;0.0
0.0;161.5;0.0;0.0
29.9;165.6;8.1;4.0
55.2;183.6;45.3;0.0
45.4;215.6;974.0;0.0
53.4;246.8;1597.5;0.0
38.7;246.8;344.2;0.0
49.9;278.5;3206.1;68.0
53.9;278.5;1.0;320.0
