112.4;178.2;294.6;1120.0
92.4;153.6;609.9;0.0
212.5;338.7;469.2;0.0
399.0;156.7;401.0;0.0
0.0;156.7;0.0;0.0
0.0;156.7;1.1;0.0
0.0;156.7;1.0;0.0
0.0;156.7;13.2;0.0
0.0;156.7;0.0;0.0
0.0;156.7;6.7;0.0
0.0;156.7;0.0;0.0
0.0;156.7;2.5;0.0
0.0;156.7;0.0;0.0
0.0;156.7;2.5;0.0
0.0;156.7;0.0;0.0
0.0;156.7;2.6;0.0
0.0;156.7;0.0;0.0
169.9;159.5;2.1;0.0
128.4;160.1;1.6;0.0
191.0;160.1;7.9;0.0
112.0;160.7;1.1;0.0
96.5;160.7;0.0;0.0
61.9;160.7;12.1;0.0
468.8;160.7;58.3;0.0
275.9;161.7;5.5;0.0
461.0;161.7;1.1;0.0
194.0;161.7;12.0;0.0
299.0;161.7;48.3;0.0
0.0;161.7;1.0;0.0
0.0;161.7;7.7;0.0
0.0;161.7;12.0;0.0
0.0;161.7;6.6;0.0
0.0;161.7;7.0;0.0
0.0;161.7;4.4;0.0
0.0;161.7;5.0;0.0
0.0;161.7;5.5;0.0
0.0;161.7;4.0;0.0
486.2;228.8;167.6;44.0
546.7;1100.0;43901.0;0.0
98.2;958.0;3522.0;40.0
49.8;247.3;42803.2;0.0
49.1;561.3;13283.7;0.0
66.1;377.3;5246.7;5320.0
49.6;870.3;4769.6;0.0
49.5;278.3;346.7;0.0
49.6;278.8;0.6;132.0
49.6;278.8;0.8;256.0
48.3;262.9;0.7;144.0
50.8;186.4;0.0;0.0
