62.1;252.2;940.1;0.0
248.9;486.1;120.4;0.0
746.2;178.8;949.0;0.0
0.0;156.0;40.7;0.0
0.0;156.0;1.0;0.0
0.0;156.0;1.1;0.0
0.0;156.0;12.0;0.0
0.0;156.0;14.3;0.0
0.0;156.0;7.0;0.0
0.0;156.0;7.7;0.0
0.0;156.0;6.0;0.0
0.0;156.0;5.6;0.0
0.0;156.0;7.0;0.0
0.0;156.0;2.5;0.0
98.0;195.0;1.0;0.0
444.0;195.0;18.6;0.0
442.0;202.0;40.0;0.0
249.4;175.9;3.3;0.0
272.9;159.5;5.5;0.0
85.7;160.1;66.0;0.0
94.0;160.1;12.1;0.0
467.8;160.3;59.0;0.0
215.6;161.0;24.0;0.0
289.0;161.0;38.1;0.0
0.0;161.0;1.0;0.0
0.0;161.0;14.3;0.0
0.0;161.0;13.0;0.0
0.0;161.0;7.7;0.0
0.0;161.0;7.0;0.0
0.0;161.0;6.6;0.0
0.0;161.0;7.0;0.0
0.0;161.0;6.6;0.0
0.0;161.0;8.0;0.0
0.0;161.0;6.6;0.0
144.0;161.0;3.0;0.0
90.0;324.1;46.8;4.0
58.0;818.4;41621.2;0.0
61.0;564.6;3927.5;0.0
67.0;564.8;38607.5;5440.0
47.4;1225.1;4679.4;0.0
45.1;278.3;0.6;196.0
54.4;247.9;1.3;352.0
49.5;184.1;0.0;0.0
