45.0;209.8;345.2;0.0
98.0;185.4;173.4;0.0
258.9;228.6;398.2;0.0
244.0;190.3;182.1;0.0
50.0;156.3;73.0;0.0
0.0;156.3;1.1;0.0
0.0;156.3;1.0;0.0
0.0;156.3;5.5;0.0
0.0;156.3;4.8;0.0
0.0;156.3;6.6;0.0
0.0;156.3;6.1;0.0
0.0;156.3;7.7;0.0
0.0;156.3;6.0;0.0
0.0;156.3;0.0;0.0
0.0;156.3;3.4;0.0
0.0;156.3;5.5;0.0
351.0;196.3;3.0;0.0
67.0;159.4;23.2;0.0
495.0;159.9;3.3;0.0
9.5;159.9;23.1;0.0
551.0;159.9;0.0;0.0
119.0;160.6;45.1;0.0
91.0;160.6;0.0;0.0
99.9;160.6;0.0;0.0
89.0;160.6;0.0;0.0
89.7;160.6;7.0;0.0
568.7;160.6;59.0;0.0
251.0;160.6;6.1;0.0
107.8;161.3;63.9;0.0
162.8;161.5;0.0;0.0
0.0;161.5;12.1;0.0
0.0;161.5;0.0;0.0
0.0;161.5;7.3;0.0
0.0;161.5;0.0;0.0
0.0;161.5;2.7;0.0
0.0;161.5;0.0;0.0
0.0;161.5;0.6;0.0
0.0;161.5;0.0;0.0
250.0;161.5;1.4;0.0
499.0;384.5;520.0;40.0
498.0;708.5;4156.3;0.0
495.0;1019.5;16989.0;0.0
262.5;862.9;3032.1;44.0
77.9;246.9;38823.8;0.0
434.8;589.4;20267.3;0.0
2810.4;591.6;3602.4;1452.0
54.6;591.6;3375.0;3520.0
53.1;248.3;3507.5;968.0
