93.9;101.0;89.2;0.0
94.0;128.7;108.4;0.0
166.8;138.9;55.2;0.0
93.9;156.6;40.1;0.0
0.0;156.6;0.0;0.0
0.0;156.6;1.0;0.0
0.0;156.6;1.1;0.0
0.0;156.6;13.0;0.0
0.0;156.6;14.3;0.0
0.0;156.6;7.0;0.0
0.0;156.6;7.7;0.0
0.0;156.6;6.0;0.0
0.0;156.6;5.5;0.0
0.0;156.6;6.0;0.0
0.0;156.6;4.4;0.0
0.0;156.6;2.0;0.0
96.0;191.6;3.5;0.0
395.0;191.6;2.0;0.0
385.0;159.7;2.2;0.0
220.0;160.3;6.6;0.0
512.6;161.0;63.8;0.0
508.2;161.0;0.0;0.0
610.5;161.0;0.0;0.0
53.9;161.0;34.1;0.0
270.6;181.0;42.9;0.0
0.0;181.0;1.1;0.0
0.0;181.0;0.0;0.0
53.9;181.0;14.3;0.0
0.0;181.0;0.0;0.0
0.0;181.0;7.7;0.0
0.0;181.0;0.0;0.0
0.0;181.0;5.5;0.0
0.0;181.0;0.0;0.0
0.0;181.0;6.6;0.0
0.0;181.0;0.0;0.0
0.0;181.0;6.6;0.0
0.0;181.0;0.0;0.0
309.1;200.8;63.8;44.0
496.1;425.2;529.1;0.0
554.4;1119.3;53634.9;0.0
569.8;1119.3;4342.8;0.0
537.9;1465.8;8873.7;0.0
536.8;1469.1;4.4;1452.0
536.8;1469.1;11.0;3520.0
