82.4;148.8;218.4;0.0
56.0;197.0;338.4;0.0
196.8;216.5;421.5;0.0
98.9;173.4;196.3;0.0
495.0;156.0;20.9;0.0
0.0;156.0;0.0;0.0
0.0;156.0;0.1;0.0
0.0;156.0;0.0;0.0
52.8;156.0;2.4;0.0
0.0;156.0;0.0;0.0
0.0;156.0;0.7;0.0
0.0;156.0;0.0;0.0
0.0;156.0;1.5;0.0
0.0;156.0;7.0;0.0
0.0;156.0;6.6;0.0
268.0;191.0;3.0;0.0
249.0;197.0;1.5;0.0
252.0;205.0;60.0;0.0
333.2;178.9;3.3;0.0
183.0;159.5;5.5;0.0
372.1;159.8;68.2;0.0
56.5;160.1;0.0;0.0
93.6;160.1;7.7;0.0
487.0;160.1;26.4;0.0
172.1;160.9;15.8;0.0
246.0;160.9;42.1;0.0
0.0;160.9;1.0;0.0
0.0;160.9;14.3;0.0
0.0;160.9;13.0;0.0
0.0;160.9;7.7;0.0
0.0;160.9;7.0;0.0
0.0;160.9;6.6;0.0
0.0;160.9;6.0;0.0
53.9;160.9;4.4;0.0
0.0;160.9;8.0;0.0
0.0;160.9;6.6;0.0
50.0;160.9;3.0;0.0
148.9;251.5;23.6;4.0
53.9;821.6;31707.5;0.0
49.8;852.3;24663.1;0.0
69.0;855.3;15231.2;1960.0
70.0;246.5;2086.9;3520.0
53.2;246.5;311.5;0.0
46.6;246.5;349.4;0.0
48.9;246.5;326.0;0.0
52.0;246.5;329.6;0.0
50.0;246.5;338.2;0.0
48.6;246.5;340.6;0.0
50.0;246.5;333.2;0.0
53.6;246.5;363.6;0.0
49.2;246.8;365.1;0.0
49.5;246.8;345.5;0.0
50.0;246.8;372.6;0.0
50.0;278.3;114.7;68.0
50.1;278.3;0.8;256.0
51.0;278.3;0.6;192.0
49.8;186.8;0.3;20.0
