81.9;176.3;311.4;0.0
49.9;133.2;591.9;0.0
219.3;154.1;55.4;0.0
129.8;156.3;39.8;0.0
0.0;156.3;0.0;0.0
0.0;156.3;1.1;0.0
0.0;156.3;1.0;0.0
0.0;156.3;14.3;0.0
0.0;156.3;12.0;0.0
0.0;156.3;7.7;0.0
0.0;156.3;7.0;0.0
0.0;156.3;0.0;0.0
0.0;156.3;0.5;0.0
0.0;156.3;0.0;0.0
0.0;156.3;3.5;0.0
0.0;156.3;4.4;0.0
200.0;188.3;1.2;0.0
75.8;159.8;1.6;0.0
274.0;160.1;9.2;0.0
72.0;160.4;0.0;0.0
102.1;160.4;9.9;0.0
453.0;160.4;58.3;0.0
267.1;161.3;8.8;0.0
520.0;161.3;1.1;0.0
472.0;161.3;0.0;0.0
348.0;161.3;3.3;0.0
149.0;161.3;59.0;0.0
149.0;161.3;6.7;0.0
0.0;161.3;0.0;0.0
0.0;161.3;6.6;0.0
0.0;161.3;0.0;0.0
0.0;161.3;5.5;0.0
0.0;161.3;7.0;0.0
0.0;161.3;1.4;0.0
0.0;161.3;1.0;0.0
490.6;229.7;165.6;44.0
547.8;1098.7;47869.8;0.0
447.0;1093.7;3704.0;0.0
130.5;925.7;3859.6;40.0
55.1;870.0;3872.4;0.0
50.0;559.0;8800.9;0.0
70.0;421.8;6173.6;0.0
103.8;594.5;3190.2;1452.0
72.0;594.5;3866.8;2816.0
76.0;594.5;3480.4;1408.0
49.0;793.2;5061.3;220.0
