94.9;160.7;177.6;0.0
96.6;133.8;87.2;0.0
223.8;182.7;270.1;0.0
162.9;277.9;168.0;0.0
249.9;159.3;318.8;0.0
0.0;159.3;0.0;0.0
0.0;159.3;1.0;0.0
0.0;159.3;1.1;0.0
0.0;159.3;13.0;0.0
0.0;159.3;14.3;0.0
0.0;159.3;0.0;0.0
0.0;159.3;0.7;0.0
0.0;159.3;0.0;0.0
0.0;159.3;2.4;0.0
0.0;159.3;0.0;0.0
131.7;160.1;1.5;0.0
49.6;160.1;0.0;0.0
58.9;160.1;12.0;0.0
387.9;160.6;13.4;0.0
0.0;160.6;1.0;0.0
0.0;160.6;1.1;0.0
0.0;160.6;13.0;0.0
0.0;160.6;13.2;0.0
0.0;160.6;7.0;0.0
0.0;160.6;7.7;0.0
49.0;160.6;6.0;0.0
0.0;160.6;4.4;0.0
250.0;202.6;160.0;40.0
451.0;388.8;381.4;0.0
65.1;839.1;8022.7;44.0
134.9;531.7;772.3;0.0
121.2;244.5;2974.2;0.0
50.5;244.5;433.2;0.0
66.1;244.5;839.0;0.0
57.5;563.8;2754.0;680.0
79.9;565.8;3951.8;1920.0
88.5;276.1;791.3;668.0
78.6;1183.1;5.8;2456.0
50.0;245.7;0.5;120.0
