54.7;114.5;158.9;0.0
134.1;139.3;55.2;0.0
49.0;158.0;39.1;0.0
165.8;159.8;2.0;0.0
0.0;159.8;0.0;0.0
55.0;159.8;0.1;0.0
0.0;159.8;0.0;0.0
0.0;159.8;2.3;0.0
0.0;159.8;0.0;0.0
0.0;159.8;0.7;0.0
0.0;159.8;0.0;0.0
0.0;159.8;1.6;0.0
0.0;159.8;0.0;0.0
367.0;159.8;1.4;0.0
195.7;160.6;12.2;0.0
328.9;161.1;14.3;0.0
0.0;161.1;1.0;0.0
0.0;161.1;1.1;0.0
50.0;161.1;13.0;0.0
0.0;161.1;14.3;0.0
0.0;161.1;7.0;0.0
0.0;161.1;7.7;0.0
0.0;161.1;6.0;0.0
0.0;161.1;6.6;0.0
249.0;183.1;134.0;40.0
288.6;1279.5;24723.0;4.0
85.9;1122.9;487.2;3200.0
90.6;839.4;9164.6;1160.0
59.0;868.2;2742.3;0.0
54.5;245.2;319.0;0.0
50.0;245.4;301.0;0.0
50.0;245.4;331.3;0.0
49.9;245.4;354.5;0.0
47.8;276.7;52.3;68.0
50.0;276.7;0.8;256.0
49.6;276.7;0.2;64.0
50.0;184.4;0.3;64.0
