70.6;115.7;158.9;0.0
378.0;311.6;475.4;0.0
278.9;159.2;368.6;0.0
50.0;159.2;19.0;0.0
0.0;159.2;0.0;0.0
0.0;159.2;0.1;0.0
0.0;159.2;0.0;0.0
0.0;159.2;1.3;0.0
0.0;159.2;11.0;0.0
0.0;159.2;7.7;0.0
50.0;159.2;4.0;0.0
499.0;159.2;6.7;0.0
248.0;178.2;13.0;0.0
522.5;160.2;17.6;0.0
273.9;160.7;1.2;0.0
0.0;160.7;0.0;0.0
49.0;160.7;12.1;0.0
0.0;160.7;0.0;0.0
0.0;160.7;6.2;0.0
0.0;160.7;0.0;0.0
0.0;160.7;2.7;0.0
0.0;160.7;0.0;0.0
246.0;197.7;134.6;40.0
537.0;387.7;393.0;0.0
309.2;999.6;8497.3;44.0
56.4;808.8;3116.1;0.0
50.0;245.2;20733.3;0.0
77.4;588.6;1399.7;748.0
51.6;411.7;3782.3;4224.0
80.9;1123.8;1499.0;680.0
