64.5;115.7;158.6;0.0
130.5;138.7;55.2;0.0
583.0;178.6;48.1;0.0
485.9;159.5;11.0;0.0
0.0;159.5;0.0;0.0
0.0;159.5;0.1;0.0
0.0;159.5;0.0;0.0
0.0;159.5;1.3;0.0
0.0;159.5;0.0;0.0
0.0;159.5;0.7;0.0
0.0;159.5;0.0;0.0
0.0;159.5;1.6;0.0
0.0;159.5;0.0;0.0
387.8;160.3;1.5;0.0
48.9;160.3;1.0;0.0
278.4;160.3;2.4;0.0
165.0;160.7;0.0;0.0
0.0;160.7;1.0;0.0
0.0;160.7;1.1;0.0
0.0;160.7;12.0;0.0
55.0;160.7;12.1;0.0
0.0;160.7;7.0;0.0
0.0;160.7;7.7;0.0
0.0;160.7;5.0;0.0
0.0;160.7;4.4;0.0
250.0;186.7;125.0;40.0
273.0;1296.0;24291.9;44.0
89.6;1085.6;495.4;4400.0
44.5;244.9;824.9;0.0
53.5;244.9;327.6;0.0
51.7;245.1;627.2;0.0
0.0;276.2;615.7;0.0
132.2;276.4;0.4;132.0
47.5;276.4;0.8;256.0
49.9;246.0;0.3;48.0
