84.1;330.9;1225.4;0.0
299.1;362.3;953.1;0.0
428.7;332.8;215.9;0.0
64.4;177.0;414.5;0.0
600.6;159.3;17.6;0.0
0.0;159.3;1.0;0.0
0.0;159.3;1.1;0.0
0.0;159.3;13.0;0.0
0.0;159.3;14.3;0.0
0.0;159.3;7.0;0.0
0.0;159.3;2.7;0.0
0.0;159.3;0.0;0.0
50.0;159.3;1.5;0.0
495.0;159.3;1.0;0.0
178.4;160.1;2.2;0.0
218.9;160.6;7.7;0.0
49.0;160.6;1.0;0.0
0.0;160.6;1.1;0.0
0.0;160.6;13.0;0.0
47.3;160.6;14.3;0.0
0.0;160.6;7.0;0.0
0.0;160.6;7.7;0.0
0.0;160.6;6.0;0.0
0.0;160.6;5.5;0.0
249.0;187.6;108.0;40.0
183.0;968.0;17457.7;44.0
89.0;1121.7;6441.5;0.0
71.1;405.7;9154.6;4320.0
59.0;873.7;3175.7;0.0
50.0;244.7;306.4;0.0
49.3;244.7;324.2;0.0
50.0;244.9;321.4;0.0
49.9;247.6;364.7;0.0
51.5;276.2;2.2;132.0
50.0;276.2;0.6;192.0
47.0;245.7;0.5;124.0
50.0;183.9;0.0;0.0
