454.0;159.5;388.0;0.0
99.0;159.5;20.0;0.0
0.0;159.5;1.1;0.0
0.0;159.5;1.0;0.0
0.0;159.5;14.3;0.0
0.0;159.5;13.0;0.0
0.0;159.5;7.7;0.0
0.0;159.5;7.0;0.0
0.0;159.5;5.5;0.0
0.0;159.5;5.0;0.0
265.1;160.3;4.4;0.0
253.8;160.3;10.4;0.0
379.0;160.7;0.0;0.0
450.0;160.7;0.0;0.0
350.0;160.7;13.1;0.0
0.0;160.7;0.0;0.0
0.0;160.7;13.3;0.0
0.0;160.7;0.0;0.0
53.9;160.7;6.7;0.0
0.0;160.7;0.0;0.0
0.0;160.7;1.6;0.0
0.0;160.7;0.0;0.0
326.7;221.6;169.0;44.0
602.8;404.2;423.5;0.0
296.5;1076.8;9210.7;0.0
54.9;560.8;22168.8;40.0
102.0;565.8;3511.6;1320.0
56.6;565.8;3797.8;1920.0
50.0;280.0;3695.4;1080.0
49.0;276.3;244.5;0.0
53.2;276.3;0.6;196.0
48.9;276.3;0.6;192.0
47.9;245.8;0.3;60.0
