61.0;310.7;1233.2;0.0
393.0;420.4;416.0;0.0
322.2;376.1;644.1;0.0
411.0;280.3;268.2;0.0
550.0;159.6;270.6;0.0
0.0;159.6;1.0;0.0
0.0;159.6;0.0;0.0
0.0;159.6;12.1;0.0
0.0;159.6;0.0;0.0
0.0;159.6;7.3;0.0
0.0;159.6;0.0;0.0
0.0;159.6;0.7;0.0
0.0;159.6;0.0;0.0
50.0;159.6;2.6;0.0
500.0;159.6;0.0;0.0
77.5;160.4;6.6;0.0
274.9;160.9;1.4;0.0
0.0;160.9;0.0;0.0
55.0;160.9;0.1;0.0
0.0;160.9;0.0;0.0
55.0;160.9;2.3;0.0
0.0;160.9;0.0;0.0
0.0;160.9;0.7;0.0
0.0;160.9;0.0;0.0
0.0;160.9;1.6;0.0
0.0;160.9;0.0;0.0
173.0;161.4;0.5;0.0
59.6;209.8;410.1;4.0
57.1;547.9;4473.6;0.0
49.9;586.4;12184.2;0.0
55.0;588.6;3235.4;1452.0
75.9;588.6;3328.8;2816.0
89.0;246.1;3586.3;660.0
