94.8;100.5;107.2;0.0
95.0;151.1;122.5;0.0
239.7;346.6;414.2;0.0
228.9;159.3;373.0;0.0
261.0;159.3;20.0;0.0
0.0;159.3;1.1;0.0
0.0;159.3;1.0;0.0
0.0;159.3;14.3;0.0
0.0;159.3;14.0;0.0
0.0;159.3;7.7;0.0
0.0;159.3;7.0;0.0
0.0;159.3;4.4;0.0
0.0;159.3;3.2;0.0
0.0;159.3;0.0;0.0
412.5;160.2;1.5;0.0
49.4;160.2;0.0;0.0
66.0;160.2;15.4;0.0
311.9;160.6;14.0;0.0
0.0;160.6;0.0;0.0
0.0;160.6;0.1;0.0
0.0;160.6;0.0;0.0
50.0;160.6;1.3;0.0
0.0;160.6;0.0;0.0
0.0;160.6;0.7;0.0
0.0;160.6;0.0;0.0
0.0;160.6;1.5;0.0
0.0;160.6;0.0;0.0
160.6;160.9;1.4;0.0
49.9;269.9;428.0;4.0
75.3;213.8;1064.7;0.0
58.0;244.7;3174.4;0.0
54.0;244.7;695.0;0.0
68.0;244.7;840.6;0.0
49.6;244.9;1338.8;0.0
53.0;565.9;3232.4;680.0
72.6;276.0;289.9;732.0
70.9;276.0;1.6;312.0
104.9;1188.0;2.2;704.0
50.0;183.9;0.3;44.0
