45.0;160.4;165.3;0.0
56.0;179.2;126.5;0.0
85.2;177.3;342.3;0.0
54.9;225.3;96.7;0.0
190.0;159.2;126.3;0.0
0.0;159.2;0.0;0.0
0.0;159.2;1.0;0.0
0.0;159.2;1.1;0.0
0.0;159.2;13.0;0.0
55.0;159.2;14.3;0.0
0.0;159.2;7.0;0.0
0.0;159.2;7.7;0.0
0.0;159.2;5.0;0.0
0.0;159.2;6.6;0.0
188.0;159.2;4.0;0.0
174.1;160.1;4.5;0.0
307.6;160.1;13.0;0.0
535.7;160.1;13.2;0.0
218.9;160.5;1.2;0.0
0.0;160.5;0.0;0.0
0.0;160.5;12.1;0.0
0.0;160.5;0.0;0.0
0.0;160.5;6.2;0.0
0.0;160.5;0.0;0.0
0.0;160.5;1.7;0.0
0.0;160.5;0.0;0.0
299.0;178.5;18.5;40.0
496.0;1013.5;20305.0;0.0
219.9;1316.6;4105.9;644.0
116.2;972.2;519.4;3560.0
48.8;244.4;824.3;0.0
50.1;275.9;1569.3;0.0
47.6;276.2;0.6;196.0
53.4;260.3;0.9;252.0
