131.9;183.5;366.5;0.0
85.1;198.4;362.8;0.0
97.0;138.2;345.7;0.0
139.9;157.2;39.1;0.0
79.9;158.9;2.0;0.0
0.0;158.9;0.0;0.0
0.0;158.9;0.1;0.0
0.0;158.9;0.0;0.0
0.0;158.9;1.3;0.0
0.0;158.9;0.0;0.0
0.0;158.9;7.7;0.0
0.0;158.9;7.0;0.0
0.0;158.9;6.6;0.0
0.0;158.9;5.0;0.0
89.1;159.7;5.5;0.0
83.4;159.7;6.0;0.0
275.7;159.7;13.0;0.0
550.0;160.2;15.4;0.0
0.0;160.2;1.0;0.0
0.0;160.2;1.1;0.0
0.0;160.2;13.0;0.0
0.0;160.2;14.3;0.0
0.0;160.2;7.0;0.0
0.0;160.2;7.7;0.0
0.0;160.2;5.0;0.0
0.0;160.2;6.6;0.0
349.0;206.2;151.0;40.0
304.4;692.7;986.5;0.0
137.9;812.1;8140.2;44.0
50.0;529.5;5860.4;0.0
114.4;244.3;1017.3;0.0
66.0;244.3;2956.0;0.0
100.0;562.7;801.2;0.0
76.0;562.7;3709.8;1960.0
70.0;562.7;3993.6;1920.0
67.0;1193.0;570.3;108.0
50.0;276.0;0.8;256.0
49.2;276.0;0.2;64.0
49.9;183.7;0.3;56.0
