71.9;331.3;1228.8;0.0
198.6;506.7;558.0;0.0
459.5;341.0;583.2;0.0
647.9;174.5;430.1;0.0
160.6;159.2;21.0;0.0
0.0;159.2;0.0;0.0
0.0;159.2;12.1;0.0
0.0;159.2;0.0;0.0
0.0;159.2;5.1;0.0
0.0;159.2;0.0;0.0
0.0;159.2;1.7;0.0
0.0;159.2;0.0;0.0
149.0;159.2;1.5;0.0
491.0;159.2;0.0;0.0
366.7;160.0;5.5;0.0
70.0;160.0;14.0;0.0
497.8;160.0;0.0;0.0
576.4;160.0;15.4;0.0
55.0;160.5;1.0;0.0
0.0;160.5;1.1;0.0
0.0;160.5;13.0;0.0
0.0;160.5;14.3;0.0
0.0;160.5;7.0;0.0
0.0;160.5;7.7;0.0
0.0;160.5;6.0;0.0
98.0;160.5;1.4;0.0
480.0;347.5;180.0;40.0
361.8;1004.7;11422.5;0.0
95.9;1144.6;12433.6;44.0
68.6;838.8;5393.7;4360.0
49.4;244.7;506.6;0.0
49.1;244.7;313.6;0.0
54.6;244.7;317.6;0.0
50.0;245.2;330.2;0.0
51.6;245.2;373.6;0.0
48.8;276.2;110.7;68.0
49.8;276.5;0.6;192.0
47.0;276.5;0.4;128.0
50.1;184.2;0.5;68.0
