92.6;99.8;106.0;0.0
74.0;114.0;129.6;0.0
84.9;138.4;55.2;0.0
76.0;157.4;39.1;0.0
83.9;159.2;2.0;0.0
0.0;159.2;0.0;0.0
0.0;159.2;0.1;0.0
0.0;159.2;0.0;0.0
0.0;159.2;2.2;0.0
0.0;159.2;0.0;0.0
0.0;159.2;0.7;0.0
0.0;159.2;0.0;0.0
0.0;159.2;1.7;0.0
0.0;159.2;0.0;0.0
9.9;160.0;1.5;0.0
60.0;160.0;0.0;0.0
70.0;160.0;0.0;0.0
279.6;160.0;1.4;0.0
106.7;160.4;0.0;0.0
0.0;160.4;1.0;0.0
0.0;160.4;1.1;0.0
0.0;160.4;13.0;0.0
0.0;160.4;13.2;0.0
0.0;160.4;7.0;0.0
0.0;160.4;7.7;0.0
0.0;160.4;6.0;0.0
0.0;160.4;5.5;0.0
287.0;180.4;17.0;40.0
133.6;323.4;382.8;44.0
63.4;585.2;18199.9;0.0
56.7;588.5;3480.4;1452.0
66.0;588.5;3202.6;2112.0
58.0;246.0;3505.5;1364.0
58.9;799.2;3636.0;0.0
