105.0;166.7;211.3;0.0
50.0;176.4;120.1;0.0
164.9;176.3;390.7;0.0
54.9;238.6;122.8;0.0
247.0;159.5;158.2;0.0
0.0;159.5;0.0;0.0
0.0;159.5;1.0;0.0
0.0;159.5;1.1;0.0
0.0;159.5;13.0;0.0
0.0;159.5;14.3;0.0
0.0;159.5;7.0;0.0
0.0;159.5;7.7;0.0
0.0;159.5;5.0;0.0
0.0;159.5;4.4;0.0
141.0;159.5;5.0;0.0
219.5;160.3;5.5;0.0
63.5;160.3;0.0;0.0
91.1;160.3;14.0;0.0
550.0;160.8;15.4;0.0
0.0;160.8;1.0;0.0
0.0;160.8;1.1;0.0
0.0;160.8;12.0;0.0
0.0;160.8;14.3;0.0
0.0;160.8;7.0;0.0
0.0;160.8;7.7;0.0
0.0;160.8;6.0;0.0
0.0;160.8;6.6;0.0
138.0;160.8;5.0;0.0
400.0;349.8;398.4;40.0
137.0;616.3;5345.5;44.0
82.7;523.0;3508.0;0.0
88.5;590.3;20477.9;0.0
94.9;589.6;3604.4;1452.0
99.9;589.6;3382.6;2112.0
78.0;552.1;2250.5;1188.0
56.9;1110.1;6.0;1960.0
