54.9;120.4;99.0;0.0
54.9;165.9;109.7;0.0
145.9;138.6;134.1;0.0
50.0;157.4;39.1;0.0
126.0;159.0;2.0;0.0
0.0;159.0;0.0;0.0
0.0;159.0;0.1;0.0
0.0;159.0;0.0;0.0
50.0;159.0;2.2;0.0
0.0;159.0;0.0;0.0
0.0;159.0;0.7;0.0
0.0;159.0;0.0;0.0
0.0;159.0;2.6;0.0
0.0;159.0;0.0;0.0
221.0;160.0;0.5;0.0
550.0;160.0;8.0;0.0
960.5;160.0;6.0;0.0
600.6;160.0;13.2;0.0
218.9;160.4;1.2;0.0
0.0;160.4;0.0;0.0
0.0;160.4;12.1;0.0
0.0;160.4;0.0;0.0
0.0;160.4;7.3;0.0
0.0;160.4;0.0;0.0
0.0;160.4;2.7;0.0
0.0;160.4;0.0;0.0
203.0;197.4;145.6;40.0
507.0;1012.4;23613.0;0.0
312.0;1301.1;641.1;644.0
83.0;1129.2;489.2;2560.0
95.1;844.8;9167.6;640.0
103.4;865.6;2732.9;720.0
49.3;244.6;319.8;0.0
49.7;244.6;313.6;0.0
50.0;244.8;325.0;0.0
50.0;244.8;359.4;0.0
48.6;276.1;40.7;68.0
49.0;276.1;0.8;256.0
50.0;276.1;0.2;64.0
50.4;183.8;0.3;52.0
