89.0;403.1;1286.6;0.0
105.7;631.5;307.6;0.0
183.5;473.0;900.6;0.0
696.0;325.0;325.0;0.0
496.0;159.0;339.1;0.0
50.0;159.0;20.0;0.0
0.0;159.0;0.0;0.0
55.0;159.0;11.1;0.0
0.0;159.0;0.0;0.0
0.0;159.0;6.7;0.0
0.0;159.0;0.0;0.0
0.0;159.0;1.6;0.0
0.0;159.0;0.0;0.0
495.0;159.8;0.5;0.0
501.6;159.8;0.0;0.0
180.4;159.8;10.4;0.0
365.0;160.2;0.0;0.0
490.0;160.2;14.0;0.0
142.0;160.2;1.1;0.0
0.0;160.2;0.0;0.0
0.0;160.2;13.3;0.0
0.0;160.2;0.0;0.0
0.0;160.2;7.7;0.0
0.0;160.2;0.0;0.0
0.0;160.2;3.4;0.0
0.0;160.2;2.0;0.0
275.0;160.8;0.4;0.0
545.6;1424.6;26937.9;44.0
95.9;1347.1;146.4;1456.0
80.5;897.1;1454.6;2112.0
132.2;245.6;8753.5;1276.0
