81.1;176.8;266.0;0.0
103.0;158.0;88.0;0.0
174.8;191.8;343.9;0.0
209.0;179.9;198.6;0.0
84.8;159.3;8.6;0.0
0.0;159.3;0.0;0.0
0.0;159.3;0.1;0.0
0.0;159.3;0.0;0.0
0.0;159.3;2.2;0.0
0.0;159.3;0.0;0.0
0.0;159.3;7.7;0.0
0.0;159.3;7.0;0.0
0.0;159.3;4.4;0.0
0.0;159.3;4.0;0.0
403.7;160.1;16.5;0.0
185.9;160.6;3.2;0.0
542.0;160.6;0.0;0.0
499.0;160.6;11.1;0.0
231.0;160.6;2.0;0.0
0.0;160.6;13.2;0.0
0.0;160.6;1.0;0.0
0.0;160.6;7.7;0.0
0.0;160.6;13.0;0.0
0.0;160.6;6.6;0.0
0.0;160.6;7.0;0.0
218.9;161.0;5.5;0.0
548.9;1084.8;24512.9;44.0
558.8;1429.1;2923.8;44.0
77.5;1255.1;161.8;2776.0
58.1;276.1;24329.4;1408.0
48.4;1109.2;7.3;2844.0
