102.8;351.7;1218.0;0.0
383.0;426.9;329.0;0.0
236.9;435.2;599.8;0.0
718.9;305.6;325.7;0.0
548.9;176.0;326.7;0.0
0.0;159.2;19.9;0.0
0.0;159.2;0.0;0.0
0.0;159.2;1.1;0.0
0.0;159.2;0.0;0.0
0.0;159.2;12.1;0.0
0.0;159.2;0.0;0.0
55.0;159.2;7.7;0.0
0.0;159.2;0.0;0.0
0.0;159.2;6.6;0.0
0.0;159.2;0.0;0.0
358.6;160.2;5.5;0.0
536.8;160.2;12.0;0.0
548.9;160.7;15.4;0.0
0.0;160.7;7.0;0.0
0.0;160.7;1.1;0.0
0.0;160.7;6.0;0.0
0.0;160.7;13.2;0.0
376.0;160.7;4.0;0.0
252.0;160.7;7.7;0.0
0.0;160.7;0.0;0.0
0.0;160.7;4.5;0.0
0.0;160.7;0.0;0.0
160.6;161.0;7.5;0.0
548.9;382.1;570.9;44.0
551.1;744.0;7066.0;0.0
550.0;1083.9;4101.9;0.0
550.0;1083.9;3384.2;0.0
550.0;1080.9;3490.8;0.0
65.2;988.2;3575.6;40.0
62.9;553.2;737.1;0.0
69.0;587.3;5736.8;748.0
101.0;587.3;3262.8;2816.0
50.0;587.3;3170.2;704.0
55.4;797.3;3299.3;528.0
