95.0;249.4;311.2;0.0
105.0;187.0;265.4;0.0
235.9;251.3;414.2;0.0
246.0;314.6;128.1;0.0
230.9;158.9;362.0;0.0
50.0;158.9;20.0;0.0
0.0;158.9;1.1;0.0
50.0;158.9;1.0;0.0
0.0;158.9;13.2;0.0
0.0;158.9;0.0;0.0
0.0;158.9;7.7;0.0
0.0;158.9;0.0;0.0
0.0;158.9;6.6;0.0
0.0;158.9;0.0;0.0
55.0;158.9;4.4;0.0
550.0;159.7;0.0;0.0
534.6;159.7;0.0;0.0
565.4;159.7;9.2;0.0
218.9;160.2;6.2;0.0
0.0;160.2;0.0;0.0
0.0;160.2;6.1;0.0
0.0;160.2;0.0;0.0
0.0;160.2;7.3;0.0
0.0;160.2;0.0;0.0
496.0;160.2;2.7;0.0
199.0;160.2;13.0;0.0
0.0;160.2;5.5;0.0
0.0;160.2;1.0;0.0
273.9;161.5;40.7;44.0
550.0;396.2;542.5;0.0
550.0;743.8;9165.2;0.0
465.9;1083.7;2726.5;0.0
547.8;1083.7;3470.5;0.0
547.8;1085.9;3309.5;0.0
550.0;1085.9;3443.0;0.0
306.0;1073.9;3896.8;40.0
55.0;582.1;20508.3;748.0
95.2;276.1;3295.6;2112.0
102.5;276.1;18.4;168.0
60.0;1111.9;5.3;2128.0
