153.2;213.5;244.4;0.0
49.9;165.1;247.8;0.0
233.2;227.1;420.8;0.0
213.9;293.7;100.3;0.0
305.9;173.8;356.2;0.0
55.0;159.6;22.0;0.0
0.0;159.6;1.0;0.0
0.0;159.6;1.1;0.0
0.0;159.6;13.0;0.0
0.0;159.6;14.3;0.0
0.0;159.6;7.0;0.0
0.0;159.6;7.7;0.0
0.0;159.6;5.0;0.0
0.0;159.6;6.6;0.0
50.0;159.6;5.0;0.0
315.9;160.3;3.3;0.0
64.9;160.3;0.0;0.0
187.9;160.3;14.0;0.0
495.0;160.8;15.4;0.0
0.0;160.8;1.0;0.0
0.0;160.8;0.0;0.0
0.0;160.8;12.1;0.0
0.0;160.8;0.0;0.0
5.0;160.8;7.3;0.0
0.0;160.8;0.0;0.0
0.0;160.8;1.7;0.0
0.0;160.8;0.0;0.0
148.0;160.8;2.6;0.0
492.0;1313.8;24928.0;40.0
190.4;1273.8;157.2;3204.0
98.3;183.1;425.1;1200.0
55.0;244.8;833.4;0.0
49.9;244.8;288.7;0.0
49.1;244.8;316.3;0.0
50.0;245.2;313.9;0.0
50.0;245.2;321.4;0.0
45.0;257.2;364.7;0.0
53.8;276.5;2.2;132.0
54.0;276.5;0.6;192.0
45.0;276.5;0.4;128.0
48.8;184.4;0.1;0.0
