162.8;112.8;65.6;0.0
131.0;186.9;678.4;0.0
204.0;245.5;418.2;0.0
283.9;315.2;118.8;0.0
500.0;182.4;377.7;0.0
55.0;159.1;22.0;0.0
0.0;159.1;1.0;0.0
0.0;159.1;1.1;0.0
0.0;159.1;12.0;0.0
55.0;159.1;14.3;0.0
0.0;159.1;7.0;0.0
0.0;159.1;7.7;0.0
0.0;159.1;6.0;0.0
0.0;159.1;5.5;0.0
396.0;159.1;4.0;0.0
305.9;159.9;5.5;0.0
105.4;159.9;12.0;0.0
405.7;159.9;2.0;0.0
565.4;160.4;15.4;0.0
50.0;160.4;1.0;0.0
0.0;160.4;1.1;0.0
0.0;160.4;13.0;0.0
55.0;160.4;14.3;0.0
0.0;160.4;7.0;0.0
0.0;160.4;0.0;0.0
0.0;160.4;1.7;0.0
0.0;160.4;0.0;0.0
249.0;210.4;84.6;40.0
499.0;1319.4;24393.0;0.0
105.1;1197.2;186.5;1924.0
99.9;842.6;2788.3;2520.0
75.8;846.7;7756.1;0.0
47.4;244.7;320.0;0.0
49.5;244.7;314.7;0.0
50.0;245.0;309.7;0.0
54.6;245.0;329.2;0.0
49.9;276.2;244.5;0.0
51.5;276.2;0.6;196.0
50.0;276.2;0.4;128.0
49.4;245.8;0.5;108.0
