53.9;231.5;287.1;0.0
55.0;187.3;255.8;0.0
214.7;261.0;376.4;0.0
266.7;309.2;64.3;0.0
301.0;157.8;406.8;0.0
110.0;159.4;22.0;0.0
0.0;159.4;1.0;0.0
0.0;159.4;1.1;0.0
0.0;159.4;0.0;0.0
0.0;159.4;2.2;0.0
0.0;159.4;0.0;0.0
0.0;159.4;0.7;0.0
0.0;159.4;0.0;0.0
0.0;159.4;1.4;0.0
0.0;159.4;0.0;0.0
376.0;160.3;0.4;0.0
76.4;160.3;0.0;0.0
138.9;160.3;14.0;0.0
581.9;160.3;13.2;0.0
165.0;160.8;1.2;0.0
0.0;160.8;0.0;0.0
0.0;160.8;12.1;0.0
0.0;160.8;0.0;0.0
0.0;160.8;6.2;0.0
0.0;160.8;0.0;0.0
0.0;160.8;1.7;0.0
0.0;160.8;0.0;0.0
150.0;160.8;1.6;0.0
448.0;364.8;526.0;40.0
283.9;690.3;7004.7;0.0
67.5;805.7;2931.4;44.0
91.7;522.2;5332.4;0.0
91.1;245.1;1157.7;0.0
101.0;245.1;455.8;0.0
50.0;558.2;516.6;0.0
77.5;561.2;3910.2;2600.0
49.7;448.7;4007.7;1280.0
50.0;1196.5;19.2;732.0
50.0;276.5;0.6;192.0
51.2;276.5;0.2;64.0
50.0;184.4;0.3;56.0
