104.4;157.5;39.1;0.0
110.0;159.3;3.0;0.0
0.0;159.3;0.0;0.0
0.0;159.3;0.1;0.0
0.0;159.3;0.0;0.0
0.0;159.3;2.3;0.0
0.0;159.3;0.0;0.0
0.0;159.3;0.7;0.0
0.0;159.3;0.0;0.0
50.0;159.3;1.6;0.0
0.0;159.3;0.0;0.0
167.7;160.1;1.4;0.0
251.8;160.1;13.0;0.0
550.0;160.1;0.0;0.0
448.0;160.5;14.4;0.0
0.0;160.5;0.0;0.0
0.0;160.5;11.1;0.0
0.0;160.5;0.0;0.0
0.0;160.5;7.3;0.0
0.0;160.5;0.0;0.0
0.0;160.5;1.7;0.0
0.0;160.5;0.0;0.0
249.0;191.5;131.0;40.0
512.0;1008.5;13955.6;0.0
426.0;1008.5;3170.0;0.0
110.7;845.0;3509.3;44.0
57.0;530.9;517.2;0.0
50.0;565.8;6236.7;1320.0
82.4;565.8;3533.8;1920.0
49.1;565.8;3498.2;640.0
66.0;868.1;3462.0;520.0
46.4;245.1;389.4;0.0
53.9;276.2;110.7;68.0
49.2;276.2;0.6;192.0
49.2;276.2;0.4;128.0
52.6;184.1;0.3;36.0
