51.0;100.6;99.3;0.0
103.5;133.2;115.0;0.0
429.9;311.4;476.5;0.0
434.9;159.2;373.0;0.0
249.0;159.2;20.0;0.0
0.0;159.2;1.1;0.0
50.0;159.2;1.0;0.0
0.0;159.2;13.2;0.0
0.0;159.2;13.0;0.0
0.0;159.2;0.0;0.0
0.0;159.2;0.7;0.0
0.0;159.2;0.0;0.0
0.0;159.2;1.4;0.0
0.0;159.2;1.1;0.0
455.8;160.1;1.4;0.0
67.0;160.1;12.0;0.0
191.0;160.6;13.4;0.0
0.0;160.6;0.0;0.0
0.0;160.6;0.1;0.0
0.0;160.6;0.0;0.0
0.0;160.6;14.3;0.0
0.0;160.6;0.0;0.0
55.0;160.6;7.7;0.0
0.0;160.6;0.0;0.0
0.0;160.6;6.6;0.0
0.0;160.6;0.0;0.0
260.7;161.9;33.0;44.0
523.6;396.4;550.2;0.0
554.4;1429.3;26369.2;0.0
539.0;1141.1;9.5;4840.0
