44.9;100.2;86.1;0.0
50.0;114.0;91.4;0.0
133.8;138.3;55.2;0.0
56.0;157.4;39.1;16.0
79.9;159.2;2.0;0.0
0.0;159.2;0.0;0.0
0.0;159.2;0.1;0.0
0.0;159.2;0.0;0.0
50.0;159.2;2.2;0.0
0.0;159.2;0.0;0.0
0.0;159.2;0.7;0.0
0.0;159.2;0.0;0.0
0.0;159.2;0.6;0.0
0.0;159.2;0.0;0.0
5.0;159.2;0.5;0.0
49.7;160.0;0.0;0.0
70.4;160.0;0.0;0.0
51.6;160.0;3.2;704.0
165.0;160.4;2.2;0.0
0.0;160.4;1.0;0.0
0.0;160.4;1.1;0.0
0.0;160.4;12.0;0.0
0.0;160.4;13.2;0.0
0.0;160.4;7.0;0.0
0.0;160.4;7.7;0.0
0.0;160.4;6.0;0.0
0.0;160.4;6.6;0.0
97.0;160.4;4.0;0.0
128.6;295.9;239.7;4.0
49.9;1112.1;24214.5;0.0
56.8;562.8;9521.1;1960.0
49.6;562.8;3291.8;1920.0
59.5;868.8;3519.2;520.0
50.0;245.1;310.6;0.0
50.0;245.1;328.2;0.0
49.9;276.1;315.3;0.0
54.5;276.4;0.4;132.0
52.1;276.4;0.6;192.0
50.0;245.9;0.5;108.0
