136.5;195.3;444.9;0.0
160.8;244.1;164.4;0.0
114.0;192.5;470.0;0.0
283.2;192.0;80.2;0.0
79.9;159.3;29.9;0.0
0.0;159.3;0.0;0.0
0.0;159.3;0.1;0.0
0.0;159.3;0.0;0.0
0.0;159.3;14.3;0.0
0.0;159.3;12.0;0.0
0.0;159.3;7.7;0.0
0.0;159.3;7.0;0.0
0.0;159.3;4.4;0.0
0.0;159.3;6.0;0.0
519.2;160.2;12.1;0.0
64.9;160.7;3.7;0.0
543.0;160.7;0.0;0.0
498.0;160.7;11.1;0.0
199.0;160.7;2.0;0.0
0.0;160.7;13.2;0.0
0.0;160.7;1.0;0.0
0.0;160.7;7.7;0.0
0.0;160.7;12.0;0.0
0.0;160.7;6.6;0.0
0.0;160.7;7.0;0.0
434.5;229.3;173.8;44.0
524.7;471.3;423.5;0.0
550.0;1080.7;9358.1;0.0
529.1;1080.7;3458.4;0.0
160.8;978.7;3542.6;40.0
49.8;554.2;357.0;0.0
50.4;245.2;4094.4;0.0
50.0;586.2;1413.5;0.0
49.6;589.5;3136.6;2156.0
83.5;587.5;4430.6;2112.0
102.1;550.0;2820.3;528.0
