96.0;165.9;220.6;0.0
93.0;148.0;141.0;0.0
169.7;210.6;327.0;0.0
160.9;278.2;121.9;0.0
301.6;159.1;311.1;0.0
0.0;159.3;12.1;0.0
0.0;159.3;1.0;0.0
0.0;159.3;1.1;0.0
0.0;159.3;12.0;0.0
0.0;159.3;13.2;0.0
0.0;159.3;7.0;0.0
0.0;159.3;7.7;0.0
0.0;159.3;6.0;0.0
0.0;159.3;5.5;0.0
191.0;159.3;4.0;0.0
227.8;160.1;5.6;0.0
251.0;160.1;13.0;0.0
550.0;160.1;0.0;0.0
603.9;160.6;14.4;0.0
0.0;160.6;0.0;0.0
0.0;160.6;11.1;0.0
0.0;160.6;0.0;0.0
0.0;160.6;7.0;0.0
0.0;160.6;14.3;0.0
0.0;160.6;7.0;0.0
0.0;160.6;7.7;0.0
395.0;243.6;151.0;40.0
505.0;695.6;8559.6;0.0
496.0;1317.6;15768.0;0.0
244.8;1217.6;133.7;4524.0
117.5;182.7;449.9;0.0
50.5;244.9;1865.9;0.0
49.6;244.9;338.1;0.0
49.8;275.9;235.0;0.0
50.0;276.1;0.6;196.0
50.0;276.1;0.6;192.0
48.4;245.7;0.3;60.0
