52.5;162.9;361.5;0.0
206.9;245.1;142.6;0.0
231.2;234.2;56.8;0.0
140.0;159.3;208.3;0.0
250.0;159.3;20.0;0.0
0.0;159.3;0.0;0.0
0.0;159.3;0.1;0.0
0.0;159.3;0.0;0.0
50.0;159.3;1.2;0.0
0.0;159.3;0.0;0.0
0.0;159.3;0.7;0.0
0.0;159.3;0.0;0.0
0.0;159.3;0.6;0.0
0.0;159.3;5.5;0.0
455.0;160.1;4.0;0.0
66.0;160.1;0.0;0.0
49.9;160.1;13.2;0.0
273.9;160.5;12.2;0.0
0.0;160.5;0.0;0.0
0.0;160.5;0.1;0.0
0.0;160.5;0.0;0.0
0.0;160.5;2.1;0.0
0.0;160.5;0.0;0.0
0.0;160.5;0.7;0.0
0.0;160.5;0.0;0.0
0.0;160.5;0.7;0.0
0.0;160.5;0.0;0.0
176.0;162.3;71.9;44.0
55.0;216.3;338.4;40.0
63.0;213.9;1683.0;0.0
54.7;244.9;1325.9;0.0
88.9;244.9;471.8;0.0
96.2;244.9;384.9;0.0
82.7;245.0;569.9;0.0
105.0;351.4;427.5;0.0
64.4;276.1;503.2;772.0
50.0;276.1;2.6;832.0
50.0;276.1;2.4;768.0
71.0;184.0;0.3;644.0
