120.0;214.4;337.0;0.0
89.0;215.3;234.8;0.0
259.9;254.5;469.1;0.0
269.9;318.3;115.6;0.0
351.0;181.5;393.6;0.0
110.0;159.3;22.0;0.0
0.0;159.3;1.0;0.0
0.0;159.3;1.1;0.0
0.0;159.3;13.0;0.0
0.0;159.3;13.2;0.0
0.0;159.3;7.0;0.0
0.0;159.3;7.7;0.0
0.0;159.3;6.0;0.0
0.0;159.3;5.5;0.0
196.0;159.3;5.0;0.0
261.9;160.1;5.5;0.0
52.4;160.1;0.0;0.0
50.0;160.1;14.0;0.0
555.0;160.6;15.4;0.0
0.0;160.6;1.0;0.0
0.0;160.6;1.1;0.0
0.0;160.6;0.0;0.0
0.0;160.6;13.0;0.0
0.0;160.6;0.0;0.0
0.0;160.6;7.3;0.0
0.0;160.6;0.0;0.0
0.0;160.6;2.7;0.0
0.0;160.6;0.0;0.0
458.0;302.6;169.6;40.0
495.0;1061.6;24757.0;0.0
471.5;1319.8;15.5;680.0
61.2;1152.4;180.1;2524.0
103.3;840.1;4594.9;640.0
59.0;848.9;6435.3;440.0
50.0;244.9;289.6;0.0
50.0;244.9;319.7;0.0
50.0;245.1;312.4;0.0
48.5;245.1;346.1;0.0
45.0;276.4;206.5;0.0
55.0;276.4;0.6;196.0
50.0;276.4;0.6;192.0
49.4;246.0;0.3;64.0
