54.0;334.8;1204.4;0.0
325.0;451.9;211.8;0.0
213.8;432.0;637.1;0.0
652.3;311.3;351.8;0.0
605.0;158.0;378.4;0.0
55.0;159.8;21.0;0.0
0.0;159.8;0.0;0.0
0.0;159.8;11.1;0.0
0.0;159.8;0.0;0.0
0.0;159.8;6.2;0.0
0.0;159.8;0.0;0.0
0.0;159.8;1.7;0.0
0.0;159.8;0.0;0.0
209.0;159.8;2.6;0.0
521.0;159.8;0.0;0.0
321.9;160.6;6.6;0.0
190.0;160.6;14.0;0.0
481.8;160.6;0.0;0.0
605.0;161.1;14.4;0.0
0.0;161.1;0.0;0.0
0.0;161.1;12.1;0.0
0.0;161.1;0.0;0.0
0.0;161.1;6.2;0.0
0.0;161.1;0.0;0.0
0.0;161.1;2.7;0.0
0.0;161.1;0.0;0.0
141.0;161.1;1.6;0.0
485.0;376.1;541.0;40.0
430.5;1307.4;24397.5;0.0
154.9;1130.6;588.9;1284.0
89.3;836.3;7027.4;1920.0
111.8;245.2;4072.7;1160.0
47.8;245.2;314.4;0.0
50.0;245.2;304.4;0.0
52.8;245.3;335.8;0.0
49.5;245.3;357.1;0.0
50.0;276.4;75.0;68.0
49.5;276.4;0.6;192.0
50.0;276.4;0.4;128.0
50.0;185.1;0.3;36.0
