75.6;121.5;61.6;0.0
93.9;106.9;300.6;0.0
140.5;187.4;92.5;0.0
106.5;180.4;301.7;0.0
94.0;159.5;65.3;0.0
0.0;159.5;0.0;0.0
0.0;159.5;0.1;0.0
0.0;159.5;0.0;0.0
0.0;159.5;12.0;0.0
0.0;159.5;13.2;0.0
0.0;159.5;7.0;0.0
0.0;159.5;7.7;0.0
0.0;159.5;6.0;0.0
0.0;159.5;6.6;0.0
278.0;159.5;5.0;0.0
58.5;160.3;5.6;0.0
29.9;160.8;1.3;0.0
0.0;160.8;0.0;0.0
0.0;160.8;0.1;0.0
0.0;160.8;0.0;0.0
0.0;160.8;1.3;0.0
0.0;160.8;0.0;0.0
0.0;160.8;0.7;0.0
0.0;160.8;0.0;0.0
0.0;160.8;1.5;0.0
0.0;160.8;0.0;0.0
24.9;162.3;44.0;4.0
78.5;183.0;100.7;0.0
84.0;244.9;832.4;0.0
93.9;244.9;359.0;0.0
474.0;584.1;9774.0;0.0
1689.7;582.3;3940.6;2156.0
165.0;582.3;3894.4;1408.0
54.5;556.8;1102.5;596.0
