59.0;240.4;993.2;0.0
238.0;527.4;121.2;0.0
734.9;346.5;602.4;0.0
548.9;177.3;429.0;0.0
162.8;159.3;22.0;0.0
0.0;159.3;0.0;0.0
0.0;159.3;1.1;0.0
0.0;159.3;0.0;0.0
0.0;159.3;14.3;0.0
0.0;159.3;0.0;0.0
0.0;159.3;7.7;0.0
0.0;159.3;0.0;0.0
0.0;159.3;2.2;0.0
529.1;160.1;3.3;0.0
550.0;160.1;0.0;0.0
550.0;160.1;0.0;0.0
539.0;160.1;0.0;0.0
440.0;160.5;14.3;0.0
0.0;160.5;0.0;0.0
0.0;160.5;1.1;0.0
0.0;160.5;0.0;0.0
0.0;160.5;13.2;0.0
0.0;160.5;0.0;0.0
0.0;160.5;7.7;0.0
0.0;160.5;0.0;0.0
55.0;160.5;5.5;0.0
550.0;374.9;199.1;44.0
583.0;763.2;3077.8;0.0
481.8;765.4;15208.6;0.0
537.9;1103.1;3712.5;0.0
592.9;1107.5;3814.8;0.0
548.9;1450.7;27148.1;0.0
600.6;1454.0;4.4;1452.0
453.2;1454.0;5.8;2816.0
490.6;1120.7;5.5;880.0
