74.1;124.2;214.2;0.0
102.8;131.2;234.3;0.0
140.6;139.2;72.3;0.0
157.2;158.3;39.1;0.0
120.0;159.7;2.9;0.0
0.0;159.7;0.0;0.0
0.0;159.7;0.1;0.0
0.0;159.7;0.0;0.0
0.0;159.7;2.2;0.0
0.0;159.7;0.0;0.0
0.0;159.7;0.7;0.0
0.0;159.7;0.0;0.0
298.8;159.7;0.4;0.0
96.0;160.3;0.0;0.0
50.0;160.3;0.0;0.0
127.9;160.3;13.0;0.0
563.2;160.3;12.1;0.0
220.0;160.8;1.2;0.0
0.0;160.8;0.0;0.0
0.0;160.8;12.1;0.0
0.0;160.8;0.0;0.0
0.0;160.8;7.0;0.0
0.0;160.8;0.0;0.0
299.0;202.8;151.0;40.0
495.0;381.8;373.3;0.0
534.0;695.8;10608.0;0.0
499.0;1003.8;6908.7;0.0
470.0;1003.8;3690.0;0.0
398.9;1003.8;3277.5;0.0
49.9;820.2;2685.1;44.0
91.5;524.5;839.7;0.0
74.1;524.5;11269.3;0.0
73.8;245.6;1362.3;0.0
76.5;245.6;482.8;0.0
58.0;245.6;928.3;0.0
50.0;328.6;644.1;0.0
106.0;559.6;3681.7;1320.0
75.1;559.6;4188.5;2560.0
54.4;245.6;3763.6;760.0
50.0;245.6;353.2;0.0
50.0;245.6;348.3;0.0
49.2;277.1;212.6;0.0
52.4;277.4;0.6;196.0
49.5;277.4;0.8;256.0
49.1;246.9;0.3;44.0
