97.7;257.3;1106.5;0.0
502.5;399.0;417.2;0.0
509.1;351.0;239.0;0.0
454.0;182.5;372.0;0.0
143.0;159.5;20.0;0.0
0.0;159.5;1.1;0.0
0.0;159.5;1.0;0.0
0.0;159.5;14.3;0.0
0.0;159.5;0.0;0.0
0.0;159.5;7.7;0.0
0.0;159.5;0.0;0.0
359.7;160.2;8.5;0.0
590.7;160.2;0.0;0.0
312.4;160.2;1.8;0.0
650.1;160.6;5.5;0.0
99.0;160.6;5.0;0.0
499.0;160.6;1.1;0.0
498.0;160.6;0.0;0.0
498.0;160.6;0.0;0.0
455.8;160.6;14.3;0.0
327.0;160.6;13.0;0.0
0.0;160.6;7.7;0.0
0.0;160.6;1.0;0.0
328.9;229.0;173.8;44.0
540.1;407.2;410.5;0.0
599.5;751.5;9595.3;0.0
495.0;1090.3;8993.2;0.0
548.9;1090.3;3352.8;0.0
441.8;1090.3;3706.4;0.0
50.0;245.3;20501.7;40.0
80.9;245.7;2059.4;0.0
100.0;245.7;2380.1;0.0
80.2;556.7;11300.7;0.0
70.8;561.7;4164.9;4520.0
56.6;876.7;4023.0;280.0
48.8;263.6;395.5;0.0
50.0;277.3;2.0;68.0
51.9;277.3;1.0;320.0
50.0;246.9;0.5;100.0
50.0;185.1;0.0;0.0
