88.9;285.4;1090.4;0.0
462.0;416.0;424.8;0.0
469.4;369.5;434.0;0.0
498.9;217.0;395.7;0.0
275.0;159.7;90.2;0.0
0.0;159.7;1.0;0.0
0.0;159.7;1.1;0.0
0.0;159.7;12.0;0.0
0.0;159.7;5.5;0.0
0.0;159.7;1.8;0.0
0.0;159.7;0.0;0.0
488.0;159.7;1.7;0.0
299.0;159.7;12.0;0.0
537.9;160.3;5.5;0.0
497.8;160.3;1.0;0.0
550.0;160.3;0.0;0.0
541.2;160.3;12.0;0.0
440.0;160.8;7.3;0.0
0.0;160.8;0.0;0.0
95.0;160.8;4.1;0.0
489.0;365.8;538.0;40.0
495.0;1010.8;46569.3;0.0
527.0;1325.8;1213.0;680.0
490.0;1325.8;1.7;1920.0
509.0;1325.8;4.0;1280.0
4.8;160.8;0.5;0.0
49.5;179.2;17.6;4.0
52.4;214.6;421.0;0.0
39.4;214.6;1272.6;0.0
50.9;245.8;1827.0;0.0
48.4;245.8;369.3;0.0
52.5;245.8;491.2;0.0
49.5;277.0;525.7;0.0
50.5;246.9;1.7;484.0
51.0;183.3;0.0;0.0
