77.2;234.8;300.4;0.0
54.8;212.5;306.1;0.0
150.4;266.6;431.3;0.0
229.0;203.3;307.0;0.0
249.0;159.3;25.0;0.0
0.0;159.3;0.0;0.0
0.0;159.3;0.1;0.0
0.0;159.3;0.0;0.0
0.0;159.3;1.3;0.0
0.0;159.3;0.0;0.0
0.0;159.3;0.7;0.0
0.0;159.3;0.0;0.0
301.2;160.1;13.6;0.0
370.9;160.5;2.2;0.0
449.0;160.5;0.0;0.0
524.0;160.5;1.1;0.0
500.0;160.5;13.0;0.0
149.0;160.5;14.3;0.0
0.0;160.5;0.0;0.0
0.0;160.5;6.7;0.0
0.0;160.5;0.0;0.0
0.0;160.5;8.4;0.0
539.0;262.0;169.4;44.0
541.2;412.7;416.5;0.0
500.5;1090.3;18244.6;0.0
231.0;1400.2;35212.6;40.0
94.0;593.4;26824.6;2156.0
71.7;547.0;22311.1;3388.0
65.0;1127.2;6.0;1960.0
