49.9;375.9;1221.5;0.0
453.0;429.4;461.1;0.0
398.8;404.0;580.3;0.0
580.0;199.3;582.7;0.0
259.6;159.6;26.4;0.0
0.0;159.6;1.0;0.0
0.0;159.6;1.1;0.0
0.0;159.6;12.0;0.0
0.0;159.6;8.3;0.0
0.0;159.6;1.0;0.0
0.0;159.6;5.7;0.0
493.0;159.6;3.0;0.0
221.0;160.4;7.8;0.0
55.0;160.8;0.0;0.0
0.0;160.8;1.0;0.0
0.0;160.8;1.1;0.0
0.0;160.8;13.0;0.0
0.0;160.8;14.3;0.0
0.0;160.8;7.0;0.0
0.0;160.8;7.7;0.0
391.0;237.8;161.0;40.0
255.6;230.1;219.4;44.0
124.0;554.3;5428.9;0.0
50.1;598.2;30465.6;0.0
70.9;598.2;3337.4;1452.0
90.5;598.2;3177.8;2816.0
93.0;246.9;3991.5;880.0
