173.0;165.9;260.2;0.0
86.9;157.1;649.1;0.0
235.9;176.3;143.2;0.0
105.9;180.5;46.7;0.0
148.0;159.5;20.0;0.0
0.0;159.5;0.0;0.0
0.0;159.5;1.1;0.0
0.0;159.5;0.0;0.0
0.0;159.5;14.3;0.0
0.0;159.5;0.0;0.0
0.0;159.5;7.7;0.0
0.0;159.5;0.0;0.0
525.8;160.2;19.8;0.0
163.9;160.5;0.0;0.0
0.0;160.5;0.0;0.0
0.0;160.5;1.1;0.0
0.0;160.5;0.0;0.0
0.0;160.5;14.3;0.0
0.0;160.5;0.0;0.0
0.0;160.5;7.7;0.0
0.0;160.5;0.0;0.0
272.8;181.5;20.9;44.0
547.8;413.6;577.5;0.0
540.1;764.5;4602.4;0.0
539.0;764.5;13288.0;0.0
550.0;1102.2;2663.1;0.0
550.0;1106.6;3482.6;0.0
566.5;1106.6;3766.4;0.0
539.0;1106.6;3663.0;0.0
544.5;1106.6;3728.0;0.0
541.2;1106.6;3769.7;0.0
561.0;1106.6;4040.5;0.0
550.0;1106.6;3913.8;0.0
511.0;1106.6;4120.2;0.0
578.6;1453.1;1512.5;0.0
285.6;1445.1;4.8;2860.0
75.0;1445.1;4.4;1408.0
80.8;1111.8;5.5;924.0
