90.0;139.2;221.9;0.0
100.8;203.0;168.4;0.0
79.9;138.8;204.8;0.0
49.9;157.6;39.0;0.0
115.0;159.7;3.0;0.0
0.0;159.7;0.0;0.0
0.0;159.7;0.1;0.0
0.0;159.7;0.0;0.0
0.0;159.7;13.0;0.0
0.0;159.7;0.0;0.0
0.0;159.7;7.0;0.0
0.0;159.7;0.0;0.0
398.0;159.7;5.0;0.0
492.0;159.7;14.3;0.0
476.0;159.7;0.0;0.0
530.0;159.7;7.7;0.0
399.0;159.7;13.0;0.0
503.8;160.4;5.5;0.0
547.8;160.4;7.8;0.0
328.9;160.9;5.5;0.0
0.0;160.9;12.0;0.0
0.0;160.9;1.1;0.0
0.0;160.9;7.0;0.0
0.0;160.9;13.2;0.0
50.0;160.9;4.0;0.0
448.0;328.9;165.7;40.0
504.0;1006.9;41814.0;0.0
285.0;1315.1;7750.5;0.0
49.2;556.9;41796.0;1284.0
130.2;556.9;4086.2;2560.0
92.7;245.9;3968.2;840.0
103.5;882.9;4032.6;0.0
49.6;277.5;30.9;68.0
48.0;277.7;1.0;320.0
50.0;277.7;0.0;0.0
49.6;185.4;0.3;64.0
