64.0;195.0;371.0;0.0
79.1;178.3;337.2;0.0
235.5;175.4;304.9;0.0
196.2;213.0;75.9;0.0
111.2;159.4;101.0;0.0
0.0;159.4;0.0;0.0
0.0;159.4;1.1;0.0
0.0;159.4;0.0;0.0
0.0;159.4;14.3;0.0
0.0;159.4;0.0;0.0
0.0;159.4;0.0;0.0
0.0;159.4;7.7;0.0
0.0;159.4;0.0;0.0
49.5;160.0;8.8;0.0
2471.7;160.4;11.0;0.0
0.0;160.4;0.0;0.0
0.0;160.4;1.1;0.0
0.0;160.4;0.0;0.0
55.0;160.4;13.2;0.0
0.0;160.4;0.0;0.0
0.0;160.4;7.7;0.0
0.0;160.4;0.0;0.0
225.5;192.3;154.0;44.0
482.9;414.5;449.9;0.0
561.0;1100.9;25778.5;0.0
541.2;1106.4;4439.6;0.0
537.9;1106.4;4676.1;0.0
11.0;1449.6;19214.8;0.0
2494.8;1452.9;6.6;2156.0
585.2;1452.9;6.6;2112.0
496.1;448.6;5.5;924.0
