153.9;111.7;49.6;0.0
140.0;107.2;90.2;0.0
83.0;154.1;168.7;0.0
81.0;172.0;36.6;0.0
152.0;159.7;113.5;0.0
0.0;159.7;0.0;0.0
0.0;159.7;0.0;0.0
0.0;159.7;0.1;0.0
0.0;159.7;0.0;0.0
0.0;159.7;1.3;0.0
0.0;159.7;0.0;0.0
0.0;159.7;0.7;0.0
0.0;159.7;0.0;0.0
146.9;160.4;0.5;0.0
92.0;160.4;0.0;0.0
60.0;160.4;0.0;0.0
71.0;160.4;1.0;0.0
454.0;160.4;2.3;0.0
55.0;160.9;0.0;0.0
0.0;160.9;1.0;0.0
0.0;160.9;1.1;0.0
0.0;160.9;12.0;0.0
55.0;160.9;14.3;0.0
0.0;160.9;7.0;0.0
0.0;160.9;7.7;0.0
395.0;225.9;158.0;40.0
239.5;309.1;242.8;44.0
49.7;558.8;35984.0;0.0
96.6;245.8;3853.4;0.0
87.2;594.3;787.5;0.0
58.9;594.3;3254.8;2860.0
88.8;594.3;3274.6;2112.0
73.9;782.0;5041.3;440.0
