145.0;141.4;154.4;0.0
95.0;184.5;173.0;0.0
149.2;369.9;293.3;0.0
373.0;314.4;147.9;0.0
346.0;159.4;317.0;240.0
0.0;159.4;1.1;0.0
0.0;159.4;0.0;0.0
0.0;159.4;0.0;0.0
0.0;159.4;14.3;176.0
0.0;159.4;0.0;0.0
0.0;159.4;0.0;0.0
0.0;159.4;0.0;0.0
0.0;159.4;0.0;0.0
0.0;159.4;0.0;0.0
0.0;159.4;0.0;0.0
0.0;159.4;7.7;0.0
418.0;160.3;5.5;0.0
543.4;160.3;0.0;0.0
488.4;160.3;0.0;0.0
542.3;160.3;0.0;0.0
493.9;160.7;14.3;0.0
0.0;160.7;0.0;0.0
0.0;160.7;0.0;0.0
0.0;160.7;0.0;0.0
0.0;160.7;0.0;0.0
0.0;160.7;0.0;0.0
0.0;160.7;0.0;0.0
0.0;160.7;0.0;0.0
0.0;160.7;0.0;0.0
0.0;160.7;0.0;0.0
0.0;160.7;0.0;0.0
0.0;160.7;0.0;0.0
0.0;160.7;0.0;0.0
0.0;160.7;0.0;0.0
0.0;160.7;0.0;0.0
0.0;160.7;0.0;0.0
0.0;160.7;0.0;0.0
0.0;160.7;0.0;0.0
0.0;160.7;0.0;0.0
0.0;160.7;0.0;0.0
0.0;160.7;1.0;0.0
0.0;160.7;1.1;0.0
0.0;160.7;11.0;520.0
50.0;160.7;3.0;920.0
0.0;160.7;14.3;0.0
0.0;160.7;7.0;0.0
0.0;160.7;7.7;0.0
281.0;160.7;5.0;0.0
266.9;195.1;151.8;44.0
191.0;377.7;190.3;0.0
76.0;425.0;259.6;0.0
156.0;759.8;12819.6;0.0
550.0;1098.6;6037.9;0.0
550.0;1098.6;3090.0;0.0
550.0;1101.9;2556.4;0.0
500.0;1101.9;2976.8;0.0
550.0;1101.9;3364.9;0.0
550.0;1101.9;3357.9;0.0
550.0;1101.9;3451.8;0.0
361.0;1098.9;3499.8;40.0
100.0;882.9;3154.2;0.0
56.0;565.9;3533.2;0.0
129.9;274.5;8107.7;0.0
106.0;603.4;3064.0;748.0
50.0;598.4;4278.6;2112.0
55.0;598.4;3334.4;1408.0
61.0;247.1;3191.5;836.0
