82.9;180.9;307.6;0.0
50.0;174.0;128.4;0.0
207.2;211.3;407.9;0.0
162.0;276.8;154.2;0.0
342.0;159.1;326.5;0.0
0.0;159.1;0.0;0.0
0.0;159.1;1.0;0.0
0.0;159.1;1.1;0.0
0.0;159.1;12.0;0.0
0.0;159.1;14.3;0.0
0.0;159.1;7.0;0.0
0.0;159.1;7.7;0.0
296.0;159.1;5.0;0.0
271.8;159.8;4.5;0.0
254.0;159.8;12.0;0.0
550.0;159.8;0.0;0.0
563.2;159.8;1.0;0.0
555.5;159.8;12.1;0.0
218.9;160.2;11.2;0.0
0.0;160.2;0.0;0.0
0.0;160.2;6.1;0.0
0.0;160.2;0.0;0.0
249.0;186.2;124.3;40.0
495.0;700.2;10235.0;0.0
502.0;1322.2;37940.7;0.0
480.0;1327.2;4.0;1320.0
254.9;1246.2;82.7;3284.0
45.0;182.5;44.9;0.0
52.6;214.1;594.2;0.0
54.4;227.6;1064.4;0.0
45.0;245.4;262.1;0.0
53.0;245.4;322.0;0.0
44.5;245.4;328.8;0.0
53.9;245.4;333.0;0.0
50.0;245.4;335.2;0.0
50.0;245.4;340.8;0.0
50.0;245.4;351.0;0.0
48.8;245.4;345.4;0.0
48.4;245.4;367.4;0.0
54.8;276.9;229.9;0.0
49.1;277.1;0.6;196.0
44.8;277.1;0.6;192.0
50.0;246.6;0.5;108.0
