82.0;249.9;146.4;0.0
50.0;229.3;411.2;0.0
198.9;452.4;177.9;0.0
688.0;340.6;463.7;0.0
596.2;178.6;429.0;0.0
55.0;159.7;21.0;0.0
0.0;159.7;0.0;0.0
0.0;159.7;11.1;0.0
0.0;159.7;0.0;0.0
0.0;159.7;7.3;0.0
0.0;159.7;0.0;0.0
99.0;159.7;2.7;0.0
496.0;159.7;0.0;0.0
276.6;160.4;4.4;0.0
78.1;160.4;0.0;0.0
70.7;160.4;0.0;0.0
354.9;160.4;1.3;0.0
55.0;160.8;0.0;0.0
0.0;160.8;1.0;0.0
0.0;160.8;1.1;0.0
0.0;160.8;13.0;0.0
0.0;160.8;15.4;0.0
0.0;160.8;7.0;0.0
0.0;160.8;7.7;0.0
0.0;160.8;4.0;0.0
266.4;327.8;161.5;40.0
98.1;308.9;16466.8;44.0
50.0;557.6;18416.1;0.0
60.6;277.1;2522.9;1960.0
64.5;548.8;7.7;2316.0
