70.0;322.8;1215.2;0.0
230.5;565.2;362.1;0.0
681.0;341.2;785.7;0.0
476.3;158.3;429.0;0.0
108.9;159.7;21.0;0.0
0.0;159.7;0.0;0.0
52.8;159.7;12.1;0.0
0.0;159.7;0.0;0.0
0.0;159.7;7.3;0.0
0.0;159.7;0.0;0.0
349.0;159.7;2.7;0.0
496.0;159.7;0.0;0.0
77.7;160.4;5.5;0.0
273.9;160.9;14.3;0.0
499.0;160.9;11.0;0.0
181.0;160.9;1.1;0.0
0.0;160.9;0.0;0.0
0.0;160.9;13.3;0.0
0.0;160.9;0.0;0.0
0.0;160.9;12.0;0.0
0.0;160.9;7.7;0.0
0.0;160.9;7.0;0.0
495.0;256.2;167.2;44.0
118.6;324.9;273.5;40.0
89.5;527.7;17859.6;0.0
54.4;558.8;6508.9;0.0
55.4;598.3;23301.7;0.0
76.0;598.6;3124.6;2156.0
241.6;422.6;3242.1;3256.0
481.0;787.3;3302.0;0.0
