106.0;138.6;50.4;0.0
66.2;190.6;739.4;0.0
235.4;249.0;372.2;0.0
236.8;282.3;72.1;0.0
349.0;159.6;225.9;0.0
0.0;159.6;0.0;0.0
0.0;159.6;0.1;0.0
0.0;159.6;0.0;0.0
55.0;159.6;1.3;0.0
0.0;159.6;0.0;0.0
0.0;159.6;0.7;0.0
0.0;159.6;0.0;0.0
223.9;160.5;0.5;0.0
78.0;160.5;0.0;0.0
84.0;160.5;0.0;0.0
112.5;160.5;0.0;0.0
50.0;160.5;13.3;0.0
119.9;160.9;12.0;0.0
0.0;160.9;0.0;0.0
0.0;160.9;0.1;0.0
0.0;160.9;0.0;0.0
0.0;160.9;12.0;0.0
0.0;160.9;14.3;0.0
0.0;160.9;7.0;0.0
0.0;160.9;7.7;0.0
149.0;160.9;4.0;0.0
190.2;947.5;32293.7;4.0
79.2;1112.8;16945.5;0.0
62.1;837.9;11768.4;4560.0
44.0;245.6;693.9;0.0
52.8;245.6;696.8;0.0
49.8;277.1;2461.7;0.0
45.4;277.6;0.4;132.0
48.8;277.6;0.8;256.0
