93.9;371.9;1237.1;0.0
285.1;332.0;978.1;0.0
394.2;314.6;212.8;0.0
476.4;159.7;431.0;0.0
0.0;159.7;0.0;0.0
0.0;159.7;1.0;0.0
0.0;159.7;1.1;0.0
50.0;159.7;12.0;0.0
0.0;159.7;14.3;0.0
0.0;159.7;7.0;0.0
0.0;159.7;7.7;0.0
299.0;159.7;5.0;0.0
226.9;160.4;5.5;0.0
56.0;160.4;0.0;0.0
75.2;160.4;11.0;0.0
277.9;160.4;2.0;0.0
605.0;160.4;14.3;0.0
108.9;160.8;1.0;0.0
0.0;160.8;13.0;0.0
0.0;160.8;1.1;0.0
0.0;160.8;7.0;0.0
0.0;160.8;14.3;0.0
98.0;160.8;5.0;0.0
447.0;350.8;222.7;40.0
489.0;700.8;3036.0;0.0
194.0;796.9;13396.1;44.0
96.1;545.2;2520.7;0.0
111.8;526.7;14162.4;0.0
57.7;245.6;26672.9;0.0
56.2;583.6;2064.3;0.0
91.2;591.3;3501.0;3564.0
179.5;569.3;3469.7;1848.0
56.2;809.3;3656.0;0.0
