129.1;364.7;1205.4;0.0
345.8;586.1;294.8;0.0
570.7;457.4;953.5;0.0
770.0;328.7;352.0;0.0
495.0;159.7;446.7;0.0
0.0;159.7;0.0;0.0
0.0;159.7;12.0;0.0
0.0;159.7;1.1;0.0
0.0;159.7;7.0;0.0
199.0;159.7;9.3;0.0
497.0;159.7;0.0;0.0
503.0;159.7;7.7;0.0
492.0;159.7;0.0;0.0
237.1;160.3;6.5;0.0
366.4;160.3;2.0;0.0
493.9;160.3;0.0;0.0
592.9;160.3;1.0;0.0
548.9;160.3;14.3;0.0
55.0;160.8;13.0;0.0
55.0;160.8;1.1;0.0
0.0;160.8;7.0;0.0
0.0;160.8;0.0;0.0
316.0;336.8;165.3;40.0
513.0;1010.8;44998.0;0.0
0.0;1326.8;4600.7;0.0
1100.0;1328.8;6.0;1960.0
166.8;1099.2;162.8;2564.0
72.5;537.5;5228.3;0.0
50.2;245.8;3181.1;0.0
50.0;277.0;1255.1;0.0
53.6;277.5;0.6;196.0
49.0;277.5;0.8;256.0
44.5;247.0;0.3;28.0
