49.3;220.1;251.8;0.0
50.0;164.7;247.9;0.0
321.3;242.2;375.7;0.0
330.9;310.7;104.7;0.0
410.0;158.0;414.5;0.0
55.0;159.3;16.5;0.0
0.0;159.3;0.0;0.0
0.0;159.3;1.1;0.0
0.0;159.3;0.0;0.0
0.0;159.3;13.3;0.0
0.0;159.3;0.0;0.0
0.0;159.3;7.7;0.0
50.0;159.3;13.0;0.0
218.9;160.1;4.4;0.0
495.0;160.1;7.0;0.0
548.9;160.1;0.0;0.0
167.5;160.1;5.0;0.0
75.9;160.1;12.1;0.0
269.9;160.5;2.2;0.0
500.0;160.5;0.0;0.0
349.0;160.5;12.1;0.0
0.0;160.5;0.0;0.0
0.0;160.5;12.2;0.0
0.0;160.5;0.0;0.0
0.0;160.5;5.7;0.0
0.0;160.5;0.0;0.0
0.0;160.5;7.0;0.0
543.4;351.8;159.5;44.0
492.3;414.5;398.7;0.0
56.8;565.2;14147.7;40.0
115.3;558.4;4892.8;0.0
123.0;556.4;13417.6;0.0
75.9;245.4;1002.4;0.0
50.4;245.4;875.4;0.0
87.9;245.4;741.2;0.0
95.5;245.4;526.6;0.0
86.0;245.4;666.2;0.0
110.0;245.4;2020.6;0.0
50.0;245.4;356.6;0.0
87.7;593.0;1358.7;0.0
138.0;277.2;2619.6;2156.0
67.9;277.2;2.6;872.0
56.0;548.7;1.5;1236.0
50.0;184.4;0.0;0.0
