55.9;342.9;1220.0;0.0
281.4;587.1;146.4;0.0
505.6;426.7;901.6;0.0
669.9;199.0;649.0;0.0
213.4;159.3;22.0;0.0
0.0;159.3;0.0;0.0
0.0;159.3;1.1;0.0
0.0;159.3;0.0;0.0
0.0;159.3;14.3;0.0
0.0;159.3;0.0;0.0
0.0;159.3;7.7;0.0
0.0;159.3;0.0;0.0
462.0;160.0;17.6;0.0
270.6;160.4;2.2;0.0
0.0;160.4;0.0;0.0
0.0;160.4;1.1;0.0
0.0;160.4;0.0;0.0
0.0;160.4;14.3;0.0
0.0;160.4;0.0;0.0
55.0;160.4;7.7;0.0
0.0;160.4;0.0;0.0
218.9;179.2;66.0;44.0
503.8;415.7;530.2;0.0
542.3;763.3;13108.7;0.0
548.9;1105.4;16720.0;0.0
559.9;1451.9;22749.1;0.0
547.8;1451.9;4.4;1452.0
517.0;1451.9;8.8;2816.0
548.9;1119.7;5.5;968.0
