98.6;246.2;285.8;0.0
102.0;194.3;229.0;0.0
288.9;272.5;349.2;0.0
272.0;320.8;66.0;0.0
314.0;159.1;389.0;0.0
0.0;159.1;0.0;0.0
0.0;159.1;0.0;0.0
0.0;159.1;0.1;0.0
0.0;159.1;0.0;0.0
0.0;159.1;14.3;0.0
0.0;159.1;0.0;0.0
0.0;159.1;7.7;0.0
50.0;159.1;13.0;0.0
515.9;159.8;6.6;0.0
169.4;160.2;6.2;0.0
0.0;160.2;1.1;0.0
224.0;160.2;5.0;0.0
515.0;160.2;14.3;0.0
521.0;160.2;0.0;0.0
449.0;160.2;7.7;0.0
445.0;160.2;13.0;0.0
199.1;162.2;106.7;44.0
544.5;398.4;489.5;0.0
550.0;749.3;5800.3;0.0
548.9;772.4;12085.7;0.0
550.0;1087.0;2971.1;0.0
541.2;1087.0;3488.2;0.0
545.6;1091.4;3594.8;0.0
548.9;1091.4;3605.9;0.0
533.5;1091.4;3800.5;0.0
579.7;1091.4;3794.6;0.0
568.7;1091.4;4050.2;0.0
257.0;1069.4;4103.8;40.0
83.9;869.4;3555.2;0.0
47.4;899.9;6165.7;0.0
100.8;592.9;9373.8;2860.0
55.0;592.9;3172.6;2112.0
145.9;246.6;4539.3;440.0
