97.0;269.2;220.0;0.0
76.7;170.1;169.4;0.0
314.5;257.2;334.6;0.0
238.3;305.7;56.1;0.0
341.6;159.2;418.9;0.0
0.0;159.2;0.0;0.0
0.0;159.2;1.0;0.0
0.0;159.2;1.1;0.0
0.0;159.2;13.0;0.0
0.0;159.2;14.3;0.0
0.0;159.2;7.0;0.0
0.0;159.2;7.7;0.0
139.0;159.2;4.0;0.0
55.7;160.2;19.8;0.0
515.0;160.2;0.0;0.0
450.0;160.2;0.1;0.0
199.0;160.2;12.0;0.0
55.0;160.2;14.3;0.0
0.0;160.2;1.0;0.0
0.0;160.2;7.7;0.0
0.0;160.2;13.0;0.0
0.0;160.2;0.0;0.0
484.0;349.6;151.4;44.0
507.1;746.7;403.7;0.0
359.1;1093.2;50855.7;0.0
71.0;587.7;42312.9;708.0
61.0;276.7;5579.8;2816.0
51.5;339.5;10.7;3512.0
