201.0;114.0;104.2;0.0
122.0;131.9;113.4;0.0
139.9;138.9;73.2;0.0
59.0;157.5;39.0;0.0
59.0;159.5;2.0;0.0
0.0;159.5;0.0;0.0
0.0;159.5;0.1;0.0
0.0;159.5;0.0;0.0
55.0;159.5;1.3;0.0
0.0;159.5;0.0;0.0
0.0;159.5;0.7;0.0
0.0;159.5;0.0;0.0
239.5;160.3;13.6;0.0
319.9;160.8;2.2;0.0
519.0;160.8;0.0;0.0
500.0;160.8;1.1;0.0
499.0;160.8;13.0;0.0
99.0;160.8;12.1;0.0
0.0;160.8;0.0;0.0
0.0;160.8;1.0;0.0
0.0;160.8;7.7;0.0
0.0;160.8;13.0;0.0
440.0;234.2;180.4;44.0
591.8;411.3;416.5;0.0
521.4;753.4;12006.5;0.0
260.4;1042.7;37619.0;40.0
135.5;1217.2;2924.9;0.0
78.5;572.9;10277.7;5324.0
