67.0;395.6;1221.8;0.0
339.7;303.6;1052.8;0.0
295.0;188.8;581.5;0.0
165.6;159.0;12.9;0.0
0.0;159.0;0.0;0.0
0.0;159.0;0.1;0.0
0.0;159.0;0.0;0.0
0.0;159.0;2.1;0.0
0.0;159.0;6.0;0.0
0.0;159.0;6.7;0.0
470.0;159.0;6.0;0.0
159.0;159.8;7.5;0.0
608.3;159.8;0.0;0.0
524.7;159.8;1.0;0.0
273.9;160.1;14.3;0.0
50.0;160.1;13.0;0.0
0.0;160.1;1.1;0.0
0.0;160.1;7.0;0.0
0.0;160.1;14.3;0.0
246.0;187.1;91.0;40.0
494.0;704.1;3888.7;0.0
495.0;1018.1;43643.0;0.0
320.9;1330.4;2100.5;680.0
96.1;977.1;570.2;3884.0
95.7;876.5;39565.9;0.0
50.8;245.5;409.4;0.0
51.1;276.7;914.5;0.0
43.0;277.0;0.6;196.0
54.8;277.0;0.8;256.0
44.3;184.9;0.3;20.0
