78.9;378.5;1209.2;0.0
443.0;433.3;259.8;0.0
205.5;445.6;550.5;0.0
828.9;331.6;367.2;0.0
495.0;159.4;447.7;0.0
0.0;159.4;0.0;0.0
0.0;159.4;1.0;0.0
0.0;159.4;0.0;0.0
50.0;159.4;13.0;0.0
0.0;159.4;0.0;0.0
0.0;159.4;7.0;0.0
0.0;159.4;0.0;0.0
478.0;159.4;6.0;0.0
242.0;159.4;12.0;0.0
0.0;159.4;0.0;0.0
0.0;159.4;1.0;0.0
0.0;159.4;0.0;0.0
0.0;159.4;12.1;0.0
0.0;159.4;0.0;0.0
49.0;159.4;7.3;0.0
0.0;159.4;0.0;0.0
296.0;225.4;153.7;40.0
140.0;1015.1;45066.5;0.0
218.9;1322.6;4510.3;0.0
495.0;1325.6;17.0;4760.0
475.0;375.6;1.1;0.0
0.0;160.6;0.0;0.0
0.0;160.6;1.2;0.0
0.0;160.6;0.0;0.0
0.0;160.6;0.7;0.0
0.0;160.6;0.0;0.0
0.0;160.6;0.5;0.0
46.3;174.2;17.2;4.0
50.9;214.3;57.5;0.0
48.5;214.5;1427.2;0.0
48.3;245.2;349.9;0.0
50.0;245.2;301.4;0.0
49.9;245.6;308.2;0.0
50.0;245.6;329.0;0.0
50.0;245.6;319.6;0.0
50.0;245.6;329.0;0.0
49.2;245.6;344.8;0.0
49.8;245.6;339.2;0.0
54.0;245.6;351.4;0.0
48.5;263.7;355.7;0.0
50.0;277.1;2.0;68.0
50.0;277.1;0.8;256.0
53.5;277.1;0.2;64.0
47.3;185.0;0.5;68.0
