111.1;169.5;222.7;0.0
50.0;130.4;354.4;0.0
506.9;236.7;302.2;0.0
272.6;178.3;267.0;0.0
165.0;159.3;22.0;0.0
0.0;159.3;1.0;0.0
0.0;159.3;1.1;0.0
0.0;159.3;11.0;0.0
55.0;159.3;13.2;0.0
0.0;159.3;7.0;0.0
0.0;159.3;7.7;0.0
49.0;159.3;5.0;0.0
132.0;160.2;4.5;0.0
266.0;160.2;12.0;0.0
550.0;160.2;0.0;0.0
550.0;160.2;1.0;0.0
585.2;160.2;12.1;0.0
154.0;160.6;11.2;0.0
0.0;160.6;0.0;0.0
0.0;160.6;6.1;0.0
0.0;160.6;0.0;0.0
296.0;199.6;115.3;40.0
503.0;1004.6;19068.0;0.0
450.0;1319.6;29096.7;0.0
410.0;1324.6;6.0;1960.0
341.8;1298.5;145.2;2684.0
49.2;183.2;39.3;0.0
49.4;245.9;2948.5;0.0
49.9;277.4;1974.1;0.0
54.7;277.4;0.6;196.0
48.7;184.4;1.1;264.0
