114.7;197.0;130.4;0.0
154.0;176.0;201.5;0.0
96.8;159.5;93.7;0.0
49.0;159.5;4.0;0.0
0.0;159.5;1.1;0.0
0.0;159.5;1.0;0.0
0.0;159.5;0.0;0.0
0.0;159.5;1.3;0.0
0.0;159.5;0.0;0.0
0.0;159.5;0.7;0.0
0.0;159.5;0.0;0.0
190.0;160.1;1.5;0.0
198.9;160.1;12.0;0.0
548.9;160.1;0.0;0.0
536.8;160.1;1.0;0.0
558.8;160.1;14.3;0.0
110.0;160.5;12.0;0.0
0.0;160.5;0.0;0.0
0.0;160.5;6.1;0.0
0.0;160.5;0.0;0.0
191.0;160.5;10.3;0.0
489.0;1009.5;18312.0;40.0
500.0;1327.5;30478.7;0.0
545.0;1329.5;2.0;680.0
304.6;1320.5;11.8;2524.0
49.5;1130.6;586.7;1280.0
43.8;214.3;670.8;0.0
50.7;245.7;2870.5;0.0
50.3;276.9;1336.5;0.0
44.6;277.2;0.6;196.0
