59.0;263.8;996.6;0.0
295.0;393.2;379.9;0.0
488.9;355.0;315.7;0.0
478.5;184.9;429.0;0.0
216.7;159.2;22.0;0.0
0.0;159.2;1.0;0.0
0.0;159.2;1.1;0.0
0.0;159.2;14.0;0.0
0.0;159.2;14.3;0.0
0.0;159.2;7.0;0.0
0.0;159.2;7.7;0.0
489.0;159.2;6.0;0.0
326.5;160.1;6.6;0.0
273.9;160.5;12.2;0.0
0.0;160.5;0.0;0.0
0.0;160.5;11.1;0.0
0.0;160.5;0.0;0.0
0.0;160.5;7.3;0.0
0.0;160.5;0.0;0.0
340.0;224.5;151.7;40.0
495.0;1014.5;31684.0;0.0
231.0;1298.5;17274.7;44.0
49.1;1129.8;406.5;4680.0
78.0;534.4;6881.6;0.0
50.0;234.3;1049.4;0.0
50.0;245.1;296.3;0.0
50.0;245.1;310.4;0.0
50.0;245.1;324.9;0.0
50.0;245.6;326.9;0.0
50.0;245.6;339.2;0.0
49.9;245.6;346.1;0.0
49.9;245.6;345.9;0.0
50.0;245.6;343.3;0.0
49.9;245.6;352.1;0.0
49.8;277.1;262.5;0.0
50.0;277.1;0.6;196.0
55.0;277.1;0.6;192.0
50.0;246.8;0.5;68.0
