76.0;249.4;298.8;0.0
80.6;199.9;275.6;0.0
180.8;450.3;141.3;0.0
565.0;349.6;305.9;0.0
399.0;159.6;395.0;0.0
0.0;159.6;1.1;0.0
0.0;159.6;0.0;0.0
0.0;159.6;13.3;0.0
0.0;159.6;0.0;0.0
0.0;159.6;5.7;0.0
0.0;159.6;0.0;0.0
455.4;160.4;10.6;0.0
273.9;160.8;2.2;0.0
445.0;160.8;5.0;0.0
509.0;160.8;1.1;0.0
520.0;160.8;0.0;0.0
509.0;160.8;2.2;0.0
98.0;160.8;2.0;0.0
0.0;160.8;7.7;0.0
0.0;160.8;0.0;0.0
191.4;161.1;5.5;0.0
495.0;404.6;583.0;44.0
541.2;757.7;4163.5;0.0
550.0;757.7;14246.1;0.0
605.0;1095.4;2539.9;0.0
529.1;1095.4;3601.4;0.0
532.4;1100.9;3671.8;0.0
539.0;1100.9;3691.6;0.0
577.5;1100.9;3726.8;0.0
550.0;1100.9;3764.2;0.0
528.0;1100.9;3842.4;0.0
592.9;1100.9;3905.0;0.0
490.1;1100.9;3820.5;0.0
550.0;1447.4;3115.2;0.0
550.0;1447.4;3.4;1496.0
550.0;1447.4;8.8;2816.0
301.0;1091.1;85.5;928.0
