152.9;218.3;234.3;0.0
103.5;169.7;191.3;0.0
303.9;262.8;265.5;0.0
341.9;309.4;44.4;0.0
288.9;159.5;427.7;0.0
0.0;159.5;0.0;0.0
0.0;159.5;0.1;0.0
0.0;159.5;0.0;0.0
0.0;159.5;13.0;0.0
0.0;159.5;0.0;0.0
0.0;159.5;7.3;0.0
0.0;159.5;0.0;0.0
199.0;159.5;4.0;0.0
466.0;159.5;7.7;0.0
531.0;159.5;0.0;0.0
55.4;160.2;4.4;0.0
68.2;160.2;4.9;0.0
174.9;160.6;4.4;0.0
0.0;160.6;0.0;0.0
55.0;160.6;0.1;0.0
0.0;160.6;0.0;0.0
0.0;160.6;2.2;0.0
0.0;160.6;0.0;0.0
0.0;160.6;0.7;0.0
0.0;160.6;0.0;0.0
220.9;200.5;15.8;4.0
49.9;808.8;18541.5;0.0
62.9;526.6;3845.6;0.0
57.2;245.4;7191.4;0.0
72.9;245.4;723.5;0.0
49.6;245.9;1248.3;0.0
57.1;245.9;1054.5;0.0
49.0;245.9;615.6;0.0
81.1;245.9;1151.0;0.0
65.0;372.9;787.0;0.0
49.8;562.9;3902.8;1320.0
55.8;562.9;3883.8;2560.0
80.4;245.9;3908.8;880.0
78.4;1200.4;1151.7;0.0
49.6;277.4;1.0;324.0
50.0;277.4;0.4;128.0
49.1;186.0;0.3;40.0
