92.1;215.4;480.1;0.0
168.7;142.7;611.1;0.0
191.0;299.1;494.3;0.0
381.8;181.8;405.0;0.0
0.0;159.1;22.0;0.0
0.0;159.1;1.0;0.0
0.0;159.1;1.1;0.0
0.0;159.1;0.0;0.0
55.0;159.1;13.2;0.0
0.0;159.1;5.0;0.0
0.0;159.1;1.7;0.0
50.0;159.1;7.0;0.0
161.7;159.1;4.4;0.0
550.0;159.8;10.3;0.0
323.5;160.2;1.0;0.0
296.0;160.2;12.0;0.0
0.0;160.2;1.1;0.0
0.0;160.2;0.0;0.0
0.0;160.2;13.2;0.0
0.0;160.2;0.0;0.0
0.0;160.2;7.7;0.0
0.0;160.2;0.0;0.0
376.2;204.6;163.9;44.0
548.9;405.9;431.3;0.0
537.9;749.1;8530.5;0.0
550.0;1089.0;9682.4;0.0
557.7;1089.0;3553.0;0.0
548.9;1094.5;3735.2;0.0
550.0;1094.5;3577.2;0.0
480.2;1094.5;3726.2;0.0
101.0;922.5;3510.0;40.0
100.0;558.5;2614.7;0.0
55.9;558.5;12218.5;0.0
66.5;245.5;1530.6;0.0
59.0;245.5;937.2;0.0
49.6;592.0;3445.9;0.0
76.1;592.0;5252.8;2860.0
50.0;592.0;5320.4;1408.0
64.9;246.7;4701.5;924.0
