49.9;142.4;44.4;0.0
48.5;116.0;209.4;0.0
202.0;292.8;441.2;0.0
346.6;159.2;427.0;0.0
0.0;159.2;0.0;0.0
0.0;159.2;1.0;0.0
0.0;159.2;1.1;0.0
0.0;159.2;0.0;0.0
0.0;159.2;14.3;0.0
0.0;159.2;5.0;0.0
0.0;159.2;1.7;0.0
50.0;159.2;7.0;0.0
418.0;159.8;4.4;0.0
496.1;159.8;4.0;0.0
92.8;159.8;1.0;0.0
271.6;159.8;11.1;0.0
273.9;160.2;13.2;0.0
0.0;160.2;0.0;0.0
0.0;160.2;1.1;0.0
0.0;160.2;0.0;0.0
0.0;160.2;14.3;0.0
0.0;160.2;0.0;0.0
55.0;160.2;7.7;0.0
0.0;160.2;1.0;0.0
199.1;162.2;146.3;44.0
539.0;398.2;444.6;0.0
537.9;745.8;6618.7;0.0
581.9;1085.7;11607.9;0.0
515.9;1085.7;3383.6;0.0
491.2;1091.2;3375.3;0.0
153.8;919.2;3312.0;40.0
87.4;555.2;3029.4;0.0
77.1;555.2;12331.0;0.0
50.8;245.2;1653.8;0.0
61.7;245.2;1080.2;0.0
55.0;245.2;489.4;0.0
75.0;245.2;1908.4;0.0
55.9;589.8;5101.7;748.0
80.2;589.8;4698.8;2816.0
56.6;589.8;4268.4;1408.0
127.4;1101.6;3192.3;220.0
