67.9;129.8;180.6;0.0
49.8;115.7;373.9;0.0
172.5;215.6;230.6;0.0
274.4;159.0;139.5;0.0
0.0;159.0;0.0;0.0
0.0;159.0;0.1;0.0
0.0;159.0;0.0;0.0
0.0;159.0;3.3;0.0
0.0;159.0;0.0;0.0
0.0;159.0;0.7;0.0
0.0;159.0;0.0;0.0
186.4;159.7;1.4;0.0
83.3;159.7;7.8;0.0
43.8;160.1;7.5;0.0
0.0;160.1;0.0;0.0
0.0;160.1;0.1;0.0
0.0;160.1;0.0;0.0
0.0;160.1;1.3;0.0
0.0;160.1;0.0;0.0
0.0;160.1;0.7;0.0
0.0;160.1;0.0;0.0
71.9;186.1;45.1;4.0
57.5;245.1;14325.8;0.0
63.8;276.3;11732.1;0.0
116.9;276.6;2.4;772.0
124.9;1109.5;3.3;1196.0
