97.0;97.3;59.4;0.0
54.9;106.9;71.8;0.0
92.8;127.1;91.1;0.0
172.9;272.8;394.3;0.0
246.0;159.6;401.8;0.0
0.0;159.6;0.0;0.0
0.0;159.6;1.0;0.0
0.0;159.6;1.1;0.0
0.0;159.6;13.0;0.0
0.0;159.6;14.3;0.0
0.0;159.6;7.0;0.0
0.0;159.6;7.7;0.0
196.0;159.6;4.0;0.0
280.9;160.4;4.4;0.0
138.4;160.4;0.0;0.0
74.9;160.4;0.0;0.0
49.9;160.4;13.0;0.0
414.2;160.4;14.3;0.0
0.0;160.8;0.0;0.0
0.0;160.8;0.1;0.0
0.0;160.8;0.0;0.0
0.0;160.8;12.0;0.0
0.0;160.8;13.2;0.0
0.0;160.8;7.0;0.0
0.0;160.8;7.7;0.0
330.0;201.8;159.0;40.0
123.7;935.2;26681.5;44.0
49.8;1118.5;21974.5;0.0
93.8;846.4;12800.2;1960.0
70.4;569.2;6515.3;2600.0
94.9;870.2;3351.7;0.0
44.5;245.7;318.7;0.0
55.0;245.7;325.2;0.0
55.0;245.7;323.8;0.0
45.0;245.7;331.6;0.0
51.2;245.7;357.4;0.0
49.6;245.7;353.4;0.0
46.9;245.7;369.8;0.0
55.0;245.7;340.8;0.0
50.0;277.3;88.9;0.0
48.7;277.3;0.8;260.0
54.0;277.3;0.6;192.0
45.0;185.1;0.3;12.0
