112.5;126.8;223.7;0.0
49.9;190.1;111.2;0.0
221.5;170.8;203.5;0.0
107.0;175.0;46.7;0.0
148.0;159.0;20.0;0.0
0.0;159.0;0.0;0.0
0.0;159.0;1.1;0.0
0.0;159.0;4.4;0.0
0.0;159.0;9.9;0.0
0.0;159.0;0.0;0.0
0.0;159.0;7.7;0.0
0.0;159.0;0.0;0.0
543.4;159.7;5.5;0.0
489.5;159.7;0.0;0.0
536.8;159.7;0.0;0.0
540.1;159.7;0.0;0.0
383.9;160.1;14.3;0.0
0.0;160.1;0.0;0.0
0.0;160.1;1.1;0.0
0.0;160.1;0.0;0.0
0.0;160.1;14.3;0.0
0.0;160.1;0.0;0.0
0.0;160.1;7.7;0.0
0.0;160.1;0.0;0.0
273.9;188.1;122.1;44.0
534.6;411.4;476.3;0.0
547.8;760.1;6903.6;0.0
550.0;1049.4;10980.2;0.0
547.8;1097.8;3136.1;0.0
537.9;1097.8;3490.4;0.0
587.4;1104.4;3566.2;0.0
537.9;1104.4;3987.7;0.0
544.5;1104.4;3668.5;0.0
500.0;1104.4;3543.8;0.0
539.0;1104.4;3902.8;0.0
347.2;1096.4;3786.6;0.0
66.2;1096.4;3869.8;0.0
96.1;1442.9;1690.7;0.0
95.3;1442.9;8.8;2860.0
140.1;1437.9;9.4;1408.0
547.8;1104.6;5.5;792.0
