55.0;266.1;439.7;0.0
162.0;252.5;170.6;0.0
79.5;218.5;510.6;0.0
126.9;179.3;230.5;0.0
222.8;159.5;8.5;0.0
0.0;159.5;0.0;0.0
0.0;159.5;0.1;0.0
0.0;159.5;0.0;0.0
0.0;159.5;2.2;0.0
0.0;159.5;0.0;0.0
0.0;159.5;0.7;0.0
0.0;159.5;0.0;0.0
71.7;160.2;11.5;0.0
357.0;160.6;2.2;0.0
476.0;160.6;0.0;0.0
530.0;160.6;1.1;0.0
399.0;160.6;13.0;0.0
53.9;160.6;14.3;0.0
0.0;160.6;1.0;0.0
0.0;160.6;7.7;0.0
0.0;160.6;12.0;0.0
107.8;160.6;5.5;0.0
548.9;400.2;578.2;44.0
594.0;751.1;3463.9;0.0
489.0;752.2;14415.9;0.0
73.4;916.9;2491.1;40.0
50.2;244.9;38707.2;0.0
85.0;557.3;4813.8;0.0
103.0;562.3;3703.0;1320.0
78.0;562.3;3703.4;2560.0
93.0;245.3;3620.6;840.0
102.4;876.3;4019.4;0.0
48.5;245.3;355.8;0.0
52.9;245.3;374.8;0.0
47.6;276.8;137.5;0.0
49.4;276.8;0.8;260.0
52.4;276.8;0.4;128.0
49.6;185.2;0.5;72.0
