88.9;288.9;1114.7;0.0
267.0;579.0;144.6;0.0
677.2;388.0;769.6;0.0
495.0;235.0;388.3;0.0
328.9;159.1;116.6;0.0
0.0;159.1;0.0;0.0
0.0;159.1;1.1;0.0
0.0;159.1;0.0;0.0
0.0;159.1;14.3;0.0
0.0;159.1;0.0;0.0
0.0;159.1;7.7;0.0
0.0;159.1;0.0;0.0
162.8;159.1;4.4;0.0
557.7;159.9;0.0;0.0
547.8;159.9;12.1;0.0
273.9;160.4;2.2;0.0
0.0;160.4;0.0;0.0
0.0;160.4;1.1;0.0
0.0;160.4;0.0;0.0
0.0;160.4;14.3;0.0
0.0;160.4;0.0;0.0
0.0;160.4;7.7;0.0
0.0;160.4;0.0;0.0
271.7;181.4;20.9;44.0
566.5;413.5;579.7;0.0
545.6;1106.5;44044.0;0.0
548.9;1450.8;10091.4;0.0
522.5;1454.1;6.6;2156.0
558.8;1120.8;12.1;2904.0
