66.0;217.8;464.4;0.0
105.0;223.0;182.6;0.0
211.7;221.1;450.7;0.0
221.9;286.6;188.4;0.0
337.8;159.2;368.3;0.0
0.0;159.2;0.0;0.0
0.0;159.2;0.1;0.0
0.0;159.2;0.0;0.0
0.0;159.2;13.0;0.0
0.0;159.2;14.3;0.0
0.0;159.2;7.0;0.0
0.0;159.2;7.7;0.0
387.0;159.2;4.0;0.0
55.0;160.0;5.5;0.0
285.3;160.5;13.2;0.0
399.0;160.5;13.0;0.0
0.0;160.5;0.0;0.0
0.0;160.5;1.0;0.0
0.0;160.5;0.0;0.0
0.0;160.5;13.0;0.0
0.0;160.5;0.0;0.0
0.0;160.5;7.0;0.0
0.0;160.5;0.0;0.0
299.0;205.5;151.0;40.0
495.0;384.5;385.0;0.0
534.0;698.5;10608.0;0.0
499.0;1006.5;6915.0;0.0
470.0;1006.5;3690.0;0.0
533.0;1006.5;3282.0;0.0
495.0;1006.5;3172.0;0.0
464.0;1010.5;3654.0;0.0
516.0;1010.5;3540.0;0.0
495.0;1010.5;3444.0;0.0
540.0;1010.5;3552.0;0.0
508.0;1010.5;3802.0;0.0
499.0;1094.5;3561.0;0.0
444.0;1325.5;22.0;1320.0
498.0;1325.5;8.0;2560.0
499.0;1022.5;5.0;760.0
0.0;160.5;0.0;0.0
0.0;160.5;0.0;0.0
0.0;160.5;0.0;0.0
0.0;160.5;0.0;0.0
0.0;160.5;0.0;0.0
0.0;160.5;0.0;0.0
0.0;160.5;0.0;0.0
0.0;160.5;0.0;0.0
0.0;160.5;0.0;0.0
0.0;160.5;0.0;0.0
0.0;160.5;0.0;0.0
0.0;160.5;0.0;0.0
0.0;160.5;0.0;0.0
0.0;160.5;0.0;0.0
0.0;160.5;0.0;0.0
0.0;160.5;0.0;0.0
0.0;160.5;0.0;0.0
0.0;160.5;0.0;0.0
0.0;160.5;0.0;0.0
0.0;160.5;0.0;0.0
0.0;160.5;0.0;0.0
0.0;160.5;0.0;0.0
0.0;160.5;0.0;0.0
0.0;160.5;0.0;0.0
0.0;160.5;0.0;0.0
0.0;160.5;0.0;0.0
0.0;160.5;0.1;0.0
0.0;160.5;0.0;0.0
0.0;160.5;0.0;0.0
0.0;160.5;1.3;0.0
0.0;160.5;0.0;0.0
0.0;160.5;0.7;0.0
0.0;160.5;0.0;0.0
45.0;168.5;15.6;4.0
49.4;183.2;38.5;0.0
49.9;214.3;1009.2;0.0
50.1;245.1;738.5;0.0
49.3;245.5;305.2;0.0
47.5;245.5;313.4;0.0
51.8;245.5;331.5;0.0
50.0;245.5;332.9;0.0
49.6;245.5;331.6;0.0
51.6;245.5;338.4;0.0
48.6;245.5;396.4;0.0
49.5;245.5;346.2;0.0
49.7;245.5;345.8;0.0
52.4;277.2;84.1;68.0
50.6;277.2;0.8;256.0
49.5;277.2;0.2;64.0
50.0;185.0;0.5;84.0
