87.9;195.3;269.0;0.0
76.1;209.9;382.8;0.0
109.7;287.1;379.3;0.0
229.9;314.6;45.5;0.0
398.0;159.6;321.0;0.0
53.9;159.6;1.1;0.0
0.0;159.6;0.0;0.0
0.0;159.6;13.3;0.0
0.0;159.6;0.0;0.0
0.0;159.6;6.7;0.0
0.0;159.6;0.0;0.0
0.0;159.6;7.0;0.0
504.9;160.2;5.5;0.0
101.0;160.7;9.3;0.0
542.0;160.7;0.0;0.0
490.0;160.7;1.1;0.0
521.0;160.7;1.0;0.0
162.0;160.7;12.0;0.0
0.0;160.7;0.0;0.0
0.0;160.7;1.0;0.0
0.0;160.7;0.0;0.0
0.0;160.7;12.0;0.0
0.0;160.7;0.0;0.0
0.0;160.7;7.0;0.0
0.0;160.7;0.0;0.0
395.0;227.7;158.0;40.0
496.0;384.7;374.2;0.0
499.0;698.7;10040.0;0.0
482.0;1006.7;7612.7;0.0
485.0;1009.7;3150.0;0.0
221.8;960.2;3120.7;44.0
67.2;809.0;2933.5;0.0
75.0;526.4;5835.0;0.0
68.6;245.1;4673.2;0.0
66.3;245.1;954.1;0.0
65.5;245.1;1337.6;0.0
88.0;245.6;1030.8;0.0
108.6;562.6;3402.2;1320.0
84.1;562.6;4139.0;2560.0
70.1;245.6;4186.0;1040.0
49.4;245.6;362.4;0.0
49.4;245.6;353.8;0.0
48.6;258.0;356.1;0.0
53.1;277.1;2.2;132.0
49.7;277.1;0.8;256.0
49.8;277.1;0.2;64.0
50.0;185.0;0.3;24.0
