82.9;336.8;1230.6;0.0
254.9;587.0;149.0;0.0
674.1;409.7;983.2;0.0
660.0;288.2;293.7;0.0
440.0;158.9;297.1;0.0
0.0;158.9;0.0;0.0
0.0;158.9;11.1;0.0
0.0;158.9;0.0;0.0
0.0;158.9;7.0;0.0
199.0;158.9;9.3;0.0
497.0;158.9;0.0;0.0
548.0;158.9;7.7;0.0
492.0;158.9;0.0;0.0
106.6;159.6;6.5;0.0
351.0;159.6;2.0;0.0
548.9;159.6;0.0;0.0
537.9;159.6;1.0;0.0
550.0;160.0;14.3;0.0
0.0;160.0;13.0;0.0
0.0;160.0;1.1;0.0
0.0;160.0;7.0;0.0
0.0;160.0;13.2;0.0
316.0;344.0;177.0;40.0
513.0;1018.0;44998.0;0.0
0.0;1334.0;4600.7;0.0
1100.0;1336.0;6.0;1960.0
102.0;1106.4;163.9;2564.0
67.1;182.8;423.5;0.0
50.0;213.7;1216.8;0.0
53.6;244.4;524.3;0.0
49.2;244.4;316.2;0.0
50.0;244.9;305.2;0.0
50.0;244.9;320.1;0.0
49.8;244.9;328.1;0.0
50.0;244.9;334.6;0.0
50.0;244.9;334.6;0.0
47.5;244.9;365.6;0.0
52.4;244.9;363.7;0.0
50.0;244.9;361.5;0.0
50.0;276.4;6.3;68.0
49.8;276.4;0.8;256.0
50.0;276.4;0.2;64.0
53.4;184.3;0.5;76.0
