78.6;332.7;1193.6;0.0
506.1;433.0;398.4;0.0
392.2;417.5;548.4;0.0
675.7;202.9;626.7;0.0
217.8;159.4;27.5;0.0
0.0;159.4;1.0;0.0
0.0;159.4;1.1;0.0
0.0;159.4;12.0;0.0
0.0;159.4;8.3;0.0
0.0;159.4;1.0;0.0
0.0;159.4;5.7;0.0
493.0;159.4;3.0;0.0
172.6;160.2;8.4;0.0
540.1;160.2;0.0;0.0
385.0;160.6;13.3;0.0
0.0;160.6;0.0;0.0
0.0;160.6;12.1;0.0
0.0;160.6;0.0;0.0
0.0;160.6;7.3;0.0
0.0;160.6;0.0;0.0
391.0;239.6;154.7;40.0
522.0;387.6;385.0;0.0
315.6;698.6;13034.5;0.0
50.1;245.7;34958.0;44.0
110.5;245.7;2937.8;0.0
58.8;245.7;2002.6;0.0
96.0;598.2;1370.7;0.0
114.6;600.4;3910.6;2156.0
108.1;600.4;3702.6;2112.0
80.3;247.0;4057.5;1056.0
