56.8;242.2;1004.9;0.0
418.8;371.9;433.6;0.0
529.9;337.1;264.6;0.0
498.9;181.0;410.0;0.0
165.0;159.5;22.0;0.0
0.0;159.5;1.0;0.0
0.0;159.5;1.1;0.0
0.0;159.5;12.0;0.0
0.0;159.5;12.1;0.0
0.0;159.5;7.0;0.0
0.0;159.5;7.7;0.0
488.0;159.5;6.0;0.0
164.0;159.5;8.4;0.0
532.4;160.1;0.0;0.0
496.7;160.1;1.0;0.0
533.5;160.1;0.0;0.0
589.6;160.1;12.0;0.0
440.0;160.6;7.3;0.0
0.0;160.6;0.0;0.0
95.0;160.6;4.1;0.0
489.0;367.6;538.0;40.0
495.0;1012.6;46569.3;0.0
527.0;1327.6;1213.0;680.0
490.0;1327.6;6.0;1920.0
509.0;1327.6;3.7;1280.0
0.0;160.6;0.0;0.0
44.9;169.0;16.0;4.0
51.0;183.6;38.5;0.0
50.5;245.1;2362.1;0.0
49.9;245.1;326.0;0.0
47.0;245.6;350.8;0.0
50.0;245.6;323.8;0.0
55.0;245.6;329.4;0.0
50.0;245.6;346.0;0.0
49.8;245.6;356.4;0.0
49.8;245.6;334.6;0.0
48.6;277.2;191.1;0.0
49.6;277.2;0.8;260.0
48.6;277.2;0.6;192.0
49.1;246.8;0.3;40.0
