110.9;356.0;1198.4;0.0
398.0;432.4;237.8;0.0
257.2;434.8;612.1;0.0
716.7;325.3;328.7;0.0
495.0;159.1;422.4;0.0
0.0;159.1;0.0;0.0
0.0;159.1;1.0;0.0
0.0;159.1;1.1;0.0
50.0;159.1;13.0;0.0
0.0;159.1;14.3;0.0
0.0;159.1;7.0;0.0
0.0;159.1;7.7;0.0
478.0;159.1;6.0;0.0
246.4;159.8;7.5;0.0
541.2;159.8;0.0;0.0
565.4;159.8;1.0;0.0
544.5;159.8;0.0;0.0
550.0;160.2;1.3;0.0
0.0;160.2;0.0;0.0
49.0;160.2;6.1;0.0
0.0;160.2;0.0;0.0
296.0;218.2;160.0;40.0
500.0;1014.2;45059.3;0.0
488.0;1326.2;4522.0;0.0
450.0;1329.2;10.7;4760.0
475.0;379.2;0.0;0.0
29.9;164.9;15.7;4.0
52.2;182.7;38.5;0.0
49.0;245.4;3230.0;0.0
51.2;276.9;1644.8;0.0
43.8;276.9;0.6;196.0
57.9;276.9;0.8;256.0
40.9;246.7;0.3;28.0
