57.1;90.8;42.0;0.0
49.9;106.9;99.2;0.0
99.0;129.2;127.6;0.0
109.0;169.3;165.7;0.0
140.5;159.0;114.5;0.0
0.0;159.0;0.0;0.0
0.0;159.0;0.1;0.0
0.0;159.0;0.0;0.0
0.0;159.0;13.0;0.0
0.0;159.0;14.3;0.0
0.0;159.0;7.0;0.0
0.0;159.0;7.7;0.0
50.0;159.0;5.0;0.0
113.8;159.7;5.5;0.0
50.0;159.7;0.0;0.0
63.0;159.7;0.0;0.0
71.6;159.7;1.0;0.0
277.4;160.1;2.3;0.0
0.0;160.1;0.0;0.0
0.0;160.1;1.0;0.0
0.0;160.1;1.1;0.0
0.0;160.1;12.0;0.0
0.0;160.1;14.3;0.0
0.0;160.1;7.0;0.0
0.0;160.1;7.7;0.0
149.0;160.1;4.0;0.0
234.3;956.5;32291.9;4.0
49.1;1123.6;16945.5;0.0
49.9;846.0;9609.1;4560.0
50.0;244.7;815.4;0.0
53.6;244.7;304.4;0.0
50.0;245.1;322.2;0.0
50.0;245.1;316.8;0.0
52.1;245.1;352.2;0.0
47.0;245.1;358.0;0.0
50.0;245.1;325.0;0.0
52.5;245.1;371.4;0.0
50.0;245.1;352.6;0.0
50.0;245.1;343.0;0.0
49.2;276.8;135.7;0.0
50.0;276.8;0.8;260.0
49.9;276.8;0.4;128.0
51.8;246.4;0.5;96.0
