254.9;223.9;263.3;0.0
94.1;150.6;606.2;0.0
112.8;139.2;74.1;0.0
329.9;158.8;44.5;0.0
236.0;159.5;6.5;0.0
0.0;159.5;0.0;0.0
0.0;159.5;0.1;0.0
0.0;159.5;0.0;0.0
0.0;159.5;1.3;0.0
0.0;159.5;0.0;0.0
0.0;159.5;0.7;0.0
0.0;159.5;0.0;0.0
174.6;160.3;1.5;0.0
461.2;160.3;8.8;0.0
1513.8;160.7;5.5;0.0
500.0;160.7;0.0;0.0
499.0;160.7;12.1;0.0
99.0;160.7;0.0;0.0
0.0;160.7;14.3;0.0
0.0;160.7;1.0;0.0
0.0;160.7;7.7;0.0
0.0;160.7;13.0;0.0
418.0;387.1;598.4;44.0
545.6;753.4;2844.2;0.0
581.9;754.5;15032.6;0.0
251.6;1037.2;2336.5;40.0
77.0;865.2;3091.0;0.0
56.2;557.5;7475.1;0.0
58.9;245.5;4045.7;0.0
95.0;245.5;476.1;0.0
68.9;245.5;399.6;0.0
70.0;245.5;438.1;0.0
51.2;245.5;607.0;0.0
58.3;245.5;416.2;0.0
89.0;593.0;1664.3;0.0
64.8;593.0;4289.6;2156.0
59.0;593.0;4042.6;2112.0
49.2;548.7;2098.5;792.0
