67.4;239.5;913.8;0.0
300.4;317.6;409.6;0.0
400.9;340.6;112.2;0.0
550.0;159.2;451.0;0.0
0.0;159.2;0.0;0.0
0.0;159.2;1.0;0.0
0.0;159.2;1.1;0.0
0.0;159.2;14.0;0.0
0.0;159.2;14.3;0.0
0.0;159.2;7.0;0.0
0.0;159.2;7.7;0.0
489.0;159.2;6.0;0.0
227.5;159.9;8.4;0.0
530.2;159.9;1.0;0.0
576.4;159.9;0.0;0.0
550.0;159.9;12.0;0.0
550.0;159.9;14.3;0.0
103.4;160.3;7.0;0.0
0.0;160.3;0.0;0.0
340.0;226.3;157.1;40.0
495.0;1016.3;31684.0;0.0
501.0;1327.3;17413.3;0.0
491.0;1332.3;17.0;4680.0
528.0;381.3;7.7;0.0
0.0;160.3;0.0;0.0
35.0;166.4;15.7;4.0
49.5;182.6;38.5;0.0
52.3;214.0;994.5;0.0
48.0;244.8;778.0;0.0
48.5;244.8;340.4;0.0
54.0;245.1;339.8;0.0
45.3;245.1;359.0;0.0
50.0;245.1;317.6;0.0
54.5;245.1;332.2;0.0
50.0;245.1;347.8;0.0
49.7;245.1;378.0;0.0
50.0;245.1;346.2;0.0
50.0;276.6;246.3;0.0
49.6;276.6;0.4;132.0
49.5;276.6;0.8;256.0
49.6;246.3;0.5;80.0
49.8;184.0;0.0;0.0
