100.4;255.0;330.9;0.0
100.9;226.2;244.4;0.0
114.0;455.1;153.9;0.0
497.9;349.4;336.9;0.0
449.0;159.4;407.0;0.0
0.0;159.4;1.1;0.0
0.0;159.4;0.0;0.0
0.0;159.4;13.3;0.0
0.0;159.4;0.0;0.0
0.0;159.4;7.7;0.0
0.0;159.4;0.0;0.0
420.2;160.1;4.4;0.0
55.6;160.1;12.1;0.0
1141.8;160.6;13.2;0.0
0.0;160.6;7.0;0.0
0.0;160.6;1.1;0.0
224.0;160.6;5.0;0.0
515.0;160.6;14.3;0.0
521.0;160.6;0.0;0.0
449.0;160.6;7.7;0.0
445.0;160.6;13.0;0.0
404.8;229.0;176.0;44.0
533.5;405.0;423.5;0.0
550.0;750.4;9655.8;0.0
539.0;1088.1;8950.7;0.0
548.9;1088.1;3337.4;0.0
548.9;1092.5;3362.8;0.0
550.0;1092.5;3611.3;0.0
545.6;1092.5;3548.7;0.0
550.0;1092.5;3554.1;0.0
544.5;1092.5;3758.3;0.0
591.8;1092.5;3880.8;0.0
279.0;1070.5;4190.7;40.0
65.1;870.5;3479.3;0.0
113.5;899.9;5724.7;0.0
117.0;595.1;9373.8;2860.0
55.0;595.1;3174.4;1408.0
89.8;786.7;4537.5;968.0
