106.6;359.6;1191.2;0.0
296.5;390.9;302.6;0.0
182.8;433.6;565.0;0.0
720.0;318.1;336.3;0.0
493.9;158.8;397.1;0.0
0.0;158.8;1.0;0.0
0.0;158.8;0.0;0.0
0.0;158.8;11.1;0.0
0.0;158.8;6.0;0.0
0.0;158.8;13.3;0.0
470.0;158.8;6.0;0.0
248.0;178.8;5.7;0.0
0.0;178.8;0.0;0.0
462.0;159.5;4.5;0.0
550.0;159.5;0.0;0.0
495.6;159.5;13.0;0.0
550.0;159.5;0.0;0.0
495.0;159.9;7.3;0.0
0.0;159.9;0.0;0.0
246.0;188.9;90.1;40.0
494.0;705.9;3895.0;0.0
495.0;1019.9;43631.3;0.0
545.0;1334.9;2105.0;680.0
484.0;1176.9;8.7;3920.0
543.0;384.9;0.0;0.0
14.2;159.9;0.5;0.0
45.0;181.8;53.9;4.0
55.0;214.0;407.5;0.0
49.6;214.0;1249.9;0.0
50.0;244.7;232.2;0.0
48.2;245.1;306.1;0.0
48.9;245.1;330.8;0.0
50.0;245.1;325.3;0.0
50.0;245.1;328.1;0.0
49.9;245.1;326.8;0.0
47.6;245.1;398.1;0.0
55.0;245.1;348.1;0.0
55.0;245.1;355.2;0.0
45.0;276.5;262.5;0.0
50.0;276.7;0.4;132.0
50.0;276.7;0.8;256.0
50.0;246.3;0.5;88.0
50.0;183.8;0.0;0.0
