90.0;374.6;246.0;13464.0
50.0;260.5;420.4;0.0
530.8;442.1;362.2;21340.0
381.1;486.8;158.2;27808.0
211.0;632.6;187.4;38876.0
328.9;591.2;438.9;20724.0
599.5;485.0;255.2;68332.0
328.9;409.4;333.3;37840.0
438.9;340.1;140.8;20592.0
328.9;269.9;233.2;34452.0
328.9;184.4;195.8;64064.0
110.0;158.9;22.0;5456.0
0.0;158.9;0.0;0.0
0.0;158.9;0.0;0.0
0.0;158.9;0.0;0.0
0.0;158.9;0.0;0.0
0.0;158.9;0.0;0.0
0.0;158.9;0.0;0.0
0.0;158.9;0.0;0.0
0.0;158.9;0.0;0.0
0.0;158.9;0.0;0.0
0.0;158.9;0.0;0.0
0.0;158.9;0.0;0.0
0.0;158.9;0.0;0.0
0.0;158.9;0.0;0.0
0.0;158.9;0.0;0.0
0.0;158.9;0.0;0.0
0.0;158.9;0.0;0.0
0.0;158.9;0.0;0.0
0.0;158.9;0.0;0.0
0.0;158.9;0.0;0.0
0.0;158.9;0.0;0.0
0.0;158.9;0.0;0.0
0.0;158.9;0.0;0.0
0.0;158.9;0.0;0.0
0.0;158.9;0.0;0.0
0.0;158.9;0.0;0.0
0.0;158.9;0.0;0.0
0.0;158.9;0.0;0.0
0.0;158.9;0.0;0.0
0.0;158.9;1.0;0.0
0.0;158.9;0.0;0.0
0.0;158.9;11.0;520.0
50.0;158.9;3.0;920.0
0.0;158.9;0.0;0.0
0.0;158.9;7.0;0.0
0.0;158.9;0.0;0.0
281.0;158.9;5.0;0.0
536.0;158.9;0.0;0.0
506.0;158.9;0.0;0.0
474.0;158.9;0.0;0.0
449.0;158.9;13.0;0.0
0.0;158.9;0.0;0.0
0.0;158.9;1.0;0.0
0.0;158.9;0.0;0.0
50.0;158.9;13.0;0.0
0.0;158.9;0.0;0.0
0.0;158.9;7.0;0.0
0.0;158.9;0.0;0.0
189.0;175.9;7.0;40.0
450.0;391.9;522.0;0.0
506.0;708.9;6424.0;0.0
516.0;1017.9;11488.1;0.0
499.0;1017.9;3082.0;0.0
504.0;1022.9;4272.3;5324.0
495.0;1022.9;3338.0;0.0
489.0;1022.9;3189.7;0.0
493.0;1022.9;3997.0;0.0
399.8;1016.6;3888.5;1232.0
50.0;1015.7;4242.0;0.0
83.1;1015.7;3902.0;0.0
99.0;1332.7;891.0;2000.0
102.0;1332.7;8.0;2560.0
140.0;1329.1;10.3;128.0
500.0;1024.1;3.0;200.0
0.0;160.1;0.1;0.0
0.0;160.1;0.0;0.0
0.0;160.1;1.3;0.0
0.0;160.1;0.0;0.0
0.0;160.1;0.7;0.0
0.0;160.1;0.0;0.0
9.2;160.1;0.4;0.0
49.8;180.5;53.9;4.0
48.8;213.9;148.0;304.0
50.4;213.9;1522.7;0.0
49.2;244.8;212.2;224.0
50.0;244.8;300.6;0.0
50.0;245.4;328.4;0.0
49.2;245.4;324.2;0.0
49.7;245.4;333.0;0.0
50.4;245.4;417.0;0.0
50.0;245.4;329.6;0.0
54.6;245.4;346.0;0.0
51.6;245.4;398.4;0.0
50.0;276.9;262.5;128.0
49.8;276.9;0.6;196.0
50.3;276.9;0.6;192.0
49.7;246.6;0.5;72.0
