59.0;244.9;999.5;0.0
238.0;532.8;124.8;0.0
734.9;351.0;617.8;0.0
598.4;180.0;429.0;0.0
158.4;159.4;22.0;0.0
0.0;159.4;0.0;0.0
0.0;159.4;1.1;0.0
0.0;159.4;0.0;0.0
0.0;159.4;14.3;0.0
0.0;159.4;0.0;0.0
0.0;159.4;7.7;0.0
0.0;159.4;0.0;0.0
489.5;160.2;16.5;0.0
218.9;160.7;2.2;0.0
0.0;160.7;0.0;0.0
0.0;160.7;1.1;0.0
0.0;160.7;0.0;0.0
0.0;160.7;14.3;0.0
0.0;160.7;0.0;0.0
0.0;160.7;7.7;0.0
0.0;160.7;0.0;0.0
328.9;219.8;173.8;44.0
550.0;418.9;423.5;0.0
550.0;766.5;7062.0;0.0
547.8;1017.3;11347.6;0.0
533.5;1105.3;3675.1;0.0
545.6;1105.3;3883.0;0.0
550.0;1109.7;3418.8;0.0
577.5;1109.7;3861.0;0.0
550.0;1109.7;3588.2;0.0
523.6;1109.7;4318.6;0.0
550.0;1109.7;3860.0;0.0
559.9;1109.7;4021.6;0.0
588.5;1109.7;3900.8;0.0
522.5;1457.3;1153.9;748.0
543.4;1457.3;8.8;2816.0
547.8;1457.3;3.4;1408.0
591.8;449.7;3.3;264.0
