53.0;110.9;88.4;0.0
50.0;114.8;103.2;0.0
110.9;139.0;62.2;0.0
107.0;157.5;39.0;0.0
9.8;159.6;2.0;0.0
0.0;159.6;0.0;0.0
0.0;159.6;0.1;0.0
0.0;159.6;0.0;0.0
0.0;159.6;2.3;0.0
0.0;159.6;0.0;0.0
0.0;159.6;0.7;0.0
0.0;159.6;0.0;0.0
124.1;160.3;0.5;0.0
91.3;160.3;1.0;0.0
204.5;160.3;12.0;0.0
587.4;160.3;0.0;0.0
550.0;160.7;13.3;0.0
0.0;160.7;0.0;0.0
0.0;160.7;12.1;0.0
0.0;160.7;0.0;0.0
55.0;160.7;7.3;0.0
0.0;160.7;0.0;0.0
249.0;181.7;129.7;40.0
495.0;695.7;10235.0;0.0
502.0;1317.7;37947.0;0.0
80.4;1243.5;170.9;1284.0
60.0;879.0;410.5;3320.0
50.0;214.4;1330.6;0.0
50.0;245.1;462.9;0.0
52.0;245.6;344.8;0.0
45.0;245.6;315.0;0.0
51.1;245.6;353.2;0.0
49.9;245.6;343.8;0.0
50.0;245.6;341.2;0.0
51.9;245.6;363.8;0.0
49.2;245.6;361.6;0.0
50.3;245.6;382.2;0.0
49.9;277.0;278.7;0.0
47.9;277.3;0.6;196.0
55.3;277.3;0.6;192.0
47.7;246.8;0.5;72.0
