116.6;288.9;1074.4;0.0
345.5;437.7;365.9;0.0
484.8;365.2;306.3;0.0
493.0;178.2;390.0;0.0
150.0;159.2;20.0;0.0
0.0;159.2;0.0;0.0
55.0;159.2;0.1;0.0
0.0;159.2;0.0;0.0
0.0;159.2;1.3;0.0
0.0;159.2;0.0;0.0
0.0;159.2;0.7;0.0
0.0;159.2;0.0;0.0
178.3;160.0;0.4;0.0
110.4;160.0;1.1;0.0
311.4;160.4;13.2;0.0
491.0;160.4;0.0;0.0
484.0;160.4;12.1;0.0
99.0;160.4;0.0;0.0
0.0;160.4;13.2;0.0
0.0;160.4;1.0;0.0
52.8;160.4;7.7;0.0
0.0;160.4;13.0;0.0
392.7;343.2;194.7;44.0
555.5;1093.4;36361.2;0.0
543.4;1436.6;18157.7;0.0
103.8;1373.9;151.8;2820.0
86.4;418.1;18879.9;2420.0
