118.2;188.2;119.4;0.0
154.9;179.3;174.5;0.0
140.9;159.0;111.7;0.0
49.0;159.0;4.0;0.0
0.0;159.0;1.1;0.0
0.0;159.0;1.0;0.0
0.0;159.0;0.0;0.0
0.0;159.0;1.3;0.0
0.0;159.0;0.0;0.0
0.0;159.0;0.7;0.0
0.0;159.0;0.0;0.0
55.3;159.7;0.6;0.0
125.9;160.1;1.2;0.0
0.0;160.1;0.0;0.0
0.0;160.1;0.1;0.0
0.0;160.1;0.0;0.0
0.0;160.1;1.2;0.0
0.0;160.1;0.0;0.0
0.0;160.1;0.7;0.0
0.0;160.1;0.0;0.0
63.1;160.3;1.5;0.0
84.0;819.6;17826.9;4.0
55.4;847.8;26960.6;0.0
114.8;849.8;14100.0;680.0
102.0;573.5;2703.5;2560.0
50.0;573.5;3425.8;1280.0
50.0;244.5;320.8;0.0
50.0;245.0;311.6;0.0
50.0;245.0;327.4;0.0
50.0;245.0;334.9;0.0
49.0;245.0;336.1;0.0
50.0;245.0;329.2;0.0
49.8;245.0;349.4;0.0
51.5;246.1;375.3;0.0
48.9;276.6;2.2;132.0
50.0;276.6;0.8;256.0
50.0;276.6;0.2;64.0
50.0;184.4;0.3;24.0
