95.7;247.7;1004.9;0.0
259.0;341.9;483.1;0.0
420.6;322.7;216.1;0.0
465.4;182.1;409.0;0.0
107.8;159.1;22.0;0.0
0.0;159.1;1.0;0.0
0.0;159.1;0.0;0.0
50.0;159.1;12.0;0.0
0.0;159.1;0.0;0.0
0.0;159.1;7.0;0.0
0.0;159.1;0.0;0.0
299.0;159.1;5.0;0.0
496.0;159.1;0.0;0.0
488.0;159.1;0.0;0.0
499.0;159.1;11.0;0.0
249.0;176.1;2.0;0.0
0.0;176.1;0.0;0.0
0.0;176.1;1.0;0.0
0.0;176.1;13.0;0.0
0.0;176.1;0.0;0.0
0.0;176.1;7.0;0.0
0.0;176.1;0.0;0.0
98.0;176.1;5.0;0.0
447.0;366.1;229.0;40.0
489.0;716.1;3036.0;0.0
527.0;966.1;13532.0;0.0
499.0;1023.1;2851.0;0.0
515.0;1027.1;4080.0;0.0
500.0;1027.1;3224.0;0.0
499.0;1027.1;3406.0;0.0
498.0;1027.1;3510.0;0.0
486.0;1027.1;3476.0;0.0
499.0;1027.1;3656.0;0.0
482.0;1027.1;4692.0;0.0
549.0;1342.1;2625.0;0.0
496.0;1342.1;3.1;1320.0
476.0;1342.1;8.0;2560.0
514.0;1039.1;7.1;720.0
0.0;159.1;0.0;0.0
0.0;159.1;0.7;0.0
0.0;159.1;0.0;0.0
25.0;159.8;0.4;0.0
50.0;159.8;0.0;0.0
50.0;159.8;0.0;0.0
52.1;159.8;0.0;0.0
49.5;159.8;1.1;0.0
20.0;160.2;0.2;0.0
0.0;160.2;0.0;0.0
0.0;160.2;0.1;0.0
0.0;160.2;0.0;0.0
0.0;160.2;1.2;0.0
0.0;160.2;0.0;0.0
0.0;160.2;0.7;0.0
0.0;160.2;0.0;0.0
38.6;177.5;17.7;4.0
50.2;245.2;4772.8;0.0
45.6;276.7;137.7;68.0
51.4;276.7;1.2;384.0
