46.5;303.5;1161.4;0.0
280.0;540.3;248.3;0.0
474.3;200.5;906.9;0.0
192.0;159.5;28.0;0.0
0.0;159.5;1.1;0.0
0.0;159.5;1.0;0.0
0.0;159.5;14.3;0.0
0.0;159.5;12.0;0.0
0.0;159.5;7.7;0.0
0.0;159.5;7.0;0.0
451.0;160.2;6.6;0.0
445.5;160.2;4.1;0.0
271.9;160.7;13.2;0.0
498.0;160.7;0.0;0.0
484.0;160.7;1.1;0.0
509.0;160.7;0.0;0.0
249.0;160.7;1.3;0.0
0.0;160.7;0.0;0.0
0.0;160.7;6.7;0.0
0.0;160.7;0.0;0.0
379.5;214.7;160.8;44.0
550.0;1092.5;44343.2;0.0
511.5;1092.5;7869.0;0.0
601.7;1440.1;2315.5;748.0
545.6;1440.1;9.2;4224.0
82.8;258.9;163.3;268.0
