73.4;278.8;1110.9;0.0
424.0;404.0;407.2;0.0
391.5;374.3;231.0;0.0
493.0;184.3;390.0;0.0
140.0;159.3;20.0;0.0
0.0;159.3;1.1;0.0
0.0;159.3;0.0;0.0
0.0;159.3;14.3;0.0
0.0;159.3;0.0;0.0
0.0;159.3;6.7;0.0
0.0;159.3;0.0;0.0
493.9;160.1;5.5;0.0
480.2;160.1;3.1;0.0
321.2;160.5;2.2;0.0
0.0;160.5;7.0;0.0
0.0;160.5;1.1;0.0
388.0;160.5;5.0;0.0
495.0;160.5;12.1;0.0
494.0;160.5;0.0;0.0
500.0;160.5;7.7;0.0
349.0;160.5;13.0;0.0
265.1;160.5;5.5;0.0
495.0;401.3;589.7;44.0
543.4;754.4;4670.6;0.0
544.5;754.4;13564.2;0.0
550.0;1092.1;2711.5;0.0
583.0;1095.4;3521.8;0.0
566.5;1095.4;3755.4;0.0
460.4;1095.4;3972.6;0.0
65.0;908.4;3808.8;40.0
95.5;558.4;3418.8;0.0
83.4;556.4;12832.6;0.0
76.8;245.4;1512.8;0.0
58.1;245.4;1614.6;0.0
120.9;594.1;3683.3;748.0
57.7;594.1;3398.0;3520.0
67.0;594.1;3627.2;704.0
75.8;789.9;5389.3;484.0
