50.0;432.6;1201.7;0.0
197.2;516.6;697.6;0.0
784.4;341.2;582.2;0.0
475.2;175.6;430.1;0.0
101.2;159.1;19.9;0.0
0.0;159.1;0.0;0.0
0.0;159.1;12.1;0.0
0.0;159.1;0.0;0.0
0.0;159.1;6.2;0.0
0.0;159.1;0.0;0.0
349.0;159.1;2.7;0.0
496.0;159.1;0.0;0.0
430.5;160.0;6.6;0.0
273.9;160.4;13.2;0.0
499.0;160.4;11.0;0.0
181.0;160.4;1.1;0.0
0.0;160.4;0.0;0.0
0.0;160.4;13.3;0.0
0.0;160.4;0.0;0.0
0.0;160.4;5.7;0.0
0.0;160.4;0.0;0.0
440.0;361.8;195.4;44.0
489.5;736.9;396.0;0.0
101.0;657.1;14829.8;40.0
50.0;859.9;4460.5;0.0
50.0;548.9;8547.4;0.0
49.8;244.9;3243.6;0.0
71.9;245.3;1245.8;0.0
56.2;245.3;1750.8;0.0
49.9;584.3;14642.3;0.0
49.9;589.8;3398.4;1452.0
49.6;589.8;3480.6;2112.0
49.6;246.5;3287.7;1672.0
101.1;792.7;3668.0;0.0
