64.0;160.8;254.9;0.0
101.0;177.4;115.0;0.0
174.3;176.3;273.0;0.0
50.0;203.1;57.0;0.0
173.9;159.2;77.9;0.0
0.0;159.2;0.0;0.0
0.0;159.2;1.1;0.0
0.0;159.2;0.0;0.0
53.9;159.2;12.1;0.0
0.0;159.2;0.0;0.0
0.0;159.2;7.7;0.0
0.0;159.2;0.0;0.0
0.0;159.2;5.5;0.0
541.2;159.9;0.0;0.0
547.8;159.9;0.0;0.0
550.0;159.9;0.0;0.0
550.0;159.9;0.0;0.0
581.9;159.9;14.3;0.0
0.0;160.3;0.0;0.0
0.0;160.3;1.1;0.0
0.0;160.3;0.0;0.0
0.0;160.3;0.0;0.0
0.0;160.3;0.0;0.0
0.0;160.3;13.2;0.0
0.0;160.3;0.0;0.0
0.0;160.3;7.7;0.0
0.0;160.3;0.0;0.0
440.0;238.5;173.8;44.0
566.5;420.0;423.5;0.0
552.2;762.1;14225.2;0.0
536.8;1099.8;5912.5;0.0
554.4;1099.8;3734.6;0.0
550.0;1099.8;3550.8;0.0
550.0;1105.3;3425.6;0.0
524.7;1105.3;4092.0;0.0
550.0;1105.3;3746.2;0.0
592.9;1105.3;3999.6;0.0
344.4;1097.3;3784.4;0.0
76.0;1097.3;3700.4;0.0
57.8;1097.3;3912.7;0.0
50.8;1443.8;24.2;1452.0
62.0;1443.8;5.8;2816.0
550.0;1439.8;2.2;704.0
547.8;428.9;3.3;440.0
