40.0;100.0;98.8;0.0
80.0;112.9;108.2;0.0
89.8;138.4;75.8;0.0
108.5;156.8;39.0;0.0
59.9;158.8;2.0;0.0
0.0;158.8;0.0;0.0
0.0;158.8;0.1;0.0
0.0;158.8;0.0;0.0
55.0;158.8;1.3;0.0
0.0;158.8;0.0;0.0
0.0;158.8;0.7;0.0
0.0;158.8;0.0;0.0
71.1;158.8;1.5;0.0
78.6;159.5;0.0;0.0
65.0;159.5;0.0;0.0
55.0;159.5;1.0;0.0
337.8;159.5;12.0;0.0
440.0;159.9;14.3;0.0
0.0;159.9;1.0;0.0
0.0;159.9;1.1;0.0
0.0;159.9;13.0;0.0
0.0;159.9;14.3;0.0
0.0;159.9;7.0;0.0
0.0;159.9;7.7;0.0
192.0;159.9;5.0;0.0
287.9;1007.9;43683.6;4.0
49.9;1130.0;5110.9;0.0
107.8;634.7;4959.4;4880.0
69.0;521.1;13442.0;0.0
48.5;245.0;252.1;0.0
50.0;245.0;302.2;0.0
50.0;245.0;310.8;0.0
49.0;245.0;327.2;0.0
53.9;245.0;345.6;0.0
50.0;245.0;339.4;0.0
49.1;245.0;347.4;0.0
51.1;245.0;361.2;0.0
50.0;245.0;355.8;0.0
50.0;276.5;304.7;0.0
48.6;276.8;0.4;132.0
49.9;276.8;0.8;256.0
50.0;246.3;0.3;64.0
49.0;183.0;0.0;0.0
