106.6;142.7;50.4;0.0
57.5;212.0;751.9;0.0
104.8;445.9;144.6;0.0
322.9;344.1;309.5;0.0
399.0;159.1;395.0;0.0
0.0;159.1;1.1;0.0
0.0;159.1;0.0;0.0
0.0;159.1;13.3;0.0
0.0;159.1;0.0;0.0
0.0;159.1;5.7;0.0
0.0;159.1;0.0;0.0
488.4;159.8;10.6;0.0
275.0;160.2;2.2;0.0
445.0;160.2;5.0;0.0
509.0;160.2;1.1;0.0
520.0;160.2;0.0;0.0
509.0;160.2;3.3;0.0
98.0;160.2;2.0;0.0
0.0;160.2;7.7;0.0
0.0;160.2;0.0;0.0
374.0;244.0;159.5;44.0
583.0;751.1;4302.1;0.0
544.5;1093.2;47747.7;0.0
589.6;1439.7;2531.1;748.0
536.8;1106.4;16.5;4268.0
583.0;414.5;0.0;0.0
