45.0;100.5;102.2;0.0
101.0;128.4;91.4;0.0
132.9;138.6;93.2;0.0
50.0;157.3;39.0;0.0
17.6;159.4;2.0;0.0
0.0;159.4;0.0;0.0
0.0;159.4;0.1;0.0
0.0;159.4;0.0;0.0
0.0;159.4;14.3;0.0
0.0;159.4;0.0;0.0
0.0;159.4;7.7;0.0
0.0;159.4;13.0;0.0
218.9;159.4;5.5;0.0
547.8;160.2;7.0;0.0
553.3;160.2;0.0;0.0
451.0;160.2;5.0;0.0
50.0;160.2;12.1;0.0
363.9;160.6;2.2;0.0
498.0;160.6;0.0;0.0
499.0;160.6;1.1;0.0
327.0;160.6;13.0;0.0
52.8;160.6;14.3;0.0
0.0;160.6;1.0;0.0
0.0;160.6;7.7;0.0
0.0;160.6;13.0;0.0
273.9;183.9;159.5;44.0
513.7;406.1;425.3;0.0
555.5;1094.7;41430.4;0.0
150.0;1441.2;12128.0;0.0
1471.2;593.4;23402.4;1412.0
138.1;365.7;5120.3;3696.0
