193.5;317.9;98.6;0.0
536.8;177.0;394.6;0.0
107.8;159.7;22.0;0.0
0.0;159.7;1.0;0.0
0.0;159.7;1.1;0.0
0.0;159.7;12.0;0.0
0.0;159.7;13.2;0.0
0.0;159.7;7.0;0.0
51.7;159.7;7.7;0.0
50.0;159.7;5.0;0.0
0.0;159.7;6.6;0.0
435.0;159.7;5.0;0.0
118.7;160.7;9.4;0.0
550.0;160.7;0.0;0.0
503.0;161.2;14.4;0.0
0.0;161.2;0.0;0.0
0.0;161.2;11.1;0.0
0.0;161.2;0.0;0.0
0.0;161.2;6.2;0.0
0.0;161.2;0.0;0.0
55.0;161.2;1.7;0.0
0.0;161.2;0.0;0.0
249.0;185.2;126.5;40.0
512.0;1002.2;13961.0;0.0
426.0;1002.2;3165.5;0.0
133.2;925.1;3533.6;44.0
55.9;582.2;14710.5;0.0
63.2;423.6;412.5;3432.0
75.5;1134.6;6.0;1920.0
