49.9;85.6;86.0;0.0
86.3;191.4;813.2;0.0
138.0;262.3;414.2;0.0
219.0;328.9;129.2;0.0
500.0;159.3;362.9;0.0
50.0;159.3;20.0;0.0
0.0;159.3;1.1;0.0
50.0;159.3;1.0;0.0
0.0;159.3;13.2;0.0
0.0;159.3;0.0;0.0
55.0;159.3;7.7;0.0
0.0;159.3;0.0;0.0
0.0;159.3;5.5;0.0
0.0;159.3;0.0;0.0
154.0;160.1;7.7;0.0
1098.9;160.6;12.1;0.0
0.0;160.6;0.0;0.0
0.0;160.6;3.1;0.0
0.0;160.6;8.0;0.0
0.0;160.6;13.2;0.0
0.0;160.6;7.0;0.0
0.0;160.6;7.7;0.0
0.0;160.6;7.0;0.0
0.0;160.6;4.4;0.0
496.0;160.6;5.0;0.0
44.2;162.4;76.1;44.0
577.5;395.1;508.2;0.0
504.9;1081.5;8756.1;0.0
588.5;1081.5;3561.8;0.0
559.9;1424.7;5994.1;748.0
536.8;1424.7;8.8;2816.0
495.6;1089.2;2.5;1188.0
