65.0;121.7;142.6;0.0
89.0;164.9;110.6;0.0
132.7;178.9;128.1;0.0
50.0;177.9;77.6;0.0
186.0;158.9;2.0;0.0
0.0;158.9;0.0;0.0
0.0;158.9;0.1;0.0
0.0;158.9;0.0;0.0
0.0;158.9;13.0;0.0
0.0;158.9;14.3;0.0
0.0;158.9;7.0;0.0
0.0;158.9;7.7;0.0
0.0;158.9;6.0;0.0
0.0;158.9;6.6;0.0
196.0;175.9;5.0;0.0
194.4;159.8;4.4;0.0
65.2;159.8;13.2;0.0
275.9;160.3;12.2;0.0
50.0;160.3;0.0;0.0
0.0;160.3;0.1;0.0
0.0;160.3;0.0;0.0
0.0;160.3;14.3;0.0
0.0;160.3;13.0;0.0
0.0;160.3;7.7;0.0
0.0;160.3;7.0;0.0
0.0;160.3;5.5;0.0
0.0;160.3;5.0;0.0
202.4;160.5;5.5;0.0
72.2;941.5;16237.0;4.0
69.3;525.7;23112.7;0.0
68.8;275.7;12.8;2180.0
82.5;559.3;1.7;904.0
