97.0;125.2;105.4;0.0
74.0;182.4;220.5;0.0
112.8;181.2;266.4;0.0
76.0;228.3;90.4;0.0
244.5;159.2;118.6;0.0
0.0;159.2;0.0;0.0
0.0;159.2;0.1;0.0
0.0;159.2;0.0;0.0
0.0;159.2;13.0;0.0
0.0;159.2;14.3;0.0
0.0;159.2;7.0;0.0
0.0;159.2;7.7;0.0
0.0;159.2;6.0;0.0
0.0;159.2;4.4;0.0
100.0;159.2;4.0;0.0
110.4;160.1;5.5;0.0
80.8;160.1;13.2;0.0
119.9;160.5;12.2;0.0
0.0;160.5;0.0;0.0
0.0;160.5;0.1;0.0
0.0;160.5;0.0;0.0
0.0;160.5;2.2;0.0
0.0;160.5;0.0;0.0
0.0;160.5;0.7;0.0
0.0;160.5;0.0;0.0
0.0;160.5;2.4;0.0
0.0;160.5;0.0;0.0
65.0;210.8;160.1;4.0
109.5;517.4;87.6;0.0
48.9;244.7;3167.8;0.0
72.4;244.7;440.2;0.0
94.6;244.7;428.6;0.0
80.5;575.7;931.5;0.0
57.1;577.9;3632.4;1452.0
91.0;275.9;1493.6;1432.0
116.5;559.5;1.5;768.0
