152.0;267.9;260.3;0.0
94.0;194.5;223.4;0.0
358.5;299.8;293.2;0.0
380.9;327.3;128.2;0.0
289.0;177.9;410.1;0.0
273.9;159.5;22.0;0.0
0.0;159.5;1.0;0.0
0.0;159.5;1.1;0.0
0.0;159.5;14.0;0.0
0.0;159.5;14.3;0.0
0.0;159.5;7.0;0.0
0.0;159.5;7.7;0.0
0.0;159.5;5.0;0.0
0.0;159.5;6.6;0.0
99.0;159.5;4.0;0.0
451.0;159.5;5.5;0.0
51.5;160.3;0.0;0.0
81.0;160.8;1.4;0.0
0.0;160.8;0.0;0.0
0.0;160.8;0.1;0.0
0.0;160.8;0.0;0.0
50.0;160.8;1.3;0.0
0.0;160.8;0.0;0.0
0.0;160.8;0.7;0.0
0.0;160.8;0.0;0.0
0.0;160.8;0.6;0.0
0.0;160.8;0.0;0.0
215.6;161.1;0.5;0.0
91.0;288.6;436.8;4.0
60.0;542.5;560.1;0.0
95.4;244.9;4054.6;0.0
58.4;244.9;373.4;0.0
81.5;244.9;532.8;0.0
50.2;580.1;3377.3;0.0
72.8;276.1;867.8;2180.0
73.4;276.1;2.4;768.0
67.6;1114.0;4.3;1260.0
