90.0;121.4;172.1;0.0
103.9;160.6;97.3;0.0
126.3;174.8;137.8;0.0
50.0;156.8;93.0;0.0
133.8;159.2;2.0;0.0
0.0;159.2;0.0;0.0
0.0;159.2;0.1;0.0
0.0;159.2;0.0;0.0
0.0;159.2;1.3;0.0
0.0;159.2;0.0;0.0
0.0;159.2;0.0;0.0
0.0;159.2;0.7;0.0
0.0;159.2;0.0;0.0
0.0;159.2;1.6;0.0
0.0;159.2;0.0;0.0
99.9;160.1;1.5;0.0
299.9;160.1;2.4;0.0
273.9;160.5;0.0;0.0
0.0;160.5;1.0;0.0
0.0;160.5;1.1;0.0
0.0;160.5;13.0;0.0
0.0;160.5;14.3;0.0
0.0;160.5;7.0;0.0
0.0;160.5;7.7;0.0
0.0;160.5;5.0;0.0
0.0;160.5;6.6;0.0
349.0;203.5;151.0;40.0
218.9;652.2;847.9;44.0
97.4;808.5;8272.5;0.0
49.5;244.5;3877.1;0.0
66.0;244.5;705.0;0.0
66.0;244.5;2751.7;0.0
87.9;564.5;1232.4;0.0
85.0;275.8;233.8;1348.0
76.3;275.8;0.6;192.0
61.5;1190.8;1.4;688.0
54.1;183.6;0.3;36.0
