55.0;116.4;39.0;0.0
67.9;189.6;581.2;0.0
244.5;239.2;333.5;0.0
285.0;311.6;135.9;0.0
500.0;182.4;364.5;0.0
55.0;159.3;22.0;0.0
0.0;159.3;1.0;0.0
0.0;159.3;0.0;0.0
0.0;159.3;12.0;0.0
0.0;159.3;0.0;0.0
0.0;159.3;7.0;0.0
0.0;159.3;0.0;0.0
0.0;159.3;6.0;0.0
0.0;159.3;0.0;0.0
396.0;159.3;4.0;0.0
485.0;159.3;0.0;0.0
550.0;159.3;12.0;0.0
141.0;177.3;2.0;0.0
0.0;177.3;0.0;0.0
50.0;177.3;1.0;0.0
0.0;177.3;0.0;0.0
0.0;177.3;13.0;0.0
0.0;177.3;0.0;0.0
0.0;177.3;7.0;0.0
0.0;177.3;0.0;0.0
0.0;177.3;6.0;0.0
0.0;177.3;0.0;0.0
249.0;220.3;90.0;40.0
499.0;1329.3;24393.0;0.0
466.0;1331.3;6.0;1960.0
504.0;1331.3;9.0;2520.0
524.0;411.3;0.0;0.0
0.0;159.3;0.0;0.0
0.0;159.3;0.0;0.0
0.0;159.3;0.0;0.0
0.0;159.3;0.0;0.0
0.0;159.3;0.0;0.0
0.0;159.3;0.0;0.0
0.0;159.3;0.0;0.0
0.0;159.3;0.0;0.0
0.0;159.3;0.0;0.0
0.0;159.3;0.0;0.0
0.0;159.3;0.0;0.0
0.0;159.3;0.0;0.0
0.0;159.3;0.0;0.0
0.0;159.3;0.0;0.0
0.0;159.3;0.0;0.0
0.0;159.3;0.0;0.0
0.0;159.3;0.0;0.0
0.0;159.3;0.0;0.0
0.0;159.3;0.0;0.0
0.0;159.3;0.0;0.0
0.0;159.3;0.0;0.0
0.0;159.3;0.0;0.0
0.0;159.3;0.0;0.0
0.0;159.3;0.0;0.0
0.0;159.3;0.0;0.0
0.0;159.3;0.1;0.0
0.0;159.3;0.0;0.0
0.0;159.3;1.3;0.0
0.0;159.3;0.0;0.0
0.0;159.3;0.7;0.0
0.0;159.3;0.0;0.0
0.0;159.3;0.5;0.0
0.0;159.3;0.0;0.0
33.8;160.3;0.5;0.0
50.0;160.3;0.0;0.0
35.0;160.7;1.4;0.0
0.0;160.7;0.0;0.0
0.0;160.7;0.1;0.0
0.0;160.7;0.0;0.0
0.0;160.7;1.3;0.0
0.0;160.7;0.0;0.0
0.0;160.7;0.7;0.0
0.0;160.7;0.0;0.0
4.8;160.7;0.7;0.0
0.0;160.7;0.0;0.0
5.0;161.0;0.4;0.0
50.0;179.6;22.6;4.0
49.8;213.9;566.1;0.0
50.0;244.7;260.4;0.0
52.0;244.7;333.1;0.0
50.0;244.7;320.9;0.0
50.0;275.8;216.5;0.0
48.8;275.8;0.4;132.0
52.9;275.8;0.8;256.0
48.7;245.5;0.3;60.0
