56.0;124.5;72.0;0.0
63.2;107.0;274.2;0.0
174.3;189.1;109.1;0.0
161.0;154.7;273.2;0.0
79.9;159.4;23.6;0.0
0.0;159.4;0.0;0.0
0.0;159.4;0.1;0.0
0.0;159.4;0.0;0.0
0.0;159.4;0.0;0.0
0.0;159.4;2.3;0.0
0.0;159.4;0.0;0.0
0.0;159.4;0.7;0.0
0.0;159.4;0.0;0.0
0.0;159.4;0.6;0.0
0.0;159.4;0.0;0.0
196.1;160.5;1.5;0.0
60.9;160.5;13.2;0.0
318.9;161.0;10.2;0.0
199.0;161.0;2.0;0.0
0.0;161.0;1.1;0.0
0.0;161.0;1.0;0.0
0.0;161.0;14.3;0.0
0.0;161.0;12.0;0.0
0.0;161.0;7.7;0.0
0.0;161.0;7.0;0.0
0.0;161.0;6.6;0.0
0.0;161.0;0.0;0.0
163.9;161.3;1.5;0.0
493.9;384.4;584.1;44.0
163.0;982.0;8456.3;40.0
70.4;552.0;1638.4;0.0
51.2;585.1;3841.5;0.0
116.4;587.3;3268.4;1452.0
146.8;587.3;3136.6;2112.0
