162.0;195.5;269.6;0.0
50.0;170.5;247.8;0.0
268.3;261.3;278.9;0.0
267.8;320.7;52.3;0.0
232.2;176.5;410.1;0.0
165.0;159.2;22.0;0.0
0.0;159.2;1.0;0.0
0.0;159.2;1.1;0.0
0.0;159.2;13.0;0.0
0.0;159.2;13.2;0.0
0.0;159.2;7.0;0.0
0.0;159.2;7.7;0.0
0.0;159.2;5.0;0.0
0.0;159.2;4.4;0.0
50.0;159.2;5.0;0.0
441.0;160.0;3.3;0.0
65.8;160.0;0.0;0.0
191.2;160.0;1.4;0.0
110.0;160.4;0.0;0.0
0.0;160.4;0.1;0.0
0.0;160.4;0.0;0.0
0.0;160.4;13.0;0.0
0.0;160.4;14.3;0.0
50.0;160.4;0.7;0.0
0.0;160.4;0.0;0.0
0.0;160.4;6.0;0.0
0.0;160.4;4.4;0.0
148.0;160.4;4.0;0.0
69.9;1245.4;24802.0;4.0
454.1;275.4;18757.1;3240.0
2338.8;1210.7;1.4;252.0
54.1;245.2;1.1;284.0
