44.3;217.1;281.7;0.0
77.0;132.0;588.1;0.0
496.4;319.0;478.7;0.0
480.1;184.6;367.6;0.0
249.0;159.6;20.0;0.0
0.0;159.6;1.1;0.0
0.0;159.6;1.0;0.0
0.0;159.6;14.3;0.0
0.0;159.6;0.0;0.0
0.0;159.6;6.7;0.0
0.0;159.6;0.0;0.0
0.0;159.6;1.6;0.0
0.0;159.6;0.0;0.0
0.0;159.6;0.5;0.0
550.0;160.6;0.0;0.0
97.2;160.6;9.2;0.0
386.9;161.1;2.2;0.0
399.0;161.1;14.0;0.0
0.0;161.1;1.1;0.0
0.0;161.1;1.0;0.0
0.0;161.1;14.3;0.0
0.0;161.1;13.0;0.0
0.0;161.1;7.7;0.0
0.0;161.1;7.0;0.0
0.0;161.1;5.5;0.0
0.0;161.1;6.0;0.0
328.9;191.4;110.0;44.0
345.0;402.8;488.9;0.0
108.6;884.1;6411.7;40.0
62.5;554.1;4293.0;0.0
73.0;245.1;446.8;0.0
80.0;245.1;836.4;0.0
65.0;589.3;3062.1;748.0
88.9;585.3;3328.6;2112.0
68.5;276.3;2819.4;1408.0
62.2;1109.3;5.3;2060.0
