54.0;337.5;1217.0;0.0
325.0;453.7;211.8;0.0
210.5;440.1;608.5;0.0
669.9;332.0;332.0;0.0
495.0;173.6;426.8;0.0
165.0;159.2;21.0;0.0
0.0;159.2;0.0;0.0
0.0;159.2;11.1;0.0
0.0;159.2;0.0;0.0
55.0;159.2;7.3;0.0
0.0;159.2;0.0;0.0
0.0;159.2;1.7;0.0
0.0;159.2;0.0;0.0
209.0;159.2;1.5;0.0
521.0;159.2;0.0;0.0
411.9;160.0;5.5;0.0
201.0;160.0;14.0;0.0
566.5;160.0;15.4;0.0
52.8;160.5;1.0;0.0
0.0;160.5;0.0;0.0
0.0;160.5;13.0;0.0
0.0;160.5;0.0;0.0
0.0;160.5;7.0;0.0
0.0;160.5;0.0;0.0
0.0;160.5;5.0;0.0
0.0;160.5;0.0;0.0
141.0;160.5;5.0;0.0
485.0;381.5;541.0;40.0
507.0;1315.5;24402.0;0.0
449.0;1320.5;4.0;1320.0
524.0;1320.5;6.0;1920.0
491.0;1017.5;5.0;1160.0
0.0;160.5;0.0;0.0
0.0;160.5;0.0;0.0
0.0;160.5;0.0;0.0
0.0;160.5;0.0;0.0
0.0;160.5;0.0;0.0
0.0;160.5;0.0;0.0
0.0;160.5;0.0;0.0
0.0;160.5;0.0;0.0
0.0;160.5;0.0;0.0
0.0;160.5;0.0;0.0
0.0;160.5;0.0;0.0
0.0;160.5;0.0;0.0
0.0;160.5;0.0;0.0
0.0;160.5;0.0;0.0
0.0;160.5;0.0;0.0
0.0;160.5;0.0;0.0
0.0;160.5;0.0;0.0
0.0;160.5;0.0;0.0
0.0;160.5;0.0;0.0
0.0;160.5;0.0;0.0
0.0;160.5;0.0;0.0
0.0;160.5;0.0;0.0
0.0;160.5;0.0;0.0
0.0;160.5;0.0;0.0
0.0;160.5;0.0;0.0
0.0;160.5;0.0;0.0
0.0;160.5;0.0;0.0
0.0;160.5;0.0;0.0
0.0;160.5;0.0;0.0
0.0;160.5;0.0;0.0
0.0;160.5;0.0;0.0
0.0;160.5;0.0;0.0
0.0;160.5;0.0;0.0
0.0;160.5;0.0;0.0
0.0;160.5;0.0;0.0
0.0;160.5;0.0;0.0
0.0;160.5;0.0;0.0
0.0;160.5;0.1;0.0
0.0;160.5;0.0;0.0
0.0;160.5;1.2;0.0
0.0;160.5;0.0;0.0
0.0;160.5;0.7;0.0
0.0;160.5;0.0;0.0
0.0;160.5;0.4;0.0
0.0;160.5;0.0;0.0
36.1;174.0;14.5;4.0
49.4;244.5;1334.4;0.0
47.6;275.5;323.3;0.0
48.8;275.7;0.4;132.0
53.1;259.8;1.1;308.0
50.9;181.9;0.0;0.0
