324.9;159.5;364.6;0.0
99.0;159.5;20.0;0.0
0.0;159.5;0.0;0.0
0.0;159.5;0.1;0.0
0.0;159.5;0.0;0.0
0.0;159.5;1.3;0.0
0.0;159.5;0.0;0.0
0.0;159.5;0.7;0.0
0.0;159.5;0.0;0.0
0.0;159.5;0.5;0.0
0.0;159.5;0.0;0.0
190.0;160.3;0.5;0.0
58.0;160.3;15.4;0.0
225.9;160.8;0.0;0.0
350.0;160.8;14.0;0.0
0.0;160.8;0.0;0.0
0.0;160.8;0.1;0.0
0.0;160.8;0.0;0.0
0.0;160.8;2.2;0.0
0.0;160.8;0.0;0.0
0.0;160.8;0.7;0.0
0.0;160.8;0.0;0.0
0.0;160.8;3.4;0.0
0.0;160.8;0.0;0.0
97.3;161.0;0.4;0.0
58.5;1125.1;24491.7;4.0
92.1;567.6;6480.5;1320.0
61.1;567.6;5542.4;1920.0
66.9;546.6;5826.1;1080.0
49.4;275.8;0.4;132.0
45.8;275.8;0.8;256.0
54.6;181.3;0.3;64.0
