134.9;178.2;263.2;0.0
59.5;178.4;142.0;0.0
125.7;206.2;435.8;0.0
154.4;183.1;188.7;0.0
136.0;159.6;8.6;0.0
0.0;159.6;0.0;0.0
50.0;159.6;0.1;0.0
0.0;159.6;0.0;0.0
0.0;159.6;1.3;0.0
0.0;159.6;0.0;0.0
0.0;159.6;0.7;0.0
0.0;159.6;0.0;0.0
0.0;159.6;1.6;0.0
0.0;159.6;0.0;0.0
312.8;160.3;1.6;0.0
238.9;160.9;2.3;0.0
249.0;160.9;2.0;0.0
0.0;160.9;1.1;0.0
0.0;160.9;1.0;0.0
0.0;160.9;14.3;0.0
0.0;160.9;0.0;0.0
0.0;160.9;7.7;0.0
0.0;160.9;0.0;0.0
0.0;160.9;5.5;0.0
0.0;160.9;0.0;0.0
218.9;180.8;84.7;44.0
550.0;400.8;484.0;0.0
550.0;1078.4;6770.7;0.0
602.8;1078.4;3132.8;0.0
539.0;1082.8;3638.4;0.0
572.0;1082.8;3779.6;0.0
544.5;1424.9;977.3;0.0
550.0;1427.1;6.6;2156.0
305.6;1422.1;1.6;2112.0
105.5;1112.9;24477.3;664.0
