94.9;239.9;981.2;0.0
342.9;347.7;407.2;0.0
388.9;340.3;215.2;0.0
500.0;183.2;411.1;0.0
328.9;159.1;22.0;0.0
0.0;159.1;1.0;0.0
0.0;159.1;1.1;0.0
0.0;159.1;13.0;0.0
0.0;159.1;3.3;0.0
0.0;159.1;0.0;0.0
50.0;159.1;4.0;0.0
499.0;159.1;6.7;0.0
248.0;179.1;13.0;0.0
0.0;179.1;5.5;0.0
0.0;179.1;1.0;0.0
545.6;160.0;5.5;0.0
495.5;160.0;2.4;0.0
162.8;160.5;0.0;0.0
0.0;160.5;7.0;0.0
0.0;160.5;1.1;0.0
0.0;160.5;5.0;0.0
55.0;160.5;14.3;0.0
246.0;199.5;140.0;40.0
537.0;389.5;386.7;0.0
500.0;1009.5;8509.0;0.0
474.0;1009.5;3589.5;0.0
499.0;1009.5;3129.0;0.0
275.4;985.2;3349.1;44.0
64.2;575.6;14561.7;0.0
120.5;275.9;1495.4;772.0
100.4;559.5;6.1;1556.0
58.9;1129.2;4.0;1280.0
