101.0;374.2;1218.0;0.0
383.0;431.4;238.8;0.0
210.5;471.2;516.2;0.0
720.0;339.8;395.0;0.0
550.0;177.8;430.1;0.0
165.0;159.6;21.0;0.0
0.0;159.6;0.0;0.0
0.0;159.6;1.1;0.0
0.0;159.6;0.0;0.0
0.0;159.6;14.3;0.0
0.0;159.6;0.0;0.0
0.0;159.6;7.7;0.0
0.0;159.6;0.0;0.0
0.0;159.6;5.5;0.0
0.0;159.6;0.0;0.0
110.0;160.6;5.5;0.0
550.0;160.6;12.0;0.0
605.0;160.6;15.4;0.0
55.0;161.2;7.0;0.0
0.0;161.2;0.0;0.0
0.0;161.2;5.1;0.0
0.0;161.2;0.0;0.0
376.0;161.2;10.3;0.0
252.0;161.2;14.0;0.0
0.0;161.2;7.7;0.0
0.0;161.2;1.0;0.0
0.0;161.2;4.4;0.0
0.0;161.2;12.0;0.0
493.9;252.3;158.4;44.0
495.0;744.0;1771.7;0.0
598.4;1081.7;6438.3;0.0
532.4;1081.7;3516.2;0.0
548.9;1084.2;3515.0;0.0
59.8;1329.2;3365.5;40.0
80.9;896.4;3956.4;1452.0
69.0;588.4;6251.6;2112.0
77.0;246.1;3265.5;1364.0
104.9;793.3;3172.0;0.0
