96.5;168.5;295.8;0.0
89.0;181.0;145.4;0.0
132.5;197.1;454.5;0.0
166.0;280.2;191.2;0.0
281.3;159.2;323.2;0.0
0.0;159.2;0.0;0.0
0.0;159.2;1.0;0.0
0.0;159.2;1.1;0.0
0.0;159.2;13.0;0.0
0.0;159.2;13.2;0.0
0.0;159.2;7.0;0.0
0.0;159.2;7.7;0.0
0.0;159.2;5.0;0.0
0.0;159.2;5.5;0.0
188.0;159.2;4.0;0.0
293.8;160.0;3.4;0.0
243.8;160.0;13.0;0.0
385.0;160.5;15.4;0.0
0.0;160.5;1.0;0.0
0.0;160.5;1.1;0.0
0.0;160.5;13.0;0.0
0.0;160.5;13.2;0.0
0.0;160.5;7.0;0.0
0.0;160.5;7.7;0.0
0.0;160.5;6.0;0.0
0.0;160.5;5.5;0.0
299.0;178.5;23.0;40.0
323.2;1011.7;20300.5;0.0
66.5;570.5;4759.8;644.0
90.1;411.5;5020.6;3560.0
16.4;275.6;405.1;0.0
94.2;275.8;0.4;132.0
50.8;275.8;0.8;256.0
