45.0;211.0;248.0;0.0
50.0;167.9;227.6;0.0
313.4;239.5;317.5;0.0
338.8;315.8;85.2;0.0
252.0;179.4;406.8;0.0
165.0;159.2;22.0;0.0
0.0;159.2;1.0;0.0
0.0;159.2;1.1;0.0
0.0;159.2;13.0;0.0
0.0;159.2;14.3;0.0
0.0;159.2;0.0;0.0
0.0;159.2;0.7;0.0
0.0;159.2;0.0;0.0
0.0;159.2;1.5;0.0
0.0;159.2;0.0;0.0
230.0;160.1;0.5;0.0
92.0;160.1;0.0;0.0
94.0;160.1;3.4;0.0
141.0;160.5;2.0;0.0
0.0;160.5;0.0;0.0
0.0;160.5;0.1;0.0
0.0;160.5;0.0;0.0
0.0;160.5;1.3;0.0
0.0;160.5;0.0;0.0
0.0;160.5;0.7;0.0
0.0;160.5;0.0;0.0
0.0;160.5;1.6;0.0
0.0;160.5;0.0;0.0
192.3;285.3;25.9;4.0
58.8;275.8;9397.5;0.0
62.9;276.1;4.6;1476.0
104.0;1221.1;1.6;1112.0
51.2;245.6;0.3;60.0
