105.0;247.7;343.6;0.0
94.9;208.8;220.9;0.0
354.8;304.1;325.8;0.0
378.3;325.9;128.2;0.0
240.4;177.4;410.1;0.0
328.9;159.2;22.0;0.0
0.0;159.2;1.0;0.0
0.0;159.2;0.0;0.0
0.0;159.2;13.0;0.0
0.0;159.2;0.0;0.0
0.0;159.2;7.0;0.0
0.0;159.2;0.0;0.0
0.0;159.2;4.1;0.0
0.0;159.2;0.0;0.0
141.0;159.2;8.2;0.0
485.0;159.2;0.0;0.0
509.0;159.2;7.7;0.0
449.0;159.2;14.0;0.0
0.0;159.2;6.6;0.0
0.0;159.2;1.0;0.0
220.0;160.3;3.3;0.0
546.7;160.3;12.0;0.0
550.0;160.8;15.4;0.0
55.0;160.8;7.0;0.0
0.0;160.8;0.0;0.0
0.0;160.8;5.1;0.0
0.0;160.8;0.0;0.0
138.0;160.8;10.4;0.0
400.0;349.8;402.0;40.0
542.0;692.8;5478.7;0.0
475.0;1001.8;5857.0;0.0
534.0;1001.8;3924.6;0.0
454.0;1005.8;3608.0;0.0
198.9;935.6;3246.7;44.0
112.1;844.6;796.1;0.0
87.9;562.0;6548.9;1960.0
55.0;562.0;3465.6;1920.0
58.8;879.0;3836.2;680.0
49.2;276.0;239.7;0.0
55.0;276.3;0.4;132.0
50.0;276.3;0.6;192.0
45.0;245.8;0.5;100.0
