84.5;115.7;158.6;0.0
206.7;154.4;93.7;0.0
419.9;158.8;4.6;0.0
0.0;158.8;0.0;0.0
0.0;158.8;0.1;0.0
0.0;158.8;0.0;0.0
0.0;158.8;13.0;0.0
0.0;158.8;13.2;0.0
0.0;158.8;7.0;0.0
0.0;158.8;7.7;0.0
0.0;158.8;6.0;0.0
0.0;158.8;5.5;0.0
149.0;158.8;4.0;0.0
316.4;159.7;5.5;0.0
56.2;159.7;13.2;0.0
255.9;160.2;12.2;0.0
50.0;160.2;0.0;0.0
0.0;160.2;1.1;0.0
0.0;160.2;1.0;0.0
0.0;160.2;14.3;0.0
0.0;160.2;13.0;0.0
0.0;160.2;7.7;0.0
0.0;160.2;7.0;0.0
0.0;160.2;5.5;0.0
0.0;160.2;6.0;0.0
98.0;160.2;2.3;0.0
47.6;226.9;31.5;4.0
49.9;533.1;7416.6;0.0
59.9;561.4;9746.2;0.0
73.0;563.4;3487.4;4360.0
52.7;244.4;378.7;0.0
49.5;275.6;167.6;0.0
48.9;275.6;0.6;196.0
48.1;275.6;0.6;192.0
55.0;245.2;0.3;60.0
