78.9;100.3;66.7;0.0
65.1;134.2;92.3;0.0
141.9;138.7;55.1;0.0
78.0;158.1;39.2;16.0
249.0;159.4;2.9;0.0
0.0;159.4;0.0;0.0
0.0;159.4;0.1;0.0
0.0;159.4;0.0;0.0
50.0;159.4;1.3;0.0
0.0;159.4;0.0;0.0
0.0;159.4;0.7;0.0
0.0;159.4;0.0;0.0
55.0;159.4;1.5;0.0
0.0;159.4;0.0;0.0
304.2;160.4;0.5;0.0
57.9;160.4;15.4;0.0
380.0;160.8;0.0;0.0
512.0;160.8;14.0;0.0
0.0;160.8;1.1;0.0
0.0;160.8;1.0;0.0
0.0;160.8;14.3;0.0
0.0;160.8;12.0;0.0
0.0;160.8;7.7;0.0
0.0;160.8;7.0;0.0
0.0;160.8;6.6;0.0
0.0;160.8;6.0;0.0
548.9;258.7;163.9;44.0
453.0;738.6;3231.1;0.0
65.0;890.4;4797.8;40.0
59.9;556.8;21676.5;0.0
49.2;562.8;3445.8;1960.0
49.9;275.8;3369.9;1920.0
59.5;1213.1;1.4;932.0
50.0;276.1;0.6;192.0
48.0;245.7;0.7;136.0
55.0;183.4;0.0;0.0
