118.0;163.2;213.4;0.0
50.0;144.4;146.4;0.0
283.1;224.1;252.2;0.0
270.9;305.2;130.9;0.0
251.0;174.8;393.6;0.0
110.0;159.6;22.0;0.0
0.0;159.6;1.0;0.0
0.0;159.6;1.1;0.0
0.0;159.6;12.0;0.0
0.0;159.6;14.3;0.0
0.0;159.6;7.0;0.0
0.0;159.6;7.7;0.0
0.0;159.6;6.0;0.0
0.0;159.6;6.6;0.0
191.0;159.6;4.0;0.0
231.4;160.3;4.5;0.0
251.0;160.3;13.0;0.0
440.0;160.9;15.4;0.0
0.0;160.9;1.0;0.0
0.0;160.9;1.1;0.0
0.0;160.9;12.0;0.0
0.0;160.9;14.3;0.0
0.0;160.9;7.0;0.0
0.0;160.9;7.7;0.0
0.0;160.9;7.0;0.0
0.0;160.9;5.5;0.0
395.0;240.9;151.0;40.0
298.0;690.2;8560.5;0.0
65.8;563.4;10278.9;44.0
70.2;353.9;11704.6;4560.0
94.0;1223.2;4.4;1452.0
45.0;276.2;0.6;192.0
53.4;245.7;0.5;108.0
