111.0;216.7;318.6;0.0
100.0;249.6;197.8;0.0
212.0;258.5;530.1;0.0
266.7;320.0;126.4;0.0
399.9;183.2;406.8;0.0
218.9;159.1;22.0;0.0
0.0;159.1;1.0;0.0
0.0;159.1;1.1;0.0
50.0;159.1;13.0;0.0
0.0;159.1;14.3;0.0
0.0;159.1;7.0;0.0
0.0;159.1;7.7;0.0
0.0;159.1;4.0;0.0
0.0;159.1;6.6;0.0
266.0;159.1;5.0;0.0
218.9;160.0;3.5;0.0
947.0;160.0;6.0;0.0
536.8;160.0;15.4;0.0
55.0;160.5;1.0;0.0
0.0;160.5;1.1;0.0
0.0;160.5;13.0;0.0
0.0;160.5;4.4;0.0
0.0;160.5;2.9;0.0
0.0;160.5;0.0;0.0
0.0;160.5;2.7;0.0
0.0;160.5;0.0;0.0
248.0;196.5;146.5;40.0
507.0;1011.5;23609.4;0.0
56.9;1245.3;583.5;644.0
74.0;850.2;3983.9;2560.0
63.2;568.5;4880.9;640.0
55.0;864.5;3235.6;720.0
50.0;244.5;299.0;0.0
50.0;275.5;306.9;0.0
49.5;275.8;0.4;132.0
49.1;275.8;0.6;192.0
49.4;245.3;0.5;116.0
54.8;183.5;0.0;0.0
