44.9;101.8;103.0;0.0
75.2;219.2;901.2;0.0
180.1;249.0;452.8;0.0
178.5;182.7;307.1;0.0
171.4;159.5;8.0;0.0
0.0;159.5;0.0;0.0
0.0;159.5;0.1;0.0
0.0;159.5;0.0;0.0
0.0;159.5;2.3;0.0
0.0;159.5;0.0;0.0
0.0;159.5;0.7;0.0
0.0;159.5;0.0;0.0
0.0;159.5;0.6;0.0
0.0;159.5;0.0;0.0
47.6;160.4;0.5;0.0
60.3;160.4;1.0;0.0
197.0;160.9;2.4;0.0
0.0;160.9;0.0;0.0
0.0;160.9;0.1;0.0
0.0;160.9;0.0;0.0
0.0;160.9;13.0;0.0
0.0;160.9;13.2;0.0
0.0;160.9;7.0;0.0
0.0;160.9;7.7;0.0
0.0;160.9;6.0;0.0
0.0;160.9;4.4;0.0
249.0;187.9;116.0;40.0
101.0;314.9;268.1;44.0
73.2;245.0;1043.9;0.0
499.0;585.2;6776.4;0.0
1445.5;585.2;4082.4;1452.0
75.5;581.2;3938.8;2816.0
115.5;815.4;3895.3;660.0
