69.9;262.3;993.8;0.0
432.0;369.3;449.0;0.0
982.3;354.1;227.0;0.0
218.6;178.7;419.1;0.0
328.9;159.4;22.0;0.0
0.0;159.4;1.0;0.0
0.0;159.4;1.1;0.0
0.0;159.4;13.0;0.0
0.0;159.4;14.3;0.0
0.0;159.4;7.0;0.0
0.0;159.4;7.7;0.0
0.0;159.4;5.0;0.0
0.0;159.4;4.4;0.0
476.0;159.4;4.0;0.0
490.0;159.4;3.4;0.0
286.1;160.4;13.0;0.0
555.5;160.4;15.4;0.0
110.0;160.9;1.0;0.0
0.0;160.9;0.0;0.0
0.0;160.9;11.1;0.0
0.0;160.9;0.0;0.0
0.0;160.9;7.3;0.0
0.0;160.9;0.0;0.0
0.0;160.9;2.7;0.0
0.0;160.9;0.0;0.0
250.0;184.9;119.6;40.0
498.0;1314.9;24363.0;0.0
151.7;1224.2;137.9;4364.0
50.0;190.2;38.5;0.0
45.0;244.5;657.1;0.0
49.9;244.5;291.6;0.0
49.4;244.9;316.2;0.0
49.4;244.9;349.3;0.0
53.5;275.9;56.0;68.0
48.2;276.2;0.6;192.0
50.0;276.2;0.4;128.0
52.6;183.9;0.3;60.0
