122.9;377.7;1242.5;0.0
386.9;442.1;271.9;0.0
220.2;470.3;494.5;0.0
508.4;340.7;454.1;0.0
576.4;179.6;430.1;0.0
110.0;159.3;21.0;0.0
0.0;159.3;0.0;0.0
0.0;159.3;11.1;0.0
0.0;159.3;0.0;0.0
0.0;159.3;7.3;0.0
0.0;159.3;0.0;0.0
0.0;159.3;2.7;0.0
0.0;159.3;0.0;0.0
367.0;159.3;0.5;0.0
296.0;177.3;14.0;0.0
327.8;160.3;4.4;0.0
537.9;160.3;1.0;0.0
383.9;160.8;15.4;0.0
50.0;160.8;13.0;0.0
0.0;160.8;1.1;0.0
0.0;160.8;7.0;0.0
0.0;160.8;13.2;0.0
0.0;160.8;6.0;0.0
0.0;160.8;7.7;0.0
249.0;185.8;134.0;40.0
447.0;1321.8;24798.6;40.0
535.0;1321.8;10.0;3200.0
340.8;1320.0;1.4;1160.0
104.0;182.5;584.1;44.0
51.2;244.9;614.7;0.0
50.0;244.9;290.8;0.0
50.0;244.9;311.0;0.0
49.2;244.9;334.6;0.0
48.2;276.1;70.7;68.0
51.5;276.1;0.6;192.0
49.6;276.1;0.4;128.0
50.0;183.9;0.3;56.0
