44.9;219.4;261.4;0.0
50.0;165.1;248.2;0.0
297.9;238.7;364.2;0.0
253.2;298.6;105.1;0.0
185.5;159.1;322.0;0.0
50.0;159.1;20.0;0.0
0.0;159.1;1.1;0.0
0.0;159.1;1.0;0.0
0.0;159.1;14.3;0.0
0.0;159.1;13.0;0.0
0.0;159.1;0.0;0.0
0.0;159.1;0.7;0.0
0.0;159.1;0.0;0.0
0.0;159.1;1.6;0.0
0.0;159.1;0.0;0.0
77.0;160.0;0.5;0.0
55.4;160.0;13.2;0.0
310.9;160.4;12.2;0.0
142.0;160.4;0.0;0.0
0.0;160.4;1.1;0.0
0.0;160.4;1.0;0.0
0.0;160.4;14.3;0.0
0.0;160.4;14.0;0.0
0.0;160.4;7.7;0.0
0.0;160.4;7.0;0.0
0.0;160.4;4.6;0.0
0.0;160.4;4.0;0.0
273.9;161.6;64.9;44.0
51.9;313.1;379.1;40.0
166.8;544.0;5185.1;0.0
69.0;244.0;6081.4;0.0
61.4;244.6;1567.2;0.0
89.4;244.6;590.8;0.0
104.0;579.8;3123.5;0.0
112.9;275.8;2430.6;2156.0
100.0;275.8;0.6;232.0
85.8;557.4;3.3;1380.0
