66.0;243.3;305.2;0.0
50.0;197.7;240.7;0.0
350.9;298.7;318.8;0.0
378.9;332.5;119.4;0.0
282.4;182.2;410.1;0.0
275.0;159.0;22.0;0.0
0.0;159.0;1.0;0.0
0.0;159.0;1.1;0.0
50.0;159.0;12.0;0.0
0.0;159.0;14.3;0.0
0.0;159.0;7.0;0.0
0.0;159.0;7.7;0.0
0.0;159.0;6.0;0.0
0.0;159.0;5.5;0.0
95.0;159.0;4.0;0.0
381.9;159.9;4.4;0.0
64.8;159.9;0.0;0.0
80.6;159.9;1.4;0.0
0.0;160.4;0.0;0.0
0.0;160.4;0.1;0.0
0.0;160.4;0.0;0.0
0.0;160.4;7.5;0.0
0.0;160.4;8.8;0.0
0.0;160.4;7.0;0.0
0.0;160.4;7.7;0.0
0.0;160.4;7.0;0.0
0.0;160.4;7.7;0.0
99.0;160.4;0.4;0.0
49.4;221.2;19.4;4.0
55.3;213.6;3335.2;0.0
54.8;244.5;347.2;0.0
77.9;244.5;385.4;0.0
99.8;244.5;405.4;0.0
49.7;575.8;1386.3;0.0
50.0;575.8;3632.4;1452.0
55.4;275.8;517.6;1432.0
109.4;560.4;3.5;1660.0
