92.7;190.4;165.0;0.0
101.0;135.6;226.6;0.0
367.8;221.4;251.4;0.0
274.0;313.0;105.0;0.0
251.0;174.9;410.1;0.0
165.0;159.5;22.0;0.0
0.0;159.5;1.0;0.0
0.0;159.5;1.1;0.0
0.0;159.5;13.0;0.0
0.0;159.5;14.3;0.0
0.0;159.5;0.0;0.0
0.0;159.5;0.7;0.0
0.0;159.5;0.0;0.0
0.0;159.5;0.6;0.0
0.0;159.5;0.0;0.0
273.9;160.3;3.3;0.0
49.9;160.3;0.0;0.0
86.2;160.8;3.4;0.0
106.0;160.8;2.0;0.0
0.0;160.8;0.1;0.0
0.0;160.8;0.0;0.0
55.0;160.8;2.2;0.0
0.0;160.8;0.0;0.0
0.0;160.8;0.7;0.0
0.0;160.8;0.0;0.0
49.0;160.8;1.5;0.0
0.0;160.8;0.0;0.0
209.5;198.1;155.5;40.0
95.8;207.0;185.9;44.0
93.0;244.6;2858.5;0.0
498.5;579.9;7926.7;0.0
1714.0;579.9;3360.4;1452.0
63.5;578.9;3688.6;2112.0
49.7;245.6;3685.7;1496.0
