117.0;339.5;1211.6;0.0
473.1;421.3;685.5;0.0
527.9;368.0;429.6;0.0
339.5;206.5;457.4;0.0
273.9;159.0;28.6;0.0
0.0;159.0;1.0;0.0
0.0;159.0;1.1;0.0
0.0;159.0;13.0;0.0
0.0;159.0;4.4;0.0
51.7;159.0;1.8;0.0
0.0;159.0;7.7;0.0
0.0;159.0;7.0;0.0
0.0;159.0;0.0;0.0
50.0;176.0;2.6;0.0
500.0;176.0;0.0;0.0
105.4;159.9;5.5;0.0
229.9;160.4;1.4;0.0
0.0;160.4;0.0;0.0
0.0;160.4;0.1;0.0
0.0;160.4;0.0;0.0
0.0;160.4;1.2;0.0
0.0;160.4;0.0;0.0
0.0;160.4;0.7;0.0
0.0;160.4;0.0;0.0
0.0;160.4;1.6;0.0
0.0;160.4;0.0;0.0
212.6;160.8;1.4;0.0
65.1;1228.4;18280.7;4.0
49.6;885.6;4692.4;1452.0
204.8;245.2;5485.1;3300.0
