69.0;328.2;1214.6;0.0
363.0;446.0;234.8;0.0
212.0;437.2;614.1;0.0
765.1;332.7;303.4;0.0
550.0;178.8;426.8;0.0
55.0;159.6;21.0;0.0
0.0;159.6;0.0;0.0
0.0;159.6;12.1;0.0
0.0;159.6;0.0;0.0
0.0;159.6;2.5;0.0
0.0;159.6;3.8;0.0
0.0;159.6;0.0;0.0
50.0;159.6;3.7;0.0
495.0;159.6;1.0;0.0
254.0;159.6;7.6;0.0
0.0;159.6;0.0;0.0
441.6;160.3;4.5;0.0
541.2;160.3;0.0;0.0
267.3;160.9;2.4;0.0
0.0;160.9;0.0;0.0
0.0;160.9;6.1;0.0
0.0;160.9;0.0;0.0
0.0;160.9;7.2;0.0
0.0;160.9;0.0;0.0
249.0;184.9;101.7;40.0
498.0;1004.9;17599.0;0.0
461.0;1317.9;6784.4;0.0
513.0;1159.9;15.0;4320.0
344.3;368.1;4.4;0.0
46.6;182.2;53.0;4.0
48.8;244.7;831.5;0.0
49.0;244.7;404.8;0.0
50.9;275.9;434.1;132.0
45.8;275.9;0.8;256.0
57.3;183.7;0.3;48.0
