0.0;156.9;0.0;0.0
0.0;156.9;0.0;0.0
0.0;156.9;0.1;0.0
0.0;156.9;0.0;0.0
0.0;156.9;3.2;0.0
0.0;156.9;0.0;0.0
0.0;156.9;0.7;0.0
0.0;156.9;0.0;0.0
0.0;156.9;3.4;0.0
0.0;156.9;0.0;0.0
0.0;156.9;5.4;0.0
0.0;156.9;0.0;0.0
276.0;182.9;0.3;0.0
199.0;188.9;6.0;0.0
278.8;180.6;56.2;0.0
78.4;160.3;3.3;0.0
145.8;160.8;56.2;0.0
311.7;161.0;56.0;0.0
550.0;161.0;1.0;0.0
550.0;161.0;0.0;0.0
488.8;161.0;12.0;0.0
529.1;161.0;0.0;0.0
594.0;161.0;7.0;0.0
440.0;161.0;12.1;0.0
105.6;161.7;61.0;0.0
163.9;162.0;1.1;0.0
0.0;162.0;8.0;0.0
0.0;162.0;4.4;0.0
186.0;162.0;7.9;0.0
502.0;1015.0;31032.0;40.0
499.0;1330.0;31654.7;0.0
449.0;1335.0;4.0;1320.0
513.0;1335.0;3.5;2560.0
519.0;1030.0;7.0;1360.0
0.0;162.0;0.4;0.0
0.0;162.0;0.0;0.0
0.0;162.0;0.6;0.0
0.0;162.0;0.0;0.0
27.9;162.5;0.2;0.0
48.4;183.8;53.8;4.0
48.7;216.2;1740.1;0.0
49.7;247.4;469.2;0.0
51.6;247.4;609.8;0.0
50.0;247.4;1592.8;0.0
49.9;278.8;1708.5;0.0
47.8;279.1;0.4;132.0
44.5;279.1;1.0;320.0
52.2;248.7;0.5;88.0
