95.0;247.1;943.5;0.0
348.0;358.4;410.4;0.0
592.9;311.1;206.2;0.0
440.0;156.9;441.1;0.0
50.0;156.9;1.0;0.0
0.0;156.9;1.1;0.0
0.0;156.9;12.0;0.0
0.0;156.9;0.0;0.0
0.0;156.9;6.2;0.0
0.0;156.9;0.0;0.0
0.0;156.9;1.7;0.0
0.0;156.9;0.0;0.0
0.0;156.9;2.5;0.0
0.0;156.9;0.0;0.0
149.0;177.9;2.5;0.0
399.0;185.9;5.0;0.0
0.0;185.9;15.5;0.0
0.0;185.9;0.0;0.0
330.0;159.5;3.3;0.0
77.0;160.1;34.5;0.0
493.0;160.1;22.0;0.0
561.0;160.1;0.0;0.0
0.0;160.1;30.0;0.0
77.1;160.5;5.9;0.0
547.8;160.7;6.7;0.0
55.0;160.7;26.4;0.0
273.9;161.6;31.0;0.0
0.0;161.6;5.1;0.0
0.0;161.6;1.0;0.0
0.0;161.6;6.0;0.0
0.0;161.6;13.2;0.0
0.0;161.6;5.0;0.0
0.0;161.6;7.7;0.0
0.0;161.6;3.0;0.0
484.0;248.6;150.6;40.0
499.0;1014.6;28252.0;0.0
500.0;1329.6;34766.5;0.0
500.0;1332.6;19.0;5320.0
520.0;386.6;4.4;0.0
0.0;161.6;0.0;0.0
51.8;169.3;15.0;8.0
44.2;184.5;38.5;0.0
50.0;216.0;816.4;0.0
50.0;216.3;1281.8;0.0
50.0;247.2;210.8;0.0
54.8;247.2;307.5;0.0
47.8;247.2;344.6;0.0
50.0;247.2;307.4;0.0
50.0;247.2;331.8;0.0
47.4;247.2;362.1;0.0
49.8;247.2;332.5;0.0
53.6;247.2;380.8;0.0
46.5;247.5;369.9;0.0
49.7;247.5;358.3;0.0
50.0;247.5;354.0;0.0
50.0;247.5;382.0;0.0
47.9;278.9;33.5;132.0
52.5;278.9;0.8;256.0
48.1;278.9;0.4;128.0
49.5;186.8;0.3;8.0
