80.0;373.6;1227.8;0.0
300.9;591.4;241.8;0.0
605.6;443.4;873.2;0.0
825.0;303.0;434.5;0.0
328.9;156.4;436.8;0.0
0.0;156.4;0.0;0.0
0.0;156.4;13.0;0.0
0.0;156.4;0.0;0.0
0.0;156.4;7.0;0.0
0.0;156.4;0.0;0.0
0.0;156.4;4.1;0.0
0.0;156.4;0.0;0.0
0.0;156.4;3.4;0.0
0.0;156.4;8.8;0.0
320.0;191.4;4.0;0.0
92.0;198.4;57.7;0.0
495.0;198.4;0.0;0.0
50.0;198.4;5.6;0.0
0.0;198.4;60.0;0.0
197.0;208.4;4.5;0.0
0.0;208.4;0.0;0.0
0.0;208.4;5.5;0.0
0.0;208.4;0.0;0.0
328.9;180.5;3.3;0.0
268.4;160.0;5.5;0.0
0.0;160.0;61.6;0.0
328.9;160.8;1.1;0.0
562.1;160.8;0.0;0.0
564.3;160.8;0.0;0.0
569.8;160.8;0.0;0.0
526.9;160.8;0.0;0.0
550.0;160.8;0.0;0.0
443.3;160.8;12.1;0.0
55.0;161.0;67.1;0.0
257.4;161.7;0.0;0.0
0.0;161.7;1.1;0.0
0.0;161.7;0.0;0.0
0.0;161.7;0.0;0.0
0.0;161.7;13.2;0.0
0.0;161.7;0.0;0.0
0.0;161.7;7.7;0.0
0.0;161.7;0.0;0.0
0.0;161.7;5.5;0.0
0.0;161.7;0.0;0.0
0.0;161.7;4.4;0.0
0.0;161.7;0.0;0.0
0.0;161.7;5.5;0.0
0.0;161.7;0.0;0.0
268.4;162.2;2.2;0.0
488.4;404.7;584.1;44.0
550.0;762.2;1432.2;0.0
599.5;762.2;15744.3;0.0
529.1;1104.3;6699.0;0.0
548.9;1104.3;3502.4;0.0
550.0;1104.3;3515.6;0.0
532.4;1104.3;3621.2;0.0
561.0;1104.3;4195.4;0.0
548.9;1104.3;3753.2;0.0
495.0;1104.3;3645.4;0.0
548.9;1104.3;3748.8;0.0
599.5;1104.3;3889.6;0.0
598.4;1108.7;4038.1;0.0
531.3;1108.7;4370.3;0.0
525.8;1108.7;4811.4;0.0
591.8;1455.2;368.5;1452.0
550.0;1455.2;8.8;2816.0
547.8;1455.2;2.2;704.0
531.3;441.0;3.3;308.0
