49.8;258.8;900.0;0.0
358.9;361.4;434.6;0.0
534.9;317.7;206.2;0.0
440.0;156.6;441.1;0.0
0.0;156.6;1.0;0.0
0.0;156.6;0.0;0.0
0.0;156.6;1.1;0.0
0.0;156.6;12.0;0.0
0.0;156.6;0.0;0.0
0.0;156.6;6.2;0.0
0.0;156.6;0.0;0.0
0.0;156.6;1.7;0.0
0.0;156.6;0.0;0.0
0.0;156.6;3.5;0.0
0.0;156.6;0.0;0.0
465.0;192.6;1.4;0.0
0.0;192.6;24.0;0.0
430.0;199.6;42.0;0.0
498.0;199.6;5.5;0.0
508.0;199.6;0.0;0.0
430.0;176.2;1.1;0.0
109.6;159.8;3.3;0.0
445.0;160.2;64.9;0.0
401.0;160.4;12.0;0.0
314.2;160.4;57.0;0.0
528.0;160.4;1.0;0.0
550.0;160.4;0.0;0.0
550.0;160.4;13.0;0.0
534.6;160.4;0.0;0.0
550.0;160.4;7.0;0.0
165.0;160.4;34.1;0.0
273.9;161.3;40.2;0.0
0.0;161.3;1.1;0.0
0.0;161.3;8.0;0.0
0.0;161.3;14.3;0.0
294.0;161.3;3.0;0.0
449.0;385.3;500.7;40.0
538.0;710.3;3118.0;0.0
496.0;710.3;14306.6;0.0
480.0;1021.3;4797.0;0.0
534.0;1021.3;3952.4;0.0
483.0;1021.3;4664.0;0.0
498.0;1021.3;3248.0;0.0
485.0;1021.3;4261.3;0.0
517.0;1021.3;3959.0;0.0
155.0;976.3;4251.7;44.0
59.5;823.6;4169.5;0.0
50.0;535.6;1543.5;0.0
110.0;847.6;9997.6;0.0
59.8;569.7;3144.2;1320.0
50.0;569.7;3498.8;2560.0
85.0;246.7;3645.0;1440.0
52.0;246.7;335.4;0.0
50.0;246.7;327.1;0.0
55.0;246.7;348.9;0.0
50.0;246.7;337.4;0.0
49.9;247.1;342.8;0.0
50.0;247.1;369.0;0.0
49.6;247.1;361.6;0.0
45.5;247.1;387.8;0.0
55.0;247.1;389.3;0.0
49.5;278.6;81.4;68.0
50.0;278.6;0.8;256.0
49.0;278.6;0.6;192.0
50.0;248.2;0.3;24.0
