70.1;254.4;1090.9;0.0
395.3;395.2;413.2;0.0
580.0;331.4;213.1;0.0
450.0;156.4;401.0;0.0
0.0;156.4;0.0;0.0
0.0;156.4;0.1;0.0
0.0;156.4;0.0;0.0
0.0;156.4;13.2;0.0
0.0;156.4;13.0;0.0
0.0;156.4;7.7;0.0
0.0;156.4;7.0;0.0
0.0;156.4;0.5;0.0
0.0;156.4;0.0;0.0
0.0;156.4;3.5;0.0
0.0;156.4;0.0;0.0
92.0;189.4;3.6;0.0
398.0;195.4;3.0;0.0
189.2;159.5;0.2;0.0
280.9;160.0;51.6;0.0
117.9;160.8;67.1;0.0
50.0;160.8;0.1;0.0
50.0;160.8;3.0;0.0
42.9;161.7;6.9;0.0
0.0;161.7;0.1;0.0
0.0;161.7;0.0;0.0
0.0;161.7;2.3;0.0
0.0;161.7;0.0;0.0
0.0;161.7;0.7;0.0
0.0;161.7;0.0;0.0
0.0;161.7;2.4;0.0
0.0;161.7;0.0;0.0
0.0;161.7;6.3;0.0
0.0;161.7;0.0;0.0
400.0;193.7;152.5;40.0
475.0;386.7;385.0;0.0
354.8;699.2;7846.2;0.0
75.0;547.5;12810.5;44.0
61.6;805.1;2383.2;0.0
69.4;525.2;10516.2;0.0
93.0;247.3;5848.7;0.0
50.0;247.3;432.6;0.0
86.0;247.3;1663.8;0.0
71.0;247.3;498.2;0.0
75.0;247.3;1307.2;0.0
49.4;247.3;457.8;0.0
65.0;247.3;1303.4;0.0
50.0;247.3;345.2;0.0
74.0;556.7;772.6;0.0
65.6;558.7;4129.3;3240.0
86.2;558.7;4078.1;1280.0
74.0;247.7;3908.8;840.0
50.0;279.0;328.3;0.0
48.2;279.3;0.6;196.0
52.8;279.3;0.6;192.0
50.0;248.9;0.5;92.0
50.0;186.1;0.0;0.0
