77.5;254.0;981.5;0.0
248.0;514.9;111.4;0.0
940.9;312.0;588.2;0.0
440.0;157.0;441.1;0.0
0.0;157.0;1.0;0.0
0.0;157.0;0.0;0.0
0.0;157.0;11.1;0.0
0.0;157.0;0.0;0.0
0.0;157.0;7.3;0.0
0.0;157.0;0.0;0.0
0.0;157.0;1.7;0.0
0.0;157.0;1.0;0.0
55.0;157.0;3.4;0.0
0.0;157.0;3.0;0.0
98.0;186.0;4.5;0.0
444.0;186.0;24.0;0.0
442.0;193.0;36.4;0.0
505.0;193.0;0.0;0.0
231.5;159.7;2.2;0.0
272.9;160.3;6.6;0.0
239.8;161.0;63.8;0.0
65.5;161.0;6.1;0.0
55.0;161.2;54.1;0.0
64.9;161.9;39.0;0.0
0.0;161.9;0.1;0.0
0.0;161.9;0.0;0.0
0.0;161.9;1.3;0.0
0.0;161.9;0.0;0.0
0.0;161.9;0.7;0.0
0.0;161.9;0.0;0.0
0.0;161.9;3.4;0.0
0.0;161.9;0.0;0.0
0.0;161.9;4.4;0.0
0.0;161.9;0.0;0.0
144.0;161.9;2.5;0.0
450.0;343.9;180.0;40.0
503.0;1011.9;41973.1;0.0
129.0;1156.8;19901.1;44.0
70.6;1119.2;342.9;5440.0
77.9;544.2;13092.2;0.0
50.8;247.3;939.3;0.0
52.3;247.3;325.8;0.0
49.0;247.3;333.4;0.0
50.8;247.3;351.3;0.0
50.0;247.3;318.4;0.0
48.6;247.3;357.1;0.0
50.0;247.3;330.1;0.0
51.1;247.6;380.1;0.0
49.9;247.6;333.6;0.0
48.9;247.6;419.2;0.0
52.6;247.6;375.7;0.0
50.0;247.6;358.9;0.0
50.0;279.1;193.9;0.0
50.0;279.1;0.8;260.0
49.7;279.1;0.6;192.0
49.6;248.7;0.5;80.0
