100.9;265.5;1025.8;0.0
358.5;354.0;402.4;0.0
531.0;331.5;167.1;0.0
345.0;156.5;401.0;0.0
0.0;156.5;1.1;0.0
0.0;156.5;1.0;0.0
0.0;156.5;0.0;0.0
0.0;156.5;14.3;0.0
47.0;156.5;13.0;0.0
0.0;156.5;7.7;0.0
0.0;156.5;7.0;0.0
0.0;156.5;4.4;0.0
0.0;156.5;6.0;0.0
0.0;156.5;5.3;0.0
0.0;156.5;0.0;0.0
143.0;187.5;2.4;0.0
349.0;194.5;5.0;0.0
270.6;159.2;58.2;0.0
69.8;159.8;5.6;0.0
142.2;160.1;67.1;0.0
120.4;160.1;0.0;0.0
115.1;160.4;12.1;0.0
518.0;160.4;0.0;0.0
516.0;160.4;0.0;0.0
447.0;160.4;10.1;0.0
0.0;160.4;59.0;0.0
235.0;160.4;13.3;0.0
0.0;160.4;1.0;0.0
0.0;160.4;7.7;0.0
0.0;160.4;13.0;0.0
0.0;160.4;4.4;0.0
0.0;160.4;7.0;0.0
0.0;160.4;4.4;0.0
0.0;160.4;6.0;0.0
0.0;160.4;4.4;0.0
0.0;160.4;7.0;0.0
257.4;161.0;1.1;0.0
394.0;345.3;181.0;40.0
448.0;398.3;367.0;0.0
525.0;711.3;17213.0;0.0
454.0;1022.3;5842.0;0.0
495.0;1022.3;3508.0;0.0
499.0;1022.3;4952.0;0.0
507.0;1022.3;3742.0;0.0
500.0;1022.3;3394.0;0.0
527.0;1025.3;4155.0;0.0
465.0;1025.3;3625.0;0.0
495.0;1025.3;3584.0;0.0
500.0;1025.3;3560.0;0.0
529.0;1025.3;4207.0;0.0
475.0;1025.3;3779.0;0.0
540.0;1340.3;1553.0;1320.0
438.0;1340.3;10.0;3200.0
526.0;1291.3;5.0;840.0
520.0;416.3;0.0;0.0
0.0;161.3;0.0;0.0
0.0;161.3;0.0;0.0
0.0;161.3;0.0;0.0
0.0;161.3;0.0;0.0
0.0;161.3;0.0;0.0
0.0;161.3;0.0;0.0
0.0;161.3;0.0;0.0
0.0;161.3;0.0;0.0
0.0;161.3;0.0;0.0
0.0;161.3;0.0;0.0
0.0;161.3;0.0;0.0
0.0;161.3;0.0;0.0
0.0;161.3;0.0;0.0
0.0;161.3;0.0;0.0
0.0;161.3;0.0;0.0
0.0;161.3;0.0;0.0
0.0;161.3;0.9;0.0
33.5;165.3;20.3;4.0
50.5;184.9;38.5;0.0
47.9;216.0;2099.2;0.0
0.0;247.1;2756.8;0.0
0.0;278.3;1320.0;0.0
594.4;278.5;0.6;196.0
51.8;249.7;1.3;340.0
