57.0;191.3;338.0;0.0
61.8;258.4;211.0;0.0
156.0;222.5;531.3;0.0
363.9;271.9;170.6;0.0
165.0;156.9;343.2;0.0
0.0;156.9;1.0;0.0
0.0;156.9;1.1;0.0
0.0;156.9;0.0;0.0
49.0;156.9;1.2;0.0
0.0;156.9;0.0;0.0
0.0;156.9;0.7;0.0
0.0;156.9;0.0;0.0
0.0;156.9;1.5;0.0
0.0;156.9;0.0;0.0
0.0;156.9;3.4;0.0
0.0;156.9;0.0;0.0
400.0;187.9;1.4;0.0
50.0;191.9;64.0;0.0
498.0;179.6;3.3;0.0
114.0;160.2;1.1;0.0
489.0;160.7;69.3;0.0
82.1;161.0;0.0;0.0
84.7;161.0;0.0;0.0
59.0;161.0;0.0;0.0
351.0;161.0;12.0;0.0
309.8;161.0;60.0;0.0
533.5;161.0;1.0;0.0
495.0;161.0;12.1;0.0
210.1;161.9;53.0;0.0
0.0;161.9;1.1;0.0
0.0;161.9;7.0;0.0
0.0;161.9;14.3;0.0
47.0;161.9;5.0;0.0
0.0;161.9;0.0;0.0
0.0;161.9;1.7;0.0
0.0;161.9;0.0;0.0
50.0;161.9;1.4;0.0
449.0;254.9;147.0;40.0
499.0;386.9;380.5;0.0
463.9;699.9;16512.4;0.0
509.0;1011.9;5874.1;0.0
489.0;1007.4;3566.2;0.0
84.4;938.1;3679.4;44.0
67.1;806.7;3507.5;0.0
54.6;520.5;18376.8;0.0
68.8;247.3;6180.3;0.0
94.9;247.3;817.8;0.0
57.9;596.7;27265.9;0.0
60.8;597.0;3696.6;2156.0
55.0;248.7;3662.3;3696.0
