52.4;101.5;116.6;0.0
104.4;132.2;126.1;0.0
130.4;280.7;433.8;0.0
273.9;156.6;413.4;0.0
0.0;156.6;0.0;0.0
0.0;156.6;0.1;0.0
0.0;156.6;0.0;0.0
50.0;156.6;1.3;0.0
0.0;156.6;0.0;0.0
0.0;156.6;0.7;0.0
0.0;156.6;0.0;0.0
0.0;156.6;0.6;0.0
0.0;156.6;0.0;0.0
0.0;156.6;6.3;0.0
0.0;156.6;0.0;0.0
186.0;180.6;1.3;0.0
299.0;186.6;5.0;0.0
127.9;159.3;55.2;0.0
120.8;159.8;5.5;0.0
482.9;160.5;68.2;0.0
50.0;160.5;0.0;0.0
104.7;160.5;0.0;0.0
78.7;160.5;0.0;0.0
62.0;160.5;0.0;0.0
401.0;160.5;30.0;0.0
308.0;160.5;41.0;0.0
533.5;160.5;1.0;0.0
55.0;160.5;34.1;0.0
272.8;161.4;32.1;0.0
0.0;161.4;1.1;0.0
0.0;161.4;0.0;0.0
0.0;161.4;6.2;0.0
0.0;161.4;0.0;0.0
0.0;161.4;2.7;0.0
0.0;161.4;0.0;0.0
50.0;161.4;1.5;0.0
0.0;161.4;0.0;0.0
299.0;183.4;77.6;40.0
495.0;1015.4;30783.0;0.0
494.0;1329.4;31394.5;0.0
511.0;1334.4;8.0;2600.0
222.6;1329.9;10.1;2680.0
107.9;212.6;585.2;44.0
45.8;215.7;1736.4;0.0
52.6;246.8;614.4;0.0
50.3;247.2;2501.1;0.0
50.6;278.5;1415.5;0.0
46.0;278.7;0.6;196.0
51.7;278.7;0.8;256.0
53.2;248.3;0.5;72.0
