77.9;381.4;1227.4;0.0
370.5;457.1;316.8;0.0
360.9;426.6;534.1;0.0
604.0;193.6;543.0;0.0
50.0;156.6;73.0;0.0
0.0;156.6;0.0;0.0
0.0;156.6;1.0;0.0
0.0;156.6;0.0;0.0
0.0;156.6;12.0;0.0
0.0;156.6;0.0;0.0
0.0;156.6;7.0;0.0
0.0;156.6;0.0;0.0
0.0;156.6;6.0;0.0
0.0;156.6;0.0;0.0
0.0;156.6;7.0;0.0
0.0;156.6;0.0;0.0
351.0;193.6;3.0;0.0
43.0;198.6;25.0;0.0
0.0;198.6;0.0;0.0
50.0;200.6;42.0;0.0
551.0;200.6;0.0;0.0
470.0;200.6;0.0;0.0
481.0;200.6;0.0;0.0
549.0;200.6;0.0;0.0
461.0;200.6;0.0;0.0
537.0;200.6;7.0;0.0
0.0;200.6;59.0;0.0
299.0;210.6;6.0;0.0
0.0;210.6;1.0;0.0
0.0;210.6;0.0;0.0
0.0;210.6;13.0;0.0
0.0;210.6;0.0;0.0
0.0;210.6;7.0;0.0
0.0;210.6;0.0;0.0
0.0;210.6;5.0;0.0
0.0;210.6;0.0;0.0
0.0;210.6;6.0;0.0
0.0;210.6;0.0;0.0
250.0;215.6;3.0;0.0
499.0;428.6;520.0;40.0
498.0;752.6;4159.0;0.0
495.0;1063.6;16989.0;0.0
501.0;1063.6;3195.0;0.0
504.0;1063.6;5174.0;0.0
496.0;1063.6;3496.0;0.0
461.0;1063.6;3606.0;0.0
492.0;1063.6;3384.0;0.0
532.0;1063.6;3512.0;0.0
499.0;1063.6;4044.0;0.0
534.0;1066.6;4113.0;0.0
462.0;1066.6;4463.0;0.0
481.0;1066.6;3570.0;0.0
539.0;1381.6;2515.0;0.0
473.0;1381.6;10.0;3240.0
500.0;1381.6;4.0;1280.0
535.0;1077.6;5.0;760.0
0.0;156.6;0.0;0.0
0.0;156.6;0.0;0.0
0.0;156.6;0.0;0.0
0.0;156.6;0.0;0.0
0.0;156.6;0.0;0.0
0.0;156.6;0.0;0.0
0.0;156.6;0.0;0.0
0.0;156.6;0.0;0.0
0.0;156.6;0.0;0.0
0.0;156.6;0.0;0.0
0.0;156.6;0.0;0.0
0.0;156.6;0.0;0.0
0.0;156.6;0.0;0.0
0.0;156.6;0.0;0.0
0.0;156.6;0.0;0.0
0.0;156.6;0.0;0.0
0.0;156.6;0.0;0.0
0.0;156.6;0.0;0.0
0.0;156.6;0.0;0.0
0.0;156.6;0.0;0.0
0.0;156.6;0.0;0.0
0.0;156.6;0.0;0.0
0.0;156.6;0.0;0.0
0.0;156.6;0.0;0.0
0.0;156.6;0.0;0.0
0.0;156.6;0.0;0.0
0.0;156.6;0.0;0.0
0.0;156.6;0.0;0.0
0.0;156.6;0.0;0.0
0.0;156.6;0.0;0.0
0.0;156.6;0.0;0.0
0.0;156.6;0.0;0.0
0.0;156.6;0.0;0.0
0.0;156.6;0.0;0.0
0.0;156.6;0.0;0.0
0.0;156.6;0.0;0.0
0.0;156.6;0.0;0.0
0.0;156.6;0.0;0.0
0.0;156.6;0.0;0.0
0.0;156.6;0.0;0.0
0.0;156.6;0.0;0.0
0.0;156.6;0.0;0.0
0.0;156.6;0.0;0.0
0.0;156.6;0.0;0.0
