129.2;137.3;133.7;0.0
49.2;116.4;294.3;0.0
105.9;139.7;55.1;0.0
35.0;156.9;40.1;0.0
0.0;156.9;0.0;0.0
0.0;156.9;0.0;0.0
0.0;156.9;1.0;0.0
0.0;156.9;1.1;0.0
0.0;156.9;13.0;0.0
0.0;156.9;14.3;0.0
0.0;156.9;7.0;0.0
0.0;156.9;7.7;0.0
0.0;156.9;6.0;0.0
53.9;156.9;1.6;0.0
0.0;156.9;0.0;0.0
268.0;182.9;2.5;0.0
249.0;188.9;6.0;0.0
252.0;196.9;54.6;0.0
506.0;196.9;0.0;0.0
178.5;159.5;3.3;0.0
364.0;160.0;26.4;0.0
101.5;160.7;44.0;0.0
81.9;160.7;7.7;0.0
487.0;160.7;26.4;0.0
125.9;161.6;16.9;0.0
246.0;161.6;42.1;0.0
0.0;161.6;1.0;0.0
0.0;161.6;14.3;0.0
0.0;161.6;13.0;0.0
0.0;161.6;7.7;0.0
0.0;161.6;7.0;0.0
0.0;161.6;7.7;0.0
0.0;161.6;6.0;0.0
0.0;161.6;6.6;0.0
0.0;161.6;8.0;0.0
0.0;161.6;6.6;0.0
50.0;161.6;3.0;0.0
382.9;300.1;162.2;40.0
49.1;849.5;31614.8;44.0
57.2;567.0;17468.2;0.0
72.3;278.5;18930.5;1960.0
77.2;576.7;7.6;1756.0
44.1;278.7;0.8;256.0
