90.0;262.2;494.0;0.0
100.5;277.2;180.7;0.0
173.9;272.6;491.9;0.0
332.9;317.7;115.1;0.0
249.0;156.7;390.0;0.0
0.0;156.7;1.1;0.0
50.0;156.7;1.0;0.0
0.0;156.7;0.0;0.0
0.0;156.7;2.2;0.0
0.0;156.7;0.0;0.0
0.0;156.7;0.7;0.0
0.0;156.7;0.0;0.0
0.0;156.7;1.4;0.0
0.0;156.7;0.0;0.0
0.0;156.7;4.4;0.0
0.0;156.7;0.0;0.0
50.0;182.7;1.3;0.0
449.0;188.7;3.0;0.0
493.9;159.5;60.2;0.0
418.0;160.1;26.5;0.0
108.3;160.8;40.7;0.0
61.7;160.8;0.0;0.0
48.1;160.8;0.0;0.0
53.7;160.8;0.0;0.0
93.3;160.8;7.0;0.0
561.0;160.8;23.0;0.0
304.0;160.8;38.3;0.0
0.0;161.0;73.8;0.0
273.9;161.7;0.0;0.0
0.0;161.7;12.1;0.0
0.0;161.7;0.0;0.0
0.0;161.7;7.3;0.0
0.0;161.7;0.0;0.0
0.0;161.7;0.7;0.0
0.0;161.7;0.0;0.0
53.9;161.7;3.6;0.0
0.0;161.7;0.0;0.0
312.0;161.7;9.6;40.0
448.0;378.7;524.0;0.0
522.0;703.7;4167.6;0.0
494.0;822.7;16635.0;0.0
230.0;994.1;2701.8;44.0
86.0;818.6;2867.6;0.0
149.0;527.0;751.1;0.0
50.0;527.0;12269.7;0.0
84.1;247.1;1702.5;0.0
55.9;247.1;2088.7;0.0
85.6;247.1;800.9;0.0
55.0;247.1;2318.7;0.0
71.0;247.1;1574.8;0.0
71.5;247.1;853.5;0.0
59.5;561.4;1735.6;0.0
70.9;561.4;3756.6;3880.0
65.0;561.4;3852.6;1280.0
59.9;855.4;4069.2;160.0
50.0;247.4;365.6;0.0
53.8;247.4;368.0;0.0
49.9;278.9;150.3;0.0
51.7;278.9;1.0;324.0
48.4;278.9;0.4;128.0
47.0;248.5;0.5;80.0
