96.8;115.4;138.7;0.0
50.0;153.9;103.0;0.0
112.9;151.8;147.6;0.0
95.0;156.6;40.1;0.0
0.0;156.6;0.0;0.0
0.0;156.6;1.0;0.0
110.0;156.6;1.1;0.0
0.0;156.6;13.0;0.0
0.0;156.6;13.2;0.0
0.0;156.6;7.0;0.0
0.0;156.6;7.7;0.0
0.0;156.6;6.0;0.0
0.0;156.6;5.5;0.0
0.0;156.6;6.0;0.0
0.0;156.6;5.5;0.0
0.0;156.6;2.0;0.0
96.0;191.6;4.6;0.0
395.0;191.6;2.0;0.0
270.6;159.4;2.2;0.0
328.9;160.0;5.5;0.0
0.0;160.0;20.9;0.0
0.0;160.0;0.0;0.0
385.0;160.7;42.9;0.0
550.0;160.7;0.0;0.0
590.7;160.7;0.0;0.0
550.0;160.7;0.0;0.0
547.8;160.7;0.0;0.0
526.9;160.7;0.0;0.0
532.4;160.7;0.0;0.0
273.9;161.0;13.2;0.0
273.9;179.9;66.0;0.0
0.0;179.9;1.1;0.0
0.0;179.9;0.0;0.0
0.0;179.9;13.2;0.0
0.0;179.9;0.0;0.0
0.0;179.9;7.7;0.0
0.0;179.9;0.0;0.0
0.0;179.9;4.4;0.0
0.0;179.9;0.0;0.0
0.0;179.9;4.4;0.0
0.0;179.9;0.0;0.0
0.0;179.9;0.0;0.0
0.0;179.9;4.4;0.0
0.0;179.9;0.0;0.0
379.5;204.1;172.7;44.0
537.9;423.0;423.5;0.0
537.9;775.0;11504.9;0.0
529.1;1117.1;14315.4;0.0
591.8;1117.1;3746.6;0.0
552.2;1464.7;38217.3;0.0
523.6;1466.9;6.6;2156.0
544.5;1292.0;12.1;3036.0
