51.0;323.2;1220.0;0.0
422.0;431.3;317.0;0.0
490.3;395.6;622.0;0.0
712.8;266.9;317.9;0.0
163.9;156.6;342.2;0.0
0.0;156.6;0.0;0.0
55.0;156.6;12.1;0.0
0.0;156.6;0.0;0.0
0.0;156.6;7.3;0.0
0.0;156.6;0.0;0.0
0.0;156.6;2.7;0.0
0.0;156.6;0.0;0.0
0.0;156.6;1.0;0.0
0.0;156.6;2.5;0.0
0.0;156.6;2.0;0.0
521.0;194.6;3.4;0.0
0.0;194.6;50.0;0.0
497.0;197.6;18.4;0.0
0.0;197.6;23.0;0.0
76.6;180.5;38.2;0.0
328.9;160.0;4.5;0.0
161.7;160.8;64.9;0.0
545.6;160.8;13.0;0.0
543.4;160.8;7.0;0.0
540.1;160.8;0.0;0.0
534.6;160.8;6.0;0.0
603.9;160.8;0.0;0.0
550.0;160.8;9.0;0.0
440.0;160.8;12.1;0.0
48.0;161.4;60.8;0.0
305.9;352.6;175.0;40.0
489.0;398.6;356.1;0.0
497.0;706.6;17383.0;0.0
508.0;1018.6;5275.2;0.0
496.0;1018.6;3144.0;0.0
492.0;1018.6;3333.7;0.0
535.0;1018.6;3264.0;0.0
495.0;1018.6;3543.5;0.0
504.0;1018.6;5024.0;0.0
491.0;1018.6;4224.4;0.0
486.0;1022.6;4663.0;0.0
508.0;1022.6;3859.4;0.0
521.0;1022.6;4246.0;0.0
287.6;1324.2;4139.2;0.0
71.9;847.9;9823.1;1924.0
49.9;564.4;47285.2;1920.0
50.4;575.5;11297.5;960.0
48.6;278.8;0.4;132.0
48.8;278.8;0.8;256.0
49.5;248.4;0.7;144.0
