151.2;124.9;106.0;0.0
98.0;186.0;141.8;0.0
134.7;139.4;127.2;0.0
83.0;157.0;40.1;0.0
0.0;157.0;0.0;0.0
0.0;157.0;1.1;0.0
0.0;157.0;1.0;0.0
0.0;157.0;0.0;0.0
0.0;157.0;1.2;0.0
0.0;157.0;0.0;0.0
0.0;157.0;0.7;0.0
0.0;157.0;0.0;0.0
0.0;157.0;1.6;0.0
0.0;157.0;0.0;0.0
0.0;157.0;3.5;0.0
0.0;157.0;0.0;0.0
200.0;182.0;2.5;0.0
299.0;187.0;5.0;0.0
81.4;159.7;58.1;0.0
231.8;160.3;6.6;0.0
236.6;160.9;64.9;0.0
68.5;160.9;0.0;0.0
48.6;160.9;0.0;0.0
88.9;160.9;0.0;0.0
75.8;160.9;0.0;0.0
172.5;160.9;2.2;0.0
124.9;161.9;8.6;0.0
149.0;161.9;0.1;0.0
0.0;161.9;0.0;0.0
0.0;161.9;2.3;0.0
0.0;161.9;0.0;0.0
0.0;161.9;7.7;0.0
0.0;161.9;7.0;0.0
0.0;161.9;1.6;0.0
0.0;161.9;1.0;0.0
55.0;161.9;2.4;0.0
0.0;161.9;0.0;0.0
92.0;161.9;1.4;0.0
447.0;330.9;173.0;40.0
479.0;389.9;366.1;0.0
93.9;630.7;11739.4;44.0
73.6;807.6;9180.5;0.0
49.9;523.2;7355.5;0.0
59.4;247.3;8992.7;0.0
70.5;247.3;721.9;0.0
61.0;247.3;2346.0;0.0
58.9;247.3;1332.8;0.0
77.9;247.3;1063.2;0.0
74.0;247.3;606.2;0.0
54.9;247.3;760.0;0.0
84.8;247.6;964.6;0.0
66.0;247.6;1112.2;0.0
62.5;558.6;2576.2;680.0
78.5;558.6;4191.8;2560.0
58.0;558.6;3828.6;1920.0
64.0;922.1;4395.9;160.0
49.2;279.1;2.2;132.0
52.7;279.1;0.8;256.0
49.1;279.1;0.2;64.0
48.5;185.2;0.3;32.0
