148.8;193.6;332.5;0.0
87.0;133.5;545.4;0.0
113.9;138.7;55.2;0.0
49.0;156.6;40.1;0.0
0.0;156.6;0.0;0.0
0.0;156.6;0.0;0.0
0.0;156.6;1.1;0.0
0.0;156.6;0.0;0.0
0.0;156.6;13.2;0.0
0.0;156.6;0.0;0.0
0.0;156.6;7.7;0.0
0.0;156.6;0.0;0.0
55.0;156.6;5.5;0.0
0.0;156.6;0.0;0.0
0.0;156.6;0.0;0.0
0.0;156.6;4.4;0.0
0.0;156.6;0.0;0.0
0.0;156.6;5.5;0.0
0.0;156.6;0.0;0.0
466.4;187.5;2.2;0.0
110.0;195.2;22.0;0.0
380.6;202.9;48.4;0.0
550.0;202.9;0.0;0.0
544.5;202.9;0.0;0.0
545.6;202.9;0.0;0.0
550.0;202.9;0.0;0.0
537.9;202.9;0.0;0.0
542.3;202.9;0.0;0.0
330.0;202.9;13.2;0.0
217.8;210.6;64.9;0.0
55.0;212.8;1.1;0.0
0.0;212.8;0.0;0.0
55.0;212.8;14.3;0.0
0.0;212.8;0.0;0.0
0.0;212.8;0.0;0.0
0.0;212.8;7.7;0.0
0.0;212.8;0.0;0.0
0.0;212.8;6.6;0.0
0.0;212.8;1.1;0.0
0.0;212.8;4.4;0.0
0.0;212.8;0.0;0.0
0.0;212.8;5.5;0.0
0.0;212.8;0.0;0.0
385.0;272.2;167.2;44.0
564.3;464.7;423.5;0.0
544.5;813.4;7429.4;0.0
605.0;813.4;15561.7;0.0
541.2;1155.5;2327.6;0.0
536.8;1155.5;3678.4;0.0
550.0;1155.5;3581.6;0.0
550.0;1155.5;3555.2;0.0
550.0;1155.5;3614.6;0.0
550.0;1155.5;3918.2;0.0
537.9;1155.5;4103.0;0.0
548.9;1158.8;3803.8;0.0
550.0;1158.8;3953.4;0.0
573.1;1158.8;4193.2;0.0
550.0;1158.8;4022.7;0.0
518.1;1158.8;4517.7;0.0
603.9;1506.4;126.5;1452.0
550.0;1506.4;8.8;2816.0
550.0;1506.4;4.4;1408.0
550.0;492.2;3.3;88.0
