44.7;114.8;116.0;0.0
91.0;147.0;132.0;0.0
140.9;138.5;80.8;0.0
96.0;156.4;40.1;0.0
0.0;156.4;0.0;0.0
0.0;156.4;1.0;0.0
0.0;156.4;1.1;0.0
0.0;156.4;0.0;0.0
0.0;156.4;2.2;0.0
0.0;156.4;0.0;0.0
0.0;156.4;0.7;0.0
0.0;156.4;0.0;0.0
0.0;156.4;1.6;0.0
0.0;156.4;0.0;0.0
0.0;156.4;3.5;0.0
0.0;156.4;0.0;0.0
397.0;189.4;1.5;0.0
0.0;189.4;3.0;0.0
74.6;159.2;57.3;0.0
390.0;159.7;6.6;0.0
337.2;160.5;64.9;0.0
70.5;160.5;0.0;0.0
120.0;160.5;0.0;0.0
57.0;160.5;1.1;0.0
348.0;160.5;22.0;0.0
121.9;161.3;26.9;0.0
149.0;161.3;1.1;0.0
0.0;161.3;1.0;0.0
0.0;161.3;14.3;0.0
50.0;161.3;12.0;0.0
0.0;161.3;7.7;0.0
0.0;161.3;7.0;0.0
0.0;161.3;6.6;0.0
0.0;161.3;4.0;0.0
55.0;161.3;4.4;0.0
0.0;161.3;7.0;0.0
55.0;161.3;6.6;0.0
348.0;192.3;155.0;40.0
384.6;1011.9;30468.2;0.0
103.2;1147.9;31079.5;44.0
58.6;565.9;27708.3;1320.0
50.0;562.3;39816.4;2560.0
90.2;278.8;364.5;172.0
50.8;866.3;13.5;4276.0
