47.6;108.4;40.6;0.0
50.0;186.2;622.6;0.0
189.2;195.6;451.2;0.0
196.0;245.6;125.1;0.0
149.0;156.6;177.0;0.0
0.0;156.6;1.1;0.0
0.0;156.6;1.0;0.0
0.0;156.6;0.0;0.0
0.0;156.6;12.0;0.0
0.0;156.6;14.3;0.0
0.0;156.6;7.0;0.0
0.0;156.6;7.7;0.0
0.0;156.6;6.0;0.0
0.0;156.6;6.6;0.0
0.0;156.6;8.0;0.0
0.0;156.6;4.4;0.0
197.0;181.6;2.0;0.0
298.0;189.6;2.4;0.0
261.0;196.6;60.0;0.0
272.2;159.4;3.3;0.0
373.0;160.0;26.4;0.0
130.0;160.7;46.2;0.0
115.2;160.7;3.3;0.0
498.0;160.7;29.7;0.0
260.9;161.6;42.3;0.0
0.0;161.6;49.1;0.0
199.0;161.6;15.0;0.0
0.0;161.6;13.3;0.0
0.0;161.6;0.0;0.0
50.0;161.6;5.7;0.0
0.0;161.6;0.0;0.0
0.0;161.6;1.6;0.0
0.0;161.6;0.0;0.0
0.0;161.6;0.5;0.0
0.0;161.6;0.0;0.0
0.0;161.6;6.4;0.0
0.0;161.6;0.0;0.0
304.0;180.1;86.2;40.0
74.0;298.6;312.6;44.0
50.0;498.5;11072.5;0.0
58.0;525.0;1086.7;0.0
60.0;522.3;8540.5;0.0
49.8;247.1;901.7;0.0
79.8;247.1;447.8;0.0
83.1;247.1;1372.6;0.0
102.2;247.1;876.0;0.0
69.0;247.1;424.2;0.0
58.0;247.1;804.4;0.0
83.7;247.1;1205.2;0.0
49.2;247.1;512.7;0.0
72.4;247.1;571.5;0.0
82.0;561.4;1881.4;0.0
101.0;561.4;4049.0;3240.0
116.6;278.9;2128.9;1280.0
102.2;1202.9;6.0;2884.0
49.8;278.9;0.4;128.0
49.9;248.5;0.5;68.0
