113.3;385.7;265.8;0.0
137.3;178.6;789.5;0.0
220.6;309.7;357.7;0.0
395.0;156.5;383.9;0.0
0.0;156.5;0.0;0.0
0.0;156.5;0.1;0.0
0.0;156.5;0.0;0.0
0.0;156.5;2.3;0.0
0.0;156.5;0.0;0.0
0.0;156.5;0.7;0.0
0.0;156.5;0.0;0.0
0.0;156.5;0.6;0.0
0.0;156.5;0.0;0.0
0.0;156.5;7.0;0.0
0.0;156.5;4.4;0.0
197.0;185.5;3.0;0.0
246.0;191.5;1.5;0.0
467.0;198.5;59.0;0.0
507.1;159.8;26.4;0.0
249.0;177.8;30.5;0.0
496.1;160.5;0.1;0.0
585.2;160.5;0.0;0.0
552.2;160.5;6.7;0.0
0.0;160.5;25.3;0.0
273.9;161.4;34.8;0.0
0.0;161.4;1.1;0.0
0.0;161.4;4.0;0.0
0.0;161.4;14.3;0.0
0.0;161.4;8.0;0.0
0.0;161.4;7.7;0.0
449.0;229.4;157.0;40.0
515.0;398.4;379.6;0.0
474.0;708.4;13831.0;0.0
473.0;1019.4;7715.5;0.0
488.0;1019.4;3270.0;0.0
525.0;1019.4;4036.4;0.0
474.0;1019.4;4096.0;0.0
327.8;1014.9;3350.2;0.0
100.9;834.0;4048.7;44.0
51.6;533.4;3043.7;0.0
63.8;529.8;13233.8;0.0
64.6;246.9;2608.6;0.0
73.3;246.9;1179.0;0.0
91.8;246.9;1365.2;0.0
53.0;568.9;3029.4;680.0
67.0;568.9;3732.0;2560.0
89.0;539.9;3748.4;1480.0
50.0;846.9;3619.0;0.0
47.9;246.9;358.8;0.0
49.3;246.9;355.1;0.0
50.0;247.3;328.8;0.0
49.9;247.3;358.7;0.0
49.6;247.3;369.4;0.0
53.9;278.7;193.9;0.0
48.2;278.7;0.8;260.0
50.0;278.7;0.6;192.0
50.0;248.4;0.5;80.0
