98.8;262.9;971.4;0.0
218.6;503.5;118.6;0.0
796.4;155.4;1008.4;0.0
0.0;157.1;20.9;0.0
0.0;157.1;5.0;0.0
0.0;157.1;7.1;0.0
0.0;157.1;7.0;0.0
0.0;157.1;14.3;0.0
0.0;157.1;6.0;0.0
0.0;157.1;7.7;0.0
0.0;157.1;6.0;0.0
0.0;157.1;7.7;0.0
222.0;180.1;2.0;0.0
299.0;186.1;0.6;0.0
232.0;192.1;56.1;0.0
549.0;192.1;0.0;0.0
486.0;192.1;0.0;0.0
484.0;192.1;0.0;0.0
500.0;192.1;0.0;0.0
498.0;192.1;0.0;0.0
447.0;192.1;11.0;0.0
50.0;198.1;60.1;0.0
199.0;201.1;0.0;0.0
50.0;201.1;3.4;0.0
0.0;201.1;0.0;0.0
0.0;201.1;10.3;0.0
0.0;201.1;0.0;0.0
375.1;176.8;5.2;0.0
218.9;160.4;27.5;0.0
463.1;161.0;36.9;0.0
548.9;161.0;0.0;0.0
525.8;161.0;7.0;0.0
545.6;161.0;0.0;0.0
344.0;161.0;1.0;0.0
70.2;383.0;537.0;40.0
50.0;708.0;1782.0;0.0
351.9;708.0;14982.2;0.0
221.9;1011.0;5822.0;0.0
499.0;1011.0;4258.1;0.0
500.0;1011.0;3983.0;0.0
500.0;1011.0;3244.3;0.0
525.0;1011.0;4325.0;0.0
481.0;1011.0;4279.0;0.0
505.0;1011.0;4093.7;0.0
491.0;1014.0;4564.0;0.0
498.0;1014.0;4196.6;0.0
516.0;1014.0;5340.0;0.0
477.0;1329.0;740.5;1320.0
500.0;1329.0;8.0;2560.0
499.0;1024.0;0.5;920.0
0.0;162.0;0.0;0.0
30.0;163.3;7.5;4.0
50.0;183.5;46.7;0.0
50.0;216.1;310.0;0.0
49.5;216.1;1571.7;0.0
50.0;247.2;385.8;0.0
49.9;247.2;314.0;0.0
51.1;247.2;360.0;0.0
48.1;247.2;329.3;0.0
50.0;247.2;315.5;0.0
50.0;247.2;342.6;0.0
49.4;247.2;342.4;0.0
49.2;247.5;374.8;0.0
50.0;247.5;352.7;0.0
54.8;247.5;371.7;0.0
50.0;247.5;355.6;0.0
49.8;247.5;363.6;0.0
47.2;279.0;174.7;0.0
49.9;279.0;1.0;324.0
50.0;279.0;0.6;192.0
53.7;248.6;0.3;28.0
