71.5;240.9;894.2;0.0
311.1;307.1;446.8;0.0
153.1;297.5;128.1;0.0
605.0;156.9;437.8;0.0
0.0;156.9;1.0;0.0
0.0;156.9;1.1;0.0
0.0;156.9;12.0;0.0
0.0;156.9;0.0;0.0
55.0;156.9;8.4;0.0
0.0;156.9;0.0;0.0
0.0;156.9;0.7;0.0
0.0;156.9;0.0;0.0
0.0;156.9;4.4;0.0
0.0;156.9;0.0;0.0
149.0;178.9;3.5;0.0
349.0;184.9;5.0;0.0
50.0;189.9;58.5;0.0
499.0;191.9;0.0;0.0
410.8;159.8;3.3;0.0
93.0;160.4;5.5;0.0
406.2;160.8;68.2;0.0
77.1;161.1;0.0;0.0
107.2;161.1;0.0;0.0
451.0;161.1;21.1;0.0
300.0;161.1;21.9;0.0
328.9;162.0;41.9;0.0
0.0;162.0;1.1;0.0
0.0;162.0;12.0;0.0
0.0;162.0;14.3;0.0
0.0;162.0;7.0;0.0
0.0;162.0;7.7;0.0
0.0;162.0;6.0;0.0
0.0;162.0;5.5;0.0
0.0;162.0;9.0;0.0
0.0;162.0;4.4;0.0
50.0;162.0;2.0;0.0
491.0;249.0;148.5;40.0
500.0;1010.0;27290.0;0.0
226.9;1304.8;33342.4;44.0
111.0;1131.9;561.8;5320.0
78.5;548.3;2372.7;0.0
50.0;216.3;1399.8;0.0
51.0;247.5;611.6;0.0
50.0;247.5;306.6;0.0
49.0;247.5;321.3;0.0
54.8;247.5;313.5;0.0
50.0;247.5;308.4;0.0
49.8;247.5;335.4;0.0
45.4;247.5;367.2;0.0
51.3;247.8;364.0;0.0
49.6;247.8;319.8;0.0
55.0;247.8;361.5;0.0
50.0;247.8;354.3;0.0
49.9;247.8;343.8;0.0
49.8;279.0;342.1;0.0
49.9;279.3;0.4;132.0
50.0;279.3;0.8;256.0
50.0;279.3;0.4;128.0
50.0;187.1;0.3;28.0
