66.0;332.7;1217.0;0.0
205.3;523.4;570.8;0.0
776.6;156.5;1029.3;0.0
0.0;156.5;0.0;0.0
50.0;156.5;1.0;0.0
0.0;156.5;1.1;0.0
0.0;156.5;12.0;0.0
0.0;156.5;6.2;0.0
0.0;156.5;0.0;0.0
0.0;156.5;2.7;0.0
0.0;156.5;0.0;0.0
0.0;156.5;2.4;0.0
0.0;156.5;0.0;0.0
352.0;193.5;4.0;0.0
0.0;197.5;19.4;0.0
482.0;200.5;40.0;0.0
492.0;200.5;4.5;0.0
48.0;200.5;30.0;0.0
101.4;177.1;34.5;0.0
0.0;177.1;1.0;0.0
0.0;177.1;3.3;0.0
266.2;160.8;49.7;0.0
537.9;160.8;0.0;0.0
495.0;160.8;7.0;0.0
587.4;160.8;0.0;0.0
584.1;160.8;4.0;0.0
535.7;160.8;12.1;0.0
48.0;160.8;13.9;0.0
325.6;161.8;44.0;0.0
385.0;221.8;155.1;40.0
470.0;389.8;385.0;0.0
521.0;705.8;10313.3;0.0
499.0;708.8;10951.0;0.0
498.0;1016.8;2557.0;0.0
475.0;1016.8;3789.7;0.0
530.0;1016.8;4842.0;0.0
499.0;1016.8;3126.6;0.0
486.0;1016.8;4030.0;0.0
500.0;1016.8;4368.4;0.0
496.0;1019.8;3152.0;0.0
494.0;1019.8;5510.4;0.0
531.0;1019.8;4300.0;0.0
302.1;1015.3;5086.2;0.0
92.9;1148.5;71.2;1284.0
50.0;871.3;0.8;2560.0
49.5;845.2;15305.8;1280.0
91.8;843.3;7997.3;480.0
51.2;247.3;334.2;0.0
50.0;247.3;321.1;0.0
50.0;247.3;317.3;0.0
50.0;247.3;314.4;0.0
50.0;247.3;356.6;0.0
49.4;247.3;331.4;0.0
50.0;247.3;344.8;0.0
50.4;247.3;381.0;0.0
48.6;247.6;350.1;0.0
49.5;247.6;370.2;0.0
52.9;247.6;369.3;0.0
50.0;278.9;212.7;0.0
49.4;279.2;1.0;324.0
50.9;279.2;0.6;192.0
50.0;248.7;0.3;40.0
