63.0;250.6;417.2;0.0
75.5;225.8;171.4;0.0
159.3;256.1;487.7;0.0
125.5;155.1;367.9;0.0
316.8;156.7;20.9;0.0
0.0;156.7;1.0;0.0
0.0;156.7;1.1;0.0
0.0;156.7;0.0;0.0
0.0;156.7;1.2;0.0
0.0;156.7;0.0;0.0
0.0;156.7;0.7;0.0
0.0;156.7;0.0;0.0
0.0;156.7;0.6;0.0
0.0;156.7;0.0;0.0
0.0;156.7;3.4;0.0
0.0;156.7;0.0;0.0
435.0;182.7;1.3;0.0
99.0;188.7;6.0;0.0
226.8;159.6;55.2;0.0
183.0;160.2;5.5;0.0
396.0;160.7;63.8;0.0
50.0;161.0;0.0;0.0
49.5;161.0;0.0;0.0
68.8;161.0;0.0;0.0
50.0;161.0;0.0;0.0
400.0;161.0;12.0;0.0
297.2;161.0;58.0;0.0
495.0;161.0;11.1;0.0
0.0;161.0;23.1;0.0
328.9;161.9;25.5;0.0
0.0;161.9;1.1;0.0
0.0;161.9;7.0;0.0
0.0;161.9;13.2;0.0
50.0;161.9;6.0;0.0
0.0;161.9;7.7;0.0
0.0;161.9;7.0;0.0
0.0;161.9;4.4;0.0
247.0;161.9;2.0;0.0
470.0;376.9;533.4;40.0
494.0;1013.9;32248.0;0.0
500.0;1328.9;30409.5;0.0
476.0;1333.9;6.0;1960.0
467.0;1329.4;11.2;3400.0
64.0;324.6;167.2;44.0
50.0;185.1;38.5;0.0
50.0;216.3;1013.1;0.0
50.0;216.6;1050.9;0.0
49.5;247.4;275.5;0.0
52.2;247.4;327.2;0.0
50.0;247.4;315.4;0.0
50.0;247.4;307.8;0.0
50.0;247.4;322.2;0.0
50.0;247.4;338.9;0.0
50.0;247.4;338.6;0.0
50.0;247.4;320.5;0.0
50.0;247.4;360.6;0.0
53.6;247.7;351.0;0.0
50.0;247.7;348.6;0.0
50.0;247.7;368.6;0.0
46.5;279.3;33.5;132.0
50.0;279.3;0.8;256.0
50.0;279.3;0.2;64.0
50.0;187.0;0.3;64.0
