69.0;338.6;1217.0;0.0
392.9;408.7;251.0;0.0
266.8;423.9;587.9;0.0
823.9;293.4;348.7;0.0
165.0;156.7;412.5;0.0
0.0;156.7;0.0;0.0
0.0;156.7;1.1;0.0
0.0;156.7;0.0;0.0
0.0;156.7;0.0;0.0
0.0;156.7;13.2;0.0
0.0;156.7;0.0;0.0
55.0;156.7;7.7;0.0
0.0;156.7;0.0;0.0
0.0;156.7;6.6;0.0
0.0;156.7;0.0;0.0
0.0;156.7;4.4;0.0
0.0;156.7;0.0;0.0
0.0;156.7;5.5;0.0
0.0;156.7;0.0;0.0
55.0;188.5;2.2;0.0
475.2;195.1;3.3;0.0
460.9;202.8;69.3;0.0
547.8;202.8;7.7;0.0
55.0;202.8;70.4;0.0
273.9;212.7;1.1;0.0
0.0;212.7;1.1;0.0
0.0;212.7;0.0;0.0
55.0;212.7;14.3;0.0
0.0;212.7;0.0;0.0
0.0;212.7;7.7;0.0
0.0;212.7;0.0;0.0
0.0;212.7;6.6;0.0
0.0;212.7;0.0;0.0
0.0;212.7;5.5;0.0
0.0;212.7;0.0;0.0
0.0;212.7;4.4;0.0
0.0;212.7;0.0;0.0
51.7;218.2;3.3;0.0
550.0;421.7;198.0;44.0
550.0;470.1;394.9;0.0
539.0;811.1;13886.4;0.0
544.5;1153.2;9604.1;0.0
574.2;1153.2;3526.6;0.0
550.0;1153.2;3506.8;0.0
533.5;1153.2;3612.4;0.0
550.0;1153.2;3612.4;0.0
544.5;1153.2;3726.8;0.0
550.0;1153.2;3652.0;0.0
548.9;1157.6;3630.0;0.0
548.9;1157.6;3676.2;0.0
543.4;1157.6;3931.4;0.0
542.3;1157.6;4551.8;0.0
596.2;1157.6;3951.2;0.0
534.6;1495.3;4011.7;0.0
550.0;1504.1;19.8;1452.0
550.0;1504.1;8.8;2816.0
547.8;1504.1;4.4;1408.0
539.0;489.9;3.3;220.0
