152.0;100.6;67.2;1120.0
143.7;129.4;109.4;0.0
132.0;138.8;81.2;0.0
40.0;156.6;40.1;0.0
0.0;156.6;0.0;0.0
0.0;156.6;0.0;0.0
0.0;156.6;0.1;0.0
0.0;156.6;0.0;0.0
0.0;156.6;13.2;0.0
0.0;156.6;13.0;0.0
0.0;156.6;7.7;0.0
0.0;156.6;7.0;0.0
0.0;156.6;6.6;0.0
0.0;156.6;7.0;0.0
0.0;156.6;5.5;0.0
0.0;156.6;8.0;0.0
55.0;156.6;6.6;0.0
192.0;182.6;3.0;0.0
82.5;159.5;2.3;0.0
82.9;160.0;55.6;0.0
232.6;160.7;63.8;0.0
88.4;160.7;0.0;0.0
50.0;160.7;0.0;0.0
93.0;160.7;0.0;0.0
78.8;160.7;0.0;0.0
117.6;160.7;0.0;0.0
356.0;160.7;12.0;0.0
119.0;160.7;42.0;0.0
273.9;161.6;56.2;0.0
0.0;161.6;0.0;0.0
0.0;161.6;12.0;0.0
0.0;161.6;0.0;0.0
0.0;161.6;7.0;0.0
0.0;161.6;0.0;0.0
0.0;161.6;5.0;0.0
0.0;161.6;0.0;0.0
0.0;161.6;4.0;0.0
0.0;161.6;4.0;0.0
0.0;161.6;0.0;0.0
432.0;304.6;174.0;40.0
498.0;1019.6;46036.0;0.0
495.0;1332.6;16539.0;0.0
507.0;1148.6;19.0;5320.0
500.0;395.6;0.0;0.0
0.0;161.6;0.0;0.0
0.0;161.6;0.0;0.0
0.0;161.6;0.0;0.0
0.0;161.6;0.0;0.0
0.0;161.6;0.0;0.0
0.0;161.6;0.0;0.0
0.0;161.6;0.0;0.0
0.0;161.6;0.0;0.0
0.0;161.6;0.0;0.0
0.0;161.6;0.0;0.0
0.0;161.6;0.0;0.0
0.0;161.6;0.0;0.0
0.0;161.6;0.0;0.0
0.0;161.6;0.0;0.0
0.0;161.6;0.0;0.0
0.0;161.6;0.0;0.0
0.0;161.6;0.0;0.0
0.0;161.6;0.0;0.0
0.0;161.6;0.0;0.0
0.0;161.6;0.0;0.0
0.0;161.6;0.0;0.0
0.0;161.6;0.0;0.0
0.0;161.6;0.0;0.0
0.0;161.6;0.0;0.0
0.0;161.6;0.0;0.0
0.0;161.6;0.0;0.0
0.0;161.6;0.0;0.0
0.0;161.6;0.0;0.0
0.0;161.6;0.0;0.0
0.0;161.6;0.0;0.0
0.0;161.6;0.0;0.0
0.0;161.6;0.0;0.0
0.0;161.6;0.0;0.0
0.0;161.6;0.0;0.0
0.0;161.6;0.0;0.0
0.0;161.6;0.1;0.0
0.0;161.6;0.0;0.0
0.0;161.6;1.3;0.0
0.0;161.6;0.0;0.0
0.0;161.6;0.7;0.0
0.0;161.6;0.0;0.0
0.0;161.6;0.6;0.0
0.0;161.6;0.0;0.0
0.0;161.6;0.4;0.0
0.0;161.6;0.1;0.0
0.0;161.6;0.0;0.0
0.0;161.6;0.4;0.0
0.0;161.6;0.0;0.0
24.9;162.1;0.2;0.0
45.0;182.2;53.8;4.0
49.5;215.6;11.7;0.0
50.0;215.9;1398.8;0.0
50.0;247.0;706.4;0.0
50.0;247.0;305.6;0.0
50.0;247.0;330.4;0.0
49.2;247.0;310.4;0.0
