54.0;354.3;1199.0;0.0
303.2;523.1;163.2;0.0
723.5;397.2;797.8;0.0
192.5;237.0;440.0;0.0
642.4;156.9;198.1;0.0
0.0;156.9;0.0;0.0
0.0;156.9;11.1;0.0
0.0;156.9;0.0;0.0
0.0;156.9;6.2;0.0
0.0;156.9;0.0;0.0
0.0;156.9;1.7;0.0
0.0;156.9;0.0;0.0
0.0;156.9;4.5;0.0
0.0;156.9;0.0;0.0
276.0;189.9;3.6;0.0
0.0;189.9;41.0;0.0
507.0;196.9;17.6;0.0
491.0;196.9;0.0;0.0
288.9;159.5;2.2;0.0
253.9;160.0;5.5;0.0
437.1;160.5;67.1;0.0
49.0;160.7;7.0;0.0
533.0;160.7;62.0;0.0
299.5;160.7;1.0;0.0
337.7;160.7;0.1;0.0
0.0;160.7;34.1;0.0
273.9;161.6;29.9;0.0
0.0;161.6;1.1;0.0
0.0;161.6;7.0;0.0
55.0;161.6;13.2;0.0
0.0;161.6;6.0;0.0
0.0;161.6;7.7;0.0
0.0;161.6;8.0;0.0
0.0;161.6;7.7;0.0
180.0;161.6;3.0;0.0
466.0;379.6;534.4;40.0
499.0;1016.6;46575.0;0.0
498.0;1330.6;15604.5;0.0
497.0;1029.6;19.0;5680.0
459.7;376.1;2.2;0.0
49.8;178.9;17.3;4.0
49.7;247.0;3545.4;0.0
48.6;247.0;352.0;0.0
54.0;247.0;350.6;0.0
49.2;247.0;353.6;0.0
48.0;247.0;373.6;0.0
51.9;247.3;399.2;0.0
49.6;247.3;370.6;0.0
49.2;247.3;382.6;0.0
49.0;278.7;32.9;132.0
49.6;278.7;0.8;256.0
53.0;278.7;0.4;128.0
48.6;186.5;0.3;24.0
