108.6;277.1;1088.2;0.0
329.2;404.8;425.2;0.0
527.8;344.8;203.1;0.0
449.0;156.8;401.0;0.0
0.0;156.8;1.1;0.0
0.0;156.8;0.0;0.0
0.0;156.8;13.3;0.0
0.0;156.8;0.0;0.0
0.0;156.8;7.7;0.0
0.0;156.8;12.0;0.0
0.0;156.8;4.4;0.0
50.0;156.8;7.0;0.0
0.0;156.8;0.0;0.0
0.0;156.8;2.4;0.0
0.0;156.8;1.1;0.0
0.0;156.8;4.3;0.0
0.0;156.8;0.0;0.0
279.5;159.7;1.1;0.0
258.9;160.3;44.6;0.0
337.5;161.0;42.0;0.0
67.2;161.0;0.0;0.0
236.9;161.0;13.2;0.0
391.8;161.7;62.7;0.0
432.0;161.9;1.1;0.0
500.0;161.9;0.0;0.0
448.0;161.9;2.2;0.0
47.0;161.9;59.0;0.0
199.0;161.9;0.0;0.0
55.0;161.9;6.7;0.0
0.0;161.9;0.0;0.0
0.0;161.9;8.4;0.0
0.0;161.9;0.0;0.0
50.0;161.9;3.4;0.0
0.0;161.9;0.0;0.0
0.0;161.9;1.4;0.0
0.0;161.9;0.0;0.0
495.0;238.8;163.5;44.0
522.5;415.9;423.5;0.0
258.5;1097.5;24933.9;0.0
64.0;247.8;14290.2;40.0
49.5;365.4;32113.7;0.0
99.0;279.3;1727.2;1452.0
78.6;279.3;2.8;856.0
81.0;551.9;3.5;1660.0
