51.7;113.6;123.1;0.0
50.0;129.9;182.2;0.0
84.9;139.1;55.2;0.0
40.0;157.1;40.1;0.0
0.0;157.1;0.0;0.0
0.0;157.1;1.0;0.0
0.0;157.1;1.1;0.0
0.0;157.1;0.0;0.0
0.0;157.1;13.0;0.0
0.0;157.1;0.0;0.0
0.0;157.1;7.0;0.0
55.0;157.1;13.2;0.0
0.0;157.1;5.0;0.0
0.0;157.1;7.7;0.0
0.0;157.1;7.0;0.0
0.0;157.1;5.5;0.0
398.0;185.1;2.0;0.0
50.0;185.1;20.4;0.0
486.0;192.1;38.0;0.0
506.0;192.1;5.5;0.0
497.0;192.1;0.0;0.0
205.9;159.8;2.2;0.0
281.5;160.3;6.6;0.0
311.8;161.0;60.8;0.0
555.0;161.0;27.0;0.0
296.6;161.0;40.0;0.0
537.9;161.0;1.0;0.0
530.2;161.0;0.0;0.0
539.0;161.0;13.0;0.0
550.0;161.0;0.0;0.0
327.8;161.0;5.1;0.0
243.1;161.9;63.8;0.0
0.0;161.9;5.1;0.0
0.0;161.9;0.0;0.0
0.0;161.9;6.3;0.0
0.0;161.9;0.0;0.0
50.0;161.9;5.7;0.0
515.0;331.9;164.0;40.0
449.0;387.9;361.6;0.0
506.0;699.9;15153.0;0.0
479.0;1010.9;6742.4;0.0
532.0;1010.9;3874.0;0.0
491.0;1010.9;3401.1;0.0
499.0;1010.9;3153.5;0.0
498.0;1010.9;4712.0;0.0
210.9;992.0;4420.7;44.0
49.0;812.9;3671.5;0.0
64.1;247.1;45245.9;0.0
63.5;247.4;697.6;0.0
50.0;247.4;3092.6;0.0
99.0;559.4;1922.0;0.0
60.9;559.4;4077.6;3240.0
84.9;278.8;1696.9;1840.0
50.0;1222.8;11.0;3564.0
52.6;278.8;0.4;128.0
49.6;248.5;0.5;76.0
