116.0;268.9;992.0;0.0
243.9;536.9;109.2;0.0
933.9;315.9;614.6;0.0
550.0;156.9;441.1;0.0
0.0;156.9;1.0;0.0
0.0;156.9;0.0;0.0
0.0;156.9;11.1;0.0
0.0;156.9;0.0;0.0
0.0;156.9;6.2;0.0
0.0;156.9;0.0;0.0
0.0;156.9;2.7;0.0
0.0;156.9;0.0;0.0
0.0;156.9;1.6;0.0
0.0;156.9;0.0;0.0
364.0;189.9;1.4;0.0
50.0;194.9;64.0;0.0
482.0;196.9;4.4;0.0
498.0;196.9;0.0;0.0
466.0;181.6;2.2;0.0
49.9;160.1;3.3;0.0
486.0;160.1;33.0;0.0
49.1;160.8;34.1;0.0
200.0;160.8;11.0;0.0
359.9;160.8;61.0;0.0
479.1;160.8;1.0;0.0
555.5;160.8;0.0;0.0
550.0;160.8;14.0;0.0
550.0;160.8;0.0;0.0
110.0;160.8;26.0;0.0
273.9;161.6;45.1;0.0
0.0;161.6;1.1;0.0
0.0;161.6;6.0;0.0
0.0;161.6;14.3;0.0
0.0;161.6;8.0;0.0
0.0;161.6;7.7;0.0
485.0;243.6;149.0;40.0
503.0;1017.6;28908.6;0.0
495.0;1330.6;33631.0;0.0
495.0;1335.6;4.0;1320.0
480.0;1335.6;7.5;3840.0
505.0;1031.6;3.0;200.0
0.0;161.6;0.7;0.0
0.0;161.6;0.0;0.0
44.8;168.6;15.6;4.0
54.0;184.4;38.5;0.0
44.0;216.0;895.0;0.0
49.5;216.3;1219.2;0.0
53.4;247.2;258.3;0.0
49.0;247.2;444.4;0.0
50.3;247.5;2529.1;0.0
49.9;247.5;360.7;0.0
48.5;247.5;419.2;0.0
52.9;279.0;94.5;68.0
49.5;279.0;1.0;320.0
49.7;279.0;0.4;128.0
51.4;186.7;0.3;8.0
