58.4;178.5;310.4;0.0
117.3;185.0;127.2;0.0
161.8;213.6;421.5;0.0
178.1;243.0;74.3;0.0
162.8;156.6;218.9;0.0
0.0;156.6;1.0;0.0
0.0;156.6;1.1;0.0
0.0;156.6;0.0;0.0
0.0;156.6;2.2;0.0
0.0;156.6;0.0;0.0
0.0;156.6;0.7;0.0
0.0;156.6;0.0;0.0
0.0;156.6;1.6;0.0
0.0;156.6;0.0;0.0
0.0;156.6;6.4;0.0
0.0;156.6;0.0;0.0
380.0;186.6;4.7;0.0
148.0;192.6;6.0;0.0
214.3;159.5;57.2;0.0
137.9;160.0;5.5;0.0
362.9;160.7;57.9;0.0
461.5;160.7;64.0;0.0
300.5;160.7;1.0;0.0
570.9;160.7;1.0;0.0
550.0;160.7;0.0;0.0
550.0;160.7;13.0;0.0
569.8;160.7;0.0;0.0
330.0;160.7;6.2;0.0
220.0;161.3;62.7;0.0
55.0;161.6;6.0;0.0
0.0;161.6;1.1;0.0
0.0;161.6;7.0;0.0
0.0;161.6;0.0;0.0
149.0;161.6;12.3;0.0
499.0;352.6;215.0;40.0
511.0;703.6;1905.0;0.0
482.0;706.6;16094.0;0.0
498.0;1017.6;4426.0;0.0
509.0;1017.6;3700.0;0.0
512.0;1017.6;3520.0;0.0
472.0;1017.6;4463.0;0.0
532.0;1017.6;3963.0;0.0
488.0;1017.6;5024.0;0.0
498.0;1017.6;3449.0;0.0
497.0;1020.6;5548.7;0.0
543.0;1020.6;3658.0;0.0
463.0;1020.6;4044.0;0.0
518.0;1335.6;1749.0;680.0
483.0;1335.6;8.0;2560.0
496.0;1335.6;6.0;1920.0
540.0;418.6;3.0;200.0
0.0;161.6;0.0;0.0
0.0;161.6;0.0;0.0
0.0;161.6;0.5;0.0
0.0;161.6;0.0;0.0
0.0;161.6;0.3;0.0
0.0;161.6;0.0;0.0
5.0;161.6;0.3;0.0
0.0;161.6;0.0;0.0
13.8;162.1;0.4;0.0
49.9;182.2;52.6;4.0
49.5;214.2;1.2;0.0
50.0;215.8;1409.5;0.0
49.4;246.9;744.9;0.0
50.0;246.9;314.5;0.0
47.7;246.9;341.8;0.0
49.9;246.9;338.8;0.0
54.2;246.9;322.0;0.0
47.7;246.9;365.8;0.0
49.5;246.9;349.4;0.0
49.5;247.2;356.6;0.0
54.6;247.2;359.0;0.0
49.8;247.2;364.4;0.0
46.6;247.2;401.8;0.0
52.4;247.2;387.8;0.0
48.4;278.7;155.1;68.0
50.0;278.7;0.8;256.0
50.0;278.7;0.6;192.0
52.0;186.5;0.3;28.0
