128.8;178.0;87.1;600.0
132.9;116.7;385.0;0.0
244.3;338.6;487.9;0.0
58.1;177.8;480.3;0.0
65.8;158.9;23.0;0.0
402.5;160.5;127.3;0.0
412.0;161.4;162.8;0.0
80.0;161.7;0.0;0.0
69.0;161.7;0.0;0.0
49.9;161.7;0.0;0.0
86.9;161.7;0.0;0.0
78.8;161.7;0.0;0.0
89.9;161.7;0.0;0.0
73.9;161.7;0.0;0.0
56.0;161.7;0.0;0.0
49.7;161.7;0.0;0.0
61.8;161.7;0.0;0.0
66.0;161.7;0.0;0.0
66.9;161.7;0.0;0.0
49.6;161.7;0.0;0.0
74.6;161.7;0.0;0.0
50.0;161.7;0.0;0.0
49.9;161.7;0.0;0.0
80.5;161.7;0.0;0.0
75.0;161.7;0.0;0.0
56.2;161.7;0.0;0.0
93.5;161.7;0.0;0.0
90.3;161.7;0.0;0.0
64.0;161.7;0.0;0.0
59.0;161.7;0.0;0.0
122.2;161.7;0.0;0.0
49.5;162.0;0.0;0.0
76.0;162.0;0.0;0.0
57.1;162.0;0.0;0.0
80.9;162.0;0.0;0.0
56.4;162.0;0.0;0.0
102.0;162.0;0.0;0.0
59.5;162.0;0.0;0.0
91.9;179.0;27.0;0.0
210.8;181.0;94.0;0.0
135.0;199.0;60.0;0.0
58.5;828.0;87404.0;40.0
50.0;1139.0;34487.0;0.0
55.0;1139.0;37172.0;0.0
50.0;1139.0;36976.0;0.0
63.9;1140.0;38536.0;0.0
68.1;1450.0;22205.0;0.0
96.7;1453.2;10.0;3240.0
293.4;1438.8;23.7;1920.0
255.9;1357.1;96.2;1040.0
182.0;425.8;72.6;0.0
44.8;165.8;0.0;0.0
54.9;170.9;15.3;8.0
49.5;186.8;38.5;0.0
49.0;190.3;0.0;0.0
49.9;193.3;0.0;0.0
50.0;227.5;248.5;0.0
50.5;227.5;1532.7;0.0
50.0;227.8;1380.1;0.0
48.8;227.8;1423.5;0.0
54.5;227.8;1411.0;0.0
50.0;227.8;1402.4;0.0
48.6;227.8;1274.6;0.0
49.5;259.0;0.0;0.0
50.0;259.5;322.5;0.0
50.0;259.5;349.4;0.0
50.0;259.5;355.2;0.0
50.0;259.5;324.6;0.0
49.5;259.5;341.4;0.0
49.6;259.5;341.8;0.0
50.0;259.5;350.2;0.0
53.7;259.5;365.8;0.0
49.8;259.5;348.2;0.0
47.4;259.5;360.6;0.0
54.2;259.5;355.0;0.0
48.4;259.5;361.6;0.0
48.8;259.5;333.2;0.0
52.0;259.5;375.4;0.0
48.6;259.5;395.2;0.0
48.7;259.5;383.2;0.0
54.4;259.5;375.6;0.0
47.0;259.5;392.9;0.0
50.0;259.5;348.3;0.0
49.1;259.5;381.6;0.0
52.8;259.5;353.6;0.0
49.5;259.5;368.5;0.0
49.9;259.5;370.3;0.0
49.9;259.5;373.8;0.0
51.6;259.5;370.0;0.0
49.2;259.5;341.5;0.0
48.8;259.5;374.7;0.0
50.6;259.5;378.0;0.0
49.7;259.5;364.8;0.0
50.0;259.5;378.2;0.0
52.5;259.5;368.6;0.0
49.6;259.5;415.1;0.0
48.5;259.5;387.5;0.0
51.8;259.5;387.7;0.0
45.9;259.5;392.3;0.0
55.0;259.5;385.3;0.0
