101.0;194.6;329.0;0.0
95.0;193.0;255.4;0.0
356.9;299.8;263.1;0.0
428.9;368.9;65.7;0.0
95.0;227.9;369.6;0.0
99.9;158.7;96.6;0.0
267.4;158.7;22.0;0.0
605.0;160.6;25.3;0.0
110.0;160.6;21.9;0.0
249.0;160.6;106.0;0.0
544.0;160.6;0.0;0.0
440.0;160.6;149.6;0.0
68.0;161.9;5.5;0.0
96.9;161.9;0.0;0.0
96.2;161.9;0.0;0.0
104.0;161.9;0.0;0.0
76.3;161.9;0.0;0.0
59.9;161.9;0.0;0.0
59.5;161.9;0.0;0.0
89.0;161.9;0.0;0.0
99.0;161.9;0.0;0.0
100.0;161.9;0.0;0.0
99.9;161.9;0.0;0.0
49.8;161.9;0.0;0.0
49.9;161.9;0.0;0.0
49.8;161.9;0.0;0.0
49.9;161.9;0.0;0.0
65.0;161.9;0.0;0.0
50.0;161.9;0.0;0.0
86.5;161.9;0.0;0.0
64.0;161.9;0.0;0.0
59.0;162.2;0.0;0.0
98.5;162.2;0.0;0.0
50.0;162.2;0.0;0.0
50.0;162.2;0.0;0.0
78.4;162.2;0.0;0.0
65.2;162.2;0.0;0.0
49.8;162.2;0.0;0.0
48.9;162.2;0.0;0.0
94.0;162.2;0.0;0.0
62.0;162.2;0.0;0.0
82.6;162.2;0.0;0.0
56.3;162.2;0.0;0.0
120.0;162.2;0.0;0.0
67.9;162.2;0.0;0.0
104.2;162.2;0.0;0.0
56.0;162.2;0.0;0.0
49.5;162.2;0.0;0.0
49.2;162.2;0.0;0.0
53.2;184.9;29.7;0.0
432.7;183.3;53.3;0.0
161.6;190.1;72.4;0.0
93.8;166.3;127.7;88.0
108.9;358.9;428.3;40.0
50.0;647.7;95004.8;0.0
62.1;958.7;36752.1;0.0
98.9;928.7;39646.2;0.0
99.1;584.7;37234.6;0.0
63.9;581.7;11362.0;0.0
50.0;578.7;11162.5;0.0
125.0;578.7;10871.5;0.0
116.4;578.7;10579.6;0.0
49.8;579.8;10804.5;0.0
72.1;579.8;10844.2;0.0
91.4;360.8;4262.5;0.0
67.1;259.8;969.3;0.0
65.8;259.8;685.3;0.0
49.6;259.8;367.4;0.0
57.2;259.8;1360.4;0.0
78.5;259.8;1045.7;0.0
49.9;259.8;944.6;0.0
60.0;259.8;366.7;0.0
66.0;259.8;681.6;0.0
69.5;259.8;1616.5;0.0
54.7;609.2;764.4;0.0
50.0;611.4;3667.0;3564.0
74.8;611.4;3636.6;2112.0
82.9;436.5;3917.5;968.0
50.0;261.0;3542.0;0.0
