102.9;139.1;88.9;0.0
131.5;116.5;297.4;0.0
146.0;138.5;62.4;0.0
69.0;185.3;40.4;0.0
174.7;176.8;19.0;0.0
550.0;160.3;59.2;0.0
130.5;161.4;95.9;0.0
84.0;161.8;0.0;0.0
64.9;161.8;0.0;0.0
85.0;161.8;0.0;0.0
90.0;161.8;0.0;0.0
86.1;161.8;0.0;0.0
92.4;161.8;0.0;0.0
85.0;161.8;0.0;0.0
95.6;161.8;0.0;0.0
55.4;161.8;0.0;0.0
55.0;161.8;0.0;0.0
543.4;161.8;3.0;0.0
859.7;184.8;44.0;0.0
82.8;202.8;134.0;0.0
50.0;376.8;170.0;40.0
56.1;823.8;29315.0;0.0
50.0;1141.8;75468.0;0.0
49.9;1141.8;36916.0;0.0
49.9;1141.8;37508.0;0.0
50.0;1142.8;38490.0;0.0
563.2;1454.8;38453.0;0.0
4456.0;1457.8;10.0;3240.0
77.5;1457.8;8.0;2560.0
78.0;471.8;3.0;360.0
50.0;161.8;0.0;0.0
47.1;161.8;0.0;0.0
52.8;161.8;0.0;0.0
48.7;162.1;0.0;0.0
49.6;162.1;0.0;0.0
50.0;162.1;0.0;0.0
53.5;162.1;0.0;0.0
46.8;162.1;0.0;0.0
50.0;162.1;0.0;0.0
50.0;162.1;0.0;0.0
49.9;162.1;0.0;0.0
53.6;162.1;0.0;0.0
49.5;162.1;0.0;0.0
48.6;162.1;0.0;0.0
50.0;162.1;0.0;0.0
49.9;162.1;0.0;0.0
50.8;162.1;0.0;0.0
50.5;162.1;0.0;0.0
49.5;162.1;0.0;0.0
50.0;162.1;0.0;0.0
52.2;162.3;0.0;0.0
80.3;164.0;4.7;0.0
68.6;165.8;13.3;0.0
48.6;166.0;0.0;0.0
48.6;166.1;0.0;0.0
49.9;186.9;50.9;8.0
49.6;188.6;0.0;0.0
50.0;192.1;0.0;0.0
50.0;195.7;0.0;0.0
54.1;227.9;847.2;0.0
50.0;227.9;1375.8;0.0
49.7;228.2;1374.0;0.0
50.0;228.2;1374.1;0.0
49.3;228.2;1386.3;0.0
50.0;228.2;1352.3;0.0
49.1;228.5;975.3;0.0
50.0;259.8;51.7;0.0
49.1;259.8;337.4;0.0
50.0;259.8;347.5;0.0
50.0;259.8;347.3;0.0
52.2;259.8;350.4;0.0
49.6;259.8;314.6;0.0
51.8;259.8;363.8;0.0
48.8;259.8;335.9;0.0
50.0;259.8;346.5;0.0
50.0;259.8;336.7;0.0
50.0;259.8;331.9;0.0
50.0;259.8;352.8;0.0
50.0;259.8;346.7;0.0
49.4;259.8;335.1;0.0
50.0;259.8;328.4;0.0
50.0;259.8;364.2;0.0
49.4;259.8;368.8;0.0
49.2;259.8;354.0;0.0
50.0;259.8;339.6;0.0
50.0;259.8;365.6;0.0
54.9;259.8;384.8;0.0
50.0;259.8;354.2;0.0
48.9;259.8;333.4;0.0
49.1;259.8;343.8;0.0
48.5;259.8;347.0;0.0
49.0;259.8;337.6;0.0
54.5;259.8;339.9;0.0
50.0;259.8;310.1;0.0
50.0;259.8;353.0;0.0
49.3;259.8;348.0;0.0
48.7;259.8;366.4;0.0
49.7;259.8;364.2;0.0
50.0;259.8;345.4;0.0
50.0;259.8;312.2;0.0
