112.0;109.9;98.6;0.0
49.8;149.2;180.2;0.0
208.9;167.5;106.9;0.0
57.9;178.6;52.5;0.0
74.0;178.3;41.0;0.0
349.7;160.1;118.9;0.0
254.0;160.2;55.0;0.0
240.8;161.6;111.1;0.0
56.0;161.6;0.0;0.0
107.0;161.6;0.0;0.0
147.6;161.6;0.0;0.0
49.5;161.6;0.0;0.0
48.8;161.6;0.0;0.0
85.0;161.6;7.0;0.0
261.0;181.6;39.0;0.0
200.0;199.6;136.0;0.0
60.8;217.6;93.0;40.0
95.5;410.6;446.0;0.0
59.5;433.6;0.0;0.0
56.6;463.6;0.0;0.0
88.7;510.6;0.0;0.0
50.0;821.6;12395.0;0.0
78.0;821.6;14820.0;0.0
50.0;824.6;14053.0;0.0
58.2;824.6;15069.0;0.0
100.0;824.6;13766.0;0.0
100.0;824.6;14152.0;0.0
65.8;830.6;2307.0;0.0
61.0;1140.8;2474.0;0.0
50.0;1140.8;3293.0;0.0
50.0;1140.8;3746.0;0.0
58.8;1140.8;3235.0;0.0
60.0;1140.8;3477.0;0.0
60.8;1140.8;3338.0;0.0
60.0;1140.8;3708.0;0.0
64.4;1140.8;3602.0;0.0
84.0;1140.8;3516.0;0.0
105.7;1140.8;3416.0;0.0
61.0;1140.8;3662.0;0.0
66.8;1140.8;3731.0;0.0
50.4;1140.8;3273.0;0.0
55.0;1140.8;3484.0;0.0
69.7;1140.8;4111.0;0.0
98.9;1140.8;3697.0;0.0
79.3;1140.8;3520.0;0.0
72.0;1140.8;3816.0;0.0
50.0;1140.8;3642.0;0.0
86.6;1140.8;3810.0;0.0
62.6;1140.8;3506.0;0.0
50.0;1138.1;3370.0;0.0
194.1;1123.7;3765.7;0.0
267.8;1121.9;3552.8;0.0
100.5;1104.8;3404.4;0.0
101.0;1104.8;3514.0;0.0
87.0;931.1;3563.0;88.0
49.8;547.7;66174.4;0.0
49.9;259.2;50801.1;0.0
61.1;259.2;650.8;0.0
50.5;259.2;31527.2;0.0
56.6;259.2;36578.6;0.0
58.6;259.2;561.4;0.0
81.5;259.2;416.4;0.0
66.1;259.2;471.8;0.0
99.5;259.2;633.4;0.0
129.8;259.2;416.4;0.0
50.0;259.3;507.7;0.0
49.8;259.3;426.7;0.0
73.8;259.3;820.2;0.0
58.1;259.3;557.8;0.0
99.0;259.3;689.2;0.0
109.5;259.3;484.6;0.0
57.5;259.3;625.2;0.0
50.0;259.3;548.8;0.0
59.0;524.3;442.4;0.0
72.5;578.3;4303.6;2600.0
89.2;578.3;5108.1;2560.0
61.9;578.3;4473.9;640.0
67.0;259.3;4322.2;200.0
50.0;290.9;77.5;132.0
48.8;290.9;1.0;320.0
50.0;290.9;0.4;128.0
49.9;260.5;0.3;32.0
49.6;198.8;0.0;0.0
