115.9;267.4;1010.0;0.0
240.6;540.8;163.5;0.0
492.8;378.0;643.2;0.0
104.9;216.9;434.3;0.0
244.4;176.4;55.0;0.0
222.8;187.7;66.0;0.0
81.9;160.1;45.1;0.0
315.9;161.3;156.2;0.0
49.6;161.6;0.0;0.0
62.8;161.6;0.0;0.0
49.6;161.6;0.0;0.0
77.0;161.6;0.0;0.0
73.7;161.6;0.0;0.0
63.9;161.6;0.0;0.0
81.5;161.6;0.0;0.0
55.4;161.6;0.0;0.0
82.4;161.6;0.0;0.0
111.5;161.6;0.0;0.0
63.1;161.6;0.0;0.0
50.0;161.6;0.0;0.0
50.0;161.6;0.0;0.0
70.8;161.6;0.0;0.0
49.9;161.6;0.0;0.0
79.5;161.6;0.0;0.0
80.8;161.6;0.0;0.0
74.5;161.6;0.0;0.0
59.9;161.6;0.0;0.0
55.8;161.6;0.0;0.0
74.2;161.6;0.0;0.0
66.5;161.9;0.0;0.0
73.9;161.9;0.0;0.0
77.2;161.9;0.0;0.0
67.1;161.9;0.0;0.0
51.9;161.9;0.0;0.0
62.6;161.9;0.0;0.0
62.1;161.9;0.0;0.0
86.2;161.9;27.0;0.0
244.0;181.9;97.0;0.0
56.0;199.9;57.0;0.0
61.0;253.9;146.0;40.0
64.0;412.9;385.0;0.0
76.0;450.9;0.0;0.0
80.4;485.9;0.0;0.0
102.0;819.9;4976.0;0.0
104.8;819.9;13957.0;0.0
56.9;819.9;14316.0;0.0
72.7;822.9;14122.0;0.0
49.9;822.9;14063.0;0.0
60.1;821.1;14689.0;0.0
308.6;808.8;10411.8;0.0
230.6;1118.3;349.1;0.0
141.0;1104.8;3531.8;0.0
50.1;1103.9;3434.0;0.0
127.5;920.3;3189.2;88.0
96.2;904.1;3346.0;0.0
49.6;872.6;3382.0;0.0
62.0;842.9;3532.0;0.0
73.0;551.3;4338.5;0.0
50.0;548.6;11476.7;0.0
47.9;547.7;12253.9;0.0
56.0;547.7;11489.1;0.0
76.4;547.7;12355.1;0.0
56.3;547.7;11569.0;0.0
102.7;544.1;6351.7;0.0
48.2;259.4;3442.5;0.0
90.2;259.4;951.3;0.0
95.9;259.4;1186.3;0.0
50.5;259.4;443.3;0.0
79.1;259.4;529.4;0.0
50.0;259.4;704.4;0.0
98.1;259.4;680.5;0.0
63.5;259.4;382.2;0.0
91.6;259.4;906.2;0.0
52.2;259.4;1179.0;0.0
71.9;259.4;507.2;0.0
60.0;259.4;947.6;0.0
50.0;259.4;625.6;0.0
104.9;259.4;1004.4;0.0
49.9;259.4;744.6;0.0
50.2;259.4;596.1;0.0
60.1;259.4;422.7;0.0
48.8;259.4;503.2;0.0
68.9;259.4;825.0;0.0
77.4;259.4;534.0;0.0
49.6;259.4;498.8;0.0
69.7;259.4;1194.4;0.0
90.7;259.4;734.6;0.0
65.8;259.4;478.0;0.0
58.6;259.4;1109.2;0.0
66.5;259.4;577.0;0.0
56.3;259.4;739.4;0.0
74.8;259.4;949.6;0.0
78.3;259.4;840.8;0.0
62.8;259.4;969.7;0.0
121.0;259.4;1099.7;0.0
66.0;578.4;1188.4;0.0
100.9;578.4;3774.0;3240.0
84.1;578.4;3861.6;1920.0
59.9;259.4;3884.6;960.0
88.6;861.4;3725.7;0.0
