45.0;187.4;202.2;0.0
50.0;121.2;191.0;0.0
244.8;191.9;296.7;0.0
200.0;263.4;125.8;0.0
50.0;158.3;314.5;0.0
55.3;158.3;0.0;0.0
74.9;160.3;2.3;0.0
55.0;160.3;20.9;0.0
192.9;161.6;1.1;0.0
50.0;161.6;0.0;0.0
68.7;161.6;0.0;0.0
49.9;161.6;0.0;0.0
49.1;161.6;0.0;0.0
71.1;161.6;0.0;0.0
60.8;161.6;0.0;0.0
55.4;161.6;0.0;0.0
49.3;161.6;0.0;0.0
75.1;161.6;0.0;0.0
49.6;161.6;0.0;0.0
58.0;161.6;0.0;0.0
61.9;161.6;0.0;0.0
49.9;161.6;0.0;0.0
108.0;161.6;0.0;0.0
62.8;161.6;0.0;0.0
64.6;161.6;0.0;0.0
79.7;161.6;0.0;0.0
57.2;161.6;0.0;0.0
76.7;161.6;0.0;0.0
49.3;161.6;0.0;0.0
70.9;161.6;0.0;0.0
49.8;161.6;0.0;0.0
50.0;161.8;0.0;0.0
86.8;161.8;0.0;0.0
102.0;161.8;0.0;0.0
54.6;161.8;0.0;0.0
80.4;161.8;0.0;0.0
49.5;161.8;0.0;0.0
59.8;161.8;0.0;0.0
56.8;161.8;0.0;0.0
63.7;161.8;0.0;0.0
81.9;161.8;0.0;0.0
60.0;161.8;0.0;0.0
66.5;161.8;0.0;0.0
90.0;161.8;0.0;0.0
68.9;161.8;0.0;0.0
56.6;161.8;0.0;0.0
50.0;161.8;0.0;0.0
49.9;161.8;0.0;0.0
49.5;161.8;0.0;0.0
199.0;180.8;27.0;0.0
89.6;183.1;148.0;0.0
160.0;183.7;24.7;0.0
320.6;263.2;19.3;40.0
49.5;786.7;64673.9;0.0
85.6;1103.7;48948.0;0.0
46.6;1028.1;3401.6;88.0
60.8;909.3;3063.5;0.0
72.0;874.2;3482.0;0.0
49.6;852.6;3686.0;0.0
54.8;549.3;603.0;0.0
94.0;546.6;11936.1;0.0
66.2;546.6;13671.3;0.0
71.6;546.6;12421.3;0.0
72.8;546.6;14383.9;0.0
63.2;543.9;12893.8;0.0
64.0;543.0;3745.4;0.0
102.2;259.3;2577.7;0.0
69.8;259.3;534.8;0.0
75.0;259.3;415.6;0.0
62.6;259.3;608.8;0.0
106.0;259.3;729.8;0.0
96.5;259.3;646.8;0.0
63.2;259.3;406.0;0.0
59.9;259.3;497.2;0.0
103.9;259.3;398.8;0.0
49.9;259.3;686.6;0.0
59.0;259.3;759.4;0.0
94.0;259.3;652.8;0.0
58.6;259.3;808.6;0.0
118.0;259.3;684.8;0.0
68.9;259.3;594.2;0.0
113.4;259.3;515.0;0.0
55.1;259.3;436.8;0.0
59.2;259.3;394.6;0.0
95.0;259.3;367.6;0.0
83.2;259.3;909.4;0.0
49.9;259.3;798.8;0.0
84.7;259.3;798.0;0.0
82.2;259.3;917.4;0.0
105.0;259.3;444.0;0.0
59.7;259.3;1430.6;0.0
49.6;259.3;890.4;0.0
90.8;576.3;1194.8;0.0
49.6;576.3;3767.2;2600.0
58.9;576.3;3963.0;2560.0
50.0;576.3;4072.4;640.0
59.6;259.3;4148.4;400.0
50.0;259.3;348.9;0.0
54.5;259.3;346.3;0.0
45.0;259.3;381.4;0.0
