97.8;100.5;69.5;0.0
92.0;132.6;113.0;0.0
125.9;138.3;79.2;0.0
67.0;157.1;40.4;0.0
75.0;158.3;0.0;0.0
97.7;180.3;42.0;0.0
356.0;160.3;104.2;0.0
259.9;161.5;139.7;0.0
49.9;161.6;0.0;0.0
95.0;161.6;0.0;0.0
79.5;161.6;0.0;0.0
58.6;161.6;0.0;0.0
55.4;161.6;0.0;0.0
66.5;161.6;0.0;0.0
49.4;161.6;0.0;0.0
56.9;161.6;0.0;0.0
82.7;161.6;0.0;0.0
72.0;161.6;0.0;0.0
75.0;161.6;0.0;0.0
63.0;161.6;0.0;0.0
50.0;161.6;0.0;0.0
48.8;161.6;0.0;0.0
51.1;161.6;0.0;0.0
71.7;161.6;0.0;0.0
59.0;161.6;0.0;0.0
104.3;161.6;0.0;0.0
151.4;161.6;0.0;0.0
87.8;161.6;0.0;0.0
58.1;161.6;0.0;0.0
146.2;161.6;0.0;0.0
154.0;161.6;0.0;0.0
57.9;161.6;0.0;0.0
79.3;161.6;0.0;0.0
49.0;161.6;0.0;0.0
90.0;161.8;0.0;0.0
63.5;161.8;0.0;0.0
84.0;161.8;0.0;0.0
65.0;161.8;0.0;0.0
49.8;161.8;0.0;0.0
66.0;161.8;0.0;0.0
84.0;161.8;0.0;0.0
49.9;161.8;0.0;0.0
104.9;161.8;0.0;0.0
304.8;184.8;36.0;0.0
258.1;201.8;148.0;0.0
63.0;204.8;2.0;0.0
75.7;449.8;544.0;40.0
60.0;1144.8;90943.0;0.0
156.2;1144.8;36672.0;0.0
57.6;1142.1;37633.1;0.0
404.2;1125.9;38005.7;0.0
176.9;1126.9;2856.4;0.0
65.5;1111.6;3411.1;0.0
58.5;1111.6;3337.0;0.0
127.8;1040.5;3512.5;88.0
96.0;921.7;4685.5;0.0
67.0;894.7;3850.0;0.0
83.0;877.6;4228.0;0.0
74.0;838.0;4070.0;0.0
115.9;555.4;6444.5;0.0
288.6;555.4;1686.8;0.0
230.9;555.4;4230.5;0.0
239.7;555.4;5123.7;0.0
66.4;639.6;22475.9;0.0
85.3;583.3;46284.0;2600.0
96.2;583.3;3058.9;2880.0
87.4;259.3;6521.2;720.0
71.1;930.3;10676.6;0.0
51.0;259.3;408.6;0.0
48.9;259.3;362.6;0.0
44.0;259.3;352.0;0.0
52.7;259.3;1285.4;0.0
46.6;259.3;370.6;0.0
50.5;259.3;3563.8;0.0
45.9;259.3;661.2;0.0
50.0;259.3;3052.4;0.0
0.0;290.6;3749.9;0.0
203.9;266.0;2.1;612.0
48.7;192.3;0.0;0.0
