117.5;247.7;568.0;0.0
196.5;209.8;660.8;0.0
253.8;302.5;248.2;0.0
71.5;157.8;425.4;0.0
88.9;158.7;42.0;0.0
179.0;160.2;96.1;0.0
272.9;161.5;152.9;0.0
49.9;161.6;0.0;0.0
56.1;161.6;0.0;0.0
50.0;161.6;14.0;0.0
339.6;181.6;32.0;0.0
114.0;199.6;136.0;0.0
81.4;224.6;157.0;40.0
49.7;411.6;385.0;0.0
85.4;449.6;0.0;0.0
133.0;484.6;0.0;0.0
106.6;822.6;8719.0;0.0
50.0;822.6;14193.0;0.0
69.4;823.6;15345.0;0.0
50.0;823.6;19586.0;0.0
50.0;823.6;15793.0;0.0
68.5;827.6;13248.0;0.0
60.7;1140.6;845.0;0.0
57.0;1140.6;3990.0;0.0
58.0;1140.6;4528.0;0.0
74.9;1140.6;4854.0;0.0
59.0;1140.6;15522.0;0.0
49.9;1137.9;37302.0;0.0
66.7;1137.9;3316.0;0.0
86.8;1137.9;3926.0;0.0
89.9;1137.9;3675.0;0.0
66.8;1137.9;4059.0;0.0
55.4;1137.9;4164.0;0.0
60.5;1137.9;3992.0;0.0
59.8;1137.9;3586.0;0.0
61.0;1137.9;3933.0;0.0
65.0;1137.9;4297.0;0.0
54.3;1137.9;3587.0;0.0
64.6;1137.9;4009.0;0.0
77.1;1137.9;3696.0;0.0
82.2;1137.9;4292.0;0.0
65.0;1138.9;4726.0;0.0
58.0;1138.9;3866.0;0.0
104.9;1138.9;3770.0;0.0
65.4;1138.9;4514.0;0.0
69.6;1138.9;5880.0;0.0
49.5;1138.9;4354.0;0.0
86.5;1138.9;4752.0;0.0
49.5;1131.7;3962.1;0.0
475.5;1120.0;3676.5;0.0
75.5;1106.5;4211.2;0.0
60.7;1102.9;4239.0;0.0
60.0;1415.9;3716.0;0.0
60.0;1245.2;562.0;3168.0
68.2;1224.5;5.2;2560.0
50.0;883.6;3.0;360.0
50.8;194.9;0.0;0.0
50.0;227.5;730.4;0.0
49.0;227.5;1411.1;0.0
49.5;227.7;1398.0;0.0
49.9;227.7;1400.5;0.0
52.5;227.7;1464.0;0.0
50.0;227.7;1407.9;0.0
49.9;228.0;875.1;0.0
50.0;259.3;68.3;0.0
48.2;259.3;357.6;0.0
50.0;259.3;353.0;0.0
50.0;259.3;345.2;0.0
50.0;259.3;338.2;0.0
50.0;259.3;344.2;0.0
49.9;259.3;301.8;0.0
54.7;259.3;346.2;0.0
45.0;259.3;358.2;0.0
50.0;259.3;334.8;0.0
50.0;259.3;350.7;0.0
50.0;259.3;352.3;0.0
49.0;259.3;353.0;0.0
49.5;259.3;349.6;0.0
50.0;259.3;350.4;0.0
53.4;259.3;421.8;0.0
50.0;259.3;369.8;0.0
50.0;259.3;356.6;0.0
51.1;259.3;391.1;0.0
52.6;259.3;374.5;0.0
45.0;259.3;361.2;0.0
48.7;259.3;347.0;0.0
50.0;259.3;363.0;0.0
52.6;259.3;379.8;0.0
49.5;259.3;367.4;0.0
48.6;259.3;359.8;0.0
50.0;259.3;346.0;0.0
54.6;259.3;361.8;0.0
47.5;259.3;367.0;0.0
48.1;259.3;386.2;0.0
50.0;259.3;380.6;0.0
50.0;259.3;358.2;0.0
50.0;259.3;352.8;0.0
52.5;259.4;410.7;0.0
49.0;259.4;378.5;0.0
50.0;259.4;376.8;0.0
