101.0;320.1;292.4;0.0
95.0;224.6;320.0;0.0
398.9;393.0;169.1;0.0
481.1;358.4;383.6;0.0
50.0;280.0;188.1;0.0
104.0;175.6;290.2;0.0
251.0;158.7;94.0;0.0
208.7;160.6;44.2;0.0
320.9;160.6;149.6;0.0
104.9;161.9;13.2;0.0
56.5;161.9;0.0;0.0
49.8;161.9;0.0;0.0
58.0;161.9;0.0;0.0
84.0;161.9;0.0;0.0
50.0;161.9;0.0;0.0
62.5;161.9;0.0;0.0
50.0;161.9;0.0;0.0
66.0;161.9;0.0;0.0
74.0;161.9;0.0;0.0
80.8;161.9;0.0;0.0
49.5;161.9;0.0;0.0
55.4;161.9;0.0;0.0
95.0;161.9;0.0;0.0
72.0;161.9;0.0;0.0
60.0;161.9;0.0;0.0
50.0;161.9;0.0;0.0
49.7;161.9;0.0;0.0
62.7;161.9;0.0;0.0
102.1;161.9;0.0;0.0
105.5;161.9;0.0;0.0
50.0;161.9;0.0;0.0
81.0;161.9;0.0;0.0
104.5;161.9;0.0;0.0
96.5;161.9;0.0;0.0
78.7;161.9;0.0;0.0
88.1;162.2;0.0;0.0
54.4;162.2;0.0;0.0
55.0;162.2;0.0;0.0
50.0;162.2;0.0;0.0
87.5;162.2;0.0;0.0
89.0;162.2;0.0;0.0
48.5;162.2;0.0;0.0
103.7;162.2;0.0;0.0
57.7;162.2;0.0;0.0
58.1;162.2;0.0;0.0
88.0;162.2;0.0;0.0
49.8;162.2;0.0;0.0
65.0;162.2;0.0;0.0
299.0;180.2;74.0;0.0
103.5;201.2;110.0;40.0
94.4;406.2;527.0;0.0
93.5;818.2;52854.0;0.0
108.9;1125.3;57128.5;0.0
415.2;1115.4;36822.2;0.0
63.9;1101.9;36845.2;0.0
63.5;1099.2;38052.0;0.0
50.0;1412.2;33931.0;0.0
145.0;1227.9;574.1;3168.0
62.0;905.1;11.0;2920.0
132.5;192.1;0.0;0.0
50.0;196.4;0.0;0.0
49.1;227.9;1239.9;0.0
54.9;227.9;1324.7;0.0
45.0;228.1;1360.6;0.0
50.9;228.1;1484.5;0.0
51.0;228.1;1477.6;0.0
53.5;228.1;1331.2;0.0
44.5;228.7;438.7;0.0
50.0;259.7;156.7;0.0
49.1;259.7;326.8;0.0
49.9;259.7;349.9;0.0
50.0;259.7;333.0;0.0
50.0;259.7;327.9;0.0
50.0;259.7;324.8;0.0
54.9;259.7;331.1;0.0
44.6;259.7;336.3;0.0
49.6;259.7;388.0;0.0
55.0;259.7;332.4;0.0
50.0;259.7;335.1;0.0
47.9;259.7;367.9;0.0
50.0;259.7;321.2;0.0
49.2;259.7;343.8;0.0
50.0;259.7;340.0;0.0
49.8;259.7;358.1;0.0
52.5;259.7;381.9;0.0
49.0;259.7;373.4;0.0
50.0;259.7;346.4;0.0
50.0;259.7;343.9;0.0
49.5;259.7;352.6;0.0
54.7;259.7;348.7;0.0
45.0;259.7;324.0;0.0
53.9;259.7;367.2;0.0
49.3;259.7;357.1;0.0
50.0;259.7;334.1;0.0
55.0;259.7;341.2;0.0
50.0;259.7;330.4;0.0
50.0;259.7;340.4;0.0
46.8;259.7;384.6;0.0
50.0;259.7;346.4;0.0
48.8;259.7;349.8;0.0
