154.9;114.2;174.6;0.0
109.8;204.9;612.1;0.0
245.4;428.5;121.7;0.0
104.4;338.6;277.8;0.0
94.0;181.3;363.2;0.0
337.9;188.5;138.6;0.0
49.9;161.6;23.0;0.0
409.7;161.6;157.0;0.0
74.0;161.6;0.0;0.0
61.2;161.6;0.0;0.0
50.0;161.6;0.0;0.0
59.9;161.6;0.0;0.0
49.8;161.6;1.0;0.0
281.0;181.6;27.0;0.0
180.0;199.6;147.0;0.0
66.9;210.6;13.0;40.0
53.5;421.6;529.0;0.0
95.1;1136.6;89335.0;0.0
49.9;1136.6;36572.0;0.0
71.5;1136.6;2758.0;0.0
72.0;1136.6;4888.0;0.0
49.7;1136.6;3755.0;0.0
78.6;1136.6;4512.0;0.0
60.0;1136.6;4051.0;0.0
50.0;1140.6;3604.0;0.0
65.1;1140.6;3898.0;0.0
69.5;1140.6;3928.0;0.0
63.2;1140.6;4470.0;0.0
71.0;1140.6;5396.0;0.0
60.7;1140.6;4640.0;0.0
53.5;1140.6;4668.0;0.0
87.2;1138.8;5331.0;0.0
56.0;1138.8;4510.0;0.0
79.5;1138.8;5321.0;0.0
69.2;1138.8;4758.0;0.0
112.9;1138.8;3848.0;0.0
121.3;1138.8;4552.0;0.0
61.4;1138.8;4028.0;0.0
71.5;1138.8;6906.0;0.0
69.1;1138.8;3711.0;0.0
65.9;1138.8;4805.0;0.0
60.9;1138.8;4224.0;0.0
84.8;1138.8;3974.0;0.0
49.9;1138.8;3831.0;0.0
71.0;1138.8;4163.0;0.0
75.9;1138.8;5899.0;0.0
58.0;1138.8;4083.0;0.0
55.0;1449.1;4897.0;0.0
436.8;1438.6;20.8;3240.0
57.8;1422.4;154.6;1920.0
108.2;1115.8;5.0;960.0
73.9;446.5;160.6;88.0
50.0;186.7;38.5;0.0
50.0;189.7;0.0;0.0
51.8;193.0;0.0;0.0
49.6;227.2;218.5;0.0
49.1;227.5;1571.5;0.0
49.9;227.7;1407.8;0.0
48.9;227.7;1437.9;0.0
49.8;227.7;1400.3;0.0
50.0;227.7;1390.5;0.0
50.0;227.7;1261.7;0.0
54.6;258.9;0.0;0.0
47.4;259.3;389.1;0.0
49.9;259.3;350.4;0.0
52.0;259.3;374.0;0.0
50.4;259.3;366.6;0.0
47.8;259.3;353.6;0.0
49.4;259.3;347.8;0.0
51.9;259.3;378.6;0.0
50.0;259.3;339.2;0.0
50.0;259.3;343.4;0.0
51.2;259.3;414.6;0.0
49.7;259.3;368.6;0.0
48.3;259.3;354.6;0.0
49.9;259.3;341.8;0.0
49.7;259.3;375.6;0.0
49.0;259.3;412.8;0.0
49.8;259.3;361.8;0.0
53.2;259.3;376.4;0.0
49.1;259.3;379.0;0.0
50.0;259.3;364.4;0.0
50.0;259.3;357.6;0.0
49.9;259.3;330.4;0.0
50.0;259.3;373.6;0.0
52.4;259.3;386.6;0.0
50.0;259.3;343.2;0.0
50.0;259.3;351.8;0.0
49.8;259.3;352.4;0.0
48.6;259.3;365.6;0.0
49.2;259.3;374.6;0.0
50.0;259.3;358.0;0.0
53.1;259.3;396.5;0.0
47.0;259.3;419.3;0.0
49.8;259.3;383.0;0.0
49.9;259.4;369.9;0.0
49.1;259.4;381.7;0.0
53.4;259.4;388.4;0.0
49.5;259.4;380.4;0.0
48.0;259.4;441.6;0.0
