82.0;100.0;117.1;0.0
99.5;132.9;131.1;0.0
173.2;139.4;55.1;0.0
69.9;157.5;40.4;0.0
79.7;158.1;0.0;0.0
149.8;159.9;2.0;0.0
129.9;159.9;0.0;0.0
0.0;159.9;0.0;0.0
0.0;159.9;0.0;0.0
0.0;159.9;0.0;0.0
0.0;159.9;0.0;0.0
0.0;159.9;0.0;0.0
0.0;159.9;0.0;0.0
0.0;159.9;0.0;0.0
0.0;159.9;0.0;0.0
0.0;159.9;0.0;0.0
0.0;159.9;0.0;0.0
0.0;159.9;0.0;0.0
0.0;159.9;0.0;0.0
0.0;159.9;0.0;0.0
0.0;159.9;0.0;0.0
0.0;159.9;0.0;0.0
0.0;159.9;0.0;0.0
0.0;159.9;0.0;0.0
0.0;159.9;0.0;0.0
0.0;159.9;0.0;0.0
0.0;159.9;0.0;0.0
0.0;159.9;0.0;0.0
0.0;159.9;0.0;0.0
0.0;159.9;0.0;0.0
0.0;159.9;0.0;0.0
0.0;159.9;0.0;0.0
0.0;159.9;0.0;0.0
0.0;159.9;0.0;0.0
0.0;159.9;0.0;0.0
0.0;159.9;0.0;0.0
0.0;159.9;0.0;0.0
0.0;159.9;0.0;0.0
0.0;159.9;0.0;0.0
0.0;159.9;0.0;0.0
0.0;159.9;0.0;0.0
0.0;159.9;0.0;0.0
0.0;159.9;0.0;0.0
0.0;159.9;0.0;0.0
0.0;159.9;0.0;0.0
0.0;159.9;0.0;0.0
0.0;159.9;0.0;0.0
0.0;159.9;0.0;0.0
0.0;159.9;0.0;0.0
0.0;159.9;0.0;0.0
0.0;159.9;0.0;0.0
0.0;159.9;0.0;0.0
0.0;159.9;0.0;0.0
0.0;159.9;0.0;0.0
0.0;159.9;0.0;0.0
0.0;159.9;22.0;0.0
249.0;176.9;134.0;0.0
500.0;176.9;0.0;0.0
476.0;176.9;0.0;0.0
500.0;176.9;0.0;0.0
493.0;176.9;0.0;0.0
514.0;176.9;0.0;0.0
520.0;176.9;0.0;0.0
472.0;176.9;0.0;0.0
500.0;176.9;0.0;0.0
515.0;179.9;0.0;0.0
500.0;179.9;0.0;0.0
509.0;179.9;0.0;0.0
470.0;179.9;0.0;0.0
541.0;179.9;0.0;0.0
494.0;179.9;0.0;0.0
500.0;179.9;0.0;0.0
495.0;179.9;0.0;0.0
488.0;179.9;0.0;0.0
544.0;179.9;0.0;0.0
494.0;179.9;0.0;0.0
500.0;179.9;0.0;0.0
476.0;179.9;0.0;0.0
500.0;179.9;0.0;0.0
500.0;179.9;0.0;0.0
500.0;179.9;0.0;0.0
522.0;179.9;0.0;0.0
500.0;179.9;0.0;0.0
482.0;179.9;0.0;0.0
495.0;179.9;0.0;0.0
500.0;179.9;0.0;0.0
544.0;179.9;0.0;0.0
450.0;179.9;0.0;0.0
544.0;179.9;0.0;0.0
494.0;179.9;0.0;0.0
496.0;179.9;0.0;0.0
480.0;179.9;0.0;0.0
528.0;179.9;0.0;0.0
500.0;179.9;0.0;0.0
497.0;179.9;0.0;0.0
500.0;179.9;0.0;0.0
491.0;179.9;0.0;0.0
584.0;195.9;27.0;0.0
649.0;197.9;0.0;0.0
0.0;197.9;0.0;0.0
