153.9;224.7;269.6;0.0
140.9;188.6;258.0;0.0
363.9;307.1;247.1;0.0
387.8;323.3;138.3;0.0
77.2;174.9;444.4;0.0
70.0;175.7;20.0;0.0
299.9;158.9;96.0;0.0
200.0;160.5;27.1;0.0
318.9;161.8;148.5;0.0
50.0;161.8;0.0;0.0
75.0;161.8;0.0;0.0
53.5;161.8;0.0;0.0
55.1;161.8;0.0;0.0
62.6;161.8;0.0;0.0
69.7;161.8;0.0;0.0
56.6;161.8;0.0;0.0
49.9;161.8;0.0;0.0
99.0;161.8;0.0;0.0
83.1;161.8;0.0;0.0
77.4;161.8;0.0;0.0
50.0;161.8;0.0;0.0
50.0;161.8;0.0;0.0
70.0;161.8;0.0;0.0
79.0;161.8;0.0;0.0
64.3;161.8;0.0;0.0
50.0;161.8;0.0;0.0
66.0;161.8;0.0;0.0
121.4;161.8;0.0;0.0
55.0;161.8;0.0;0.0
102.6;161.8;0.0;0.0
49.6;161.8;0.0;0.0
66.2;161.8;0.0;0.0
74.0;161.8;0.0;0.0
56.4;161.8;0.0;0.0
86.3;162.0;0.0;0.0
61.0;162.0;0.0;0.0
93.2;162.0;0.0;0.0
88.0;162.0;0.0;0.0
50.0;162.0;0.0;0.0
56.5;162.0;0.0;0.0
80.2;162.0;0.0;0.0
79.9;162.0;0.0;0.0
86.0;162.0;0.0;0.0
76.8;162.0;0.0;0.0
73.7;162.0;0.0;0.0
66.0;162.0;0.0;0.0
100.4;162.0;0.0;0.0
313.0;185.0;28.0;0.0
307.0;187.0;158.0;0.0
130.6;202.0;1.0;0.0
85.0;414.0;547.0;40.0
49.8;826.0;44888.0;0.0
59.8;1139.3;63813.0;0.0
348.2;1124.9;37220.8;0.0
142.4;1114.1;37349.2;0.0
91.8;1108.8;38756.0;0.0
117.6;1420.0;34041.0;0.0
84.4;1236.6;575.0;2528.0
79.3;1191.6;8.0;2560.0
58.4;864.9;43981.5;640.0
64.0;852.6;71398.0;160.0
50.1;259.6;3418.8;0.0
49.9;259.6;349.2;0.0
50.0;259.6;321.4;0.0
50.0;259.6;293.4;0.0
50.0;259.6;336.0;0.0
49.6;259.6;337.8;0.0
50.0;259.6;324.1;0.0
49.4;259.6;300.9;0.0
49.4;259.6;336.0;0.0
52.8;259.6;289.5;0.0
44.8;259.6;262.6;0.0
28.9;259.6;221.7;0.0
39.9;259.6;207.6;0.0
48.4;259.6;203.8;0.0
44.3;259.6;260.8;0.0
43.7;259.6;320.0;0.0
49.9;259.6;1266.7;0.0
48.8;259.6;404.5;0.0
52.5;259.6;447.0;0.0
43.8;259.6;374.6;0.0
49.9;259.6;349.0;0.0
49.4;259.6;675.0;0.0
34.8;259.6;240.0;0.0
43.8;259.6;509.6;0.0
35.0;259.6;185.6;0.0
43.2;259.6;261.6;0.0
33.7;259.6;225.2;0.0
43.9;259.6;341.7;0.0
54.0;259.6;333.0;0.0
44.2;259.6;322.0;0.0
49.2;259.6;410.1;0.0
44.2;259.6;415.7;0.0
54.0;259.6;399.1;0.0
44.1;291.1;140.9;132.0
49.0;291.1;1.0;320.0
44.5;291.1;0.4;128.0
49.0;260.8;0.3;28.0
46.9;198.8;0.0;0.0
