50.0;161.8;0.0;0.0
50.5;162.1;0.0;0.0
49.6;162.1;0.0;0.0
0.0;162.9;2.3;0.0
1428.6;164.0;6.3;0.0
274.6;165.8;13.7;0.0
56.0;166.0;148.0;40.0
64.9;348.3;313.6;88.0
64.0;219.9;497.2;0.0
68.0;235.8;0.0;0.0
58.9;545.1;3771.0;0.0
59.0;512.7;14616.0;0.0
94.0;227.8;6239.7;0.0
94.0;228.0;2173.0;0.0
74.0;228.2;2763.5;0.0
71.6;228.2;1448.1;0.0
65.0;228.2;4858.2;0.0
62.1;539.2;15615.6;0.0
50.0;536.5;4840.1;0.0
62.9;259.4;2836.5;0.0
50.0;259.4;603.2;0.0
57.0;259.4;445.0;0.0
49.9;259.4;339.0;0.0
59.0;259.4;490.0;0.0
105.0;259.4;432.9;0.0
67.5;259.4;895.4;0.0
50.0;259.4;334.1;0.0
83.2;259.4;774.4;0.0
65.1;259.4;417.2;0.0
73.0;259.4;378.6;0.0
50.0;259.4;388.4;0.0
49.3;259.4;753.6;0.0
64.9;259.4;1556.4;0.0
78.3;259.4;953.7;0.0
49.9;259.4;795.7;0.0
61.0;259.4;742.8;0.0
60.6;259.4;556.0;0.0
63.3;259.4;347.0;0.0
62.2;259.8;681.6;0.0
78.6;259.8;357.0;0.0
48.5;259.8;1025.2;0.0
56.2;259.8;736.4;0.0
91.8;259.8;624.8;0.0
49.8;259.8;505.6;0.0
50.0;259.8;474.4;0.0
49.9;259.8;722.8;0.0
86.0;259.8;843.8;0.0
50.0;259.8;585.8;0.0
77.9;259.8;1053.4;0.0
58.0;259.8;547.4;0.0
84.8;259.8;497.8;0.0
49.4;259.8;477.6;0.0
99.5;259.8;370.2;0.0
59.0;259.8;381.7;0.0
82.1;259.8;665.7;0.0
101.5;259.8;1002.6;0.0
59.0;259.8;682.4;0.0
49.0;259.8;1277.4;0.0
74.8;259.8;1501.8;0.0
69.8;259.8;476.5;0.0
79.2;259.8;808.1;0.0
103.1;259.8;685.8;0.0
58.0;259.8;907.2;0.0
49.9;569.8;3299.8;1320.0
49.9;569.8;3932.4;3200.0
57.2;569.8;4292.6;1280.0
88.0;259.8;4331.0;240.0
49.5;267.2;401.7;0.0
49.6;291.4;2.4;196.0
50.0;291.4;1.0;320.0
49.6;291.4;0.2;64.0
49.5;261.1;0.3;32.0
54.2;192.1;0.0;0.0
