64.2;269.4;1025.2;0.0
268.0;517.4;99.9;0.0
450.8;384.9;586.8;0.0
97.2;225.3;423.6;0.0
467.9;192.3;109.7;0.0
71.9;196.3;0.0;0.0
47.9;181.0;46.2;0.0
210.0;161.5;141.9;0.0
71.0;161.5;0.0;0.0
81.9;161.5;0.0;0.0
55.0;161.5;0.0;0.0
61.5;161.5;8.0;0.0
432.9;191.5;20.0;0.0
195.5;206.5;165.0;0.0
73.9;211.5;0.0;0.0
94.4;419.5;536.0;40.0
49.8;438.5;0.0;0.0
56.2;470.5;0.0;0.0
104.0;512.5;0.0;0.0
81.5;830.5;10953.0;0.0
65.6;830.5;18212.0;0.0
47.8;831.5;17526.0;0.0
64.9;831.5;15472.0;0.0
86.4;831.5;14493.0;0.0
70.8;834.5;10070.0;0.0
93.4;1147.5;1567.0;0.0
99.1;1147.5;3584.0;0.0
100.4;1147.5;5566.0;0.0
57.9;1147.5;3334.0;0.0
57.0;1147.5;3970.0;0.0
90.0;1147.5;3802.0;0.0
104.2;1144.8;4226.0;0.0
71.0;1144.8;3690.0;0.0
56.0;1144.8;3534.0;0.0
49.9;1144.8;3396.0;0.0
77.8;1144.8;4221.0;0.0
68.9;1144.8;3603.0;0.0
78.4;1144.8;3796.0;0.0
66.0;1144.8;4718.0;0.0
54.7;1144.8;4081.0;0.0
106.6;1144.8;4353.0;0.0
75.0;1144.8;5705.0;0.0
49.1;1144.8;4060.0;0.0
49.8;1144.8;3435.0;0.0
64.3;1144.8;3398.0;0.0
59.3;1144.8;3858.0;0.0
53.5;1144.8;4232.0;0.0
58.2;1143.0;3858.0;0.0
373.2;1127.7;4402.6;0.0
200.3;1110.6;3453.5;0.0
76.4;1107.0;3728.0;0.0
105.8;921.6;3071.6;88.0
58.0;882.0;3783.0;0.0
68.4;594.0;4373.0;0.0
50.4;259.5;93645.7;0.0
50.2;259.5;34515.8;0.0
116.6;259.5;699.0;0.0
51.1;259.5;31443.0;0.0
58.7;259.5;35135.6;0.0
50.0;259.7;36940.0;0.0
76.1;599.0;17166.1;0.0
64.2;601.2;4051.0;3564.0
60.0;260.9;5594.1;3124.0
70.4;876.7;5667.0;0.0
