93.9;99.1;92.6;0.0
50.0;148.8;209.9;0.0
139.9;178.0;182.4;0.0
50.0;222.2;103.4;0.0
47.9;158.3;130.9;0.0
128.3;180.3;20.0;0.0
388.5;160.1;120.3;0.0
355.0;161.2;153.6;0.0
88.0;161.5;0.0;0.0
50.0;161.5;0.0;0.0
50.0;161.5;0.0;0.0
84.0;161.5;0.0;0.0
49.8;161.5;0.0;0.0
49.9;161.5;0.0;0.0
50.0;161.5;0.0;0.0
62.1;161.5;0.0;0.0
49.8;161.5;0.0;0.0
54.9;161.5;0.0;0.0
63.9;161.5;0.0;0.0
49.9;161.5;0.0;0.0
66.0;161.5;0.0;0.0
89.5;161.5;0.0;0.0
49.5;161.5;0.0;0.0
85.1;161.5;0.0;0.0
100.6;161.5;0.0;0.0
81.9;161.5;0.0;0.0
82.4;161.5;0.0;0.0
116.0;161.5;0.0;0.0
49.4;161.5;0.0;0.0
49.6;161.5;0.0;0.0
102.9;161.5;0.0;0.0
49.5;161.8;0.0;0.0
50.0;161.8;0.0;0.0
62.1;161.8;0.0;0.0
66.0;161.8;0.0;0.0
63.0;161.8;0.0;0.0
50.0;161.8;0.0;0.0
64.4;161.8;0.0;0.0
55.4;161.8;0.0;0.0
57.8;161.8;0.0;0.0
50.0;161.8;0.0;0.0
49.8;161.8;0.0;0.0
49.0;161.8;0.0;0.0
62.0;161.8;0.0;0.0
68.7;161.8;0.0;0.0
50.0;161.8;0.0;0.0
63.5;161.8;0.0;0.0
94.0;161.8;0.0;0.0
358.0;184.8;50.0;0.0
56.0;201.8;129.0;0.0
50.0;249.8;144.0;40.0
67.8;404.9;362.5;0.0
438.8;424.9;23.1;0.0
77.5;441.5;136.4;0.0
104.0;784.7;1320.0;0.0
153.9;775.1;14171.6;88.0
108.1;601.4;13854.7;0.0
55.0;589.8;13885.0;0.0
70.0;555.6;14817.0;0.0
49.6;523.2;14253.0;0.0
76.1;227.5;6824.3;0.0
55.8;548.5;13846.7;0.0
50.0;545.8;11235.7;0.0
49.5;545.8;11469.0;0.0
58.0;545.8;11173.0;0.0
57.4;545.8;11507.0;0.0
90.0;545.8;9524.8;0.0
107.0;540.4;3415.7;0.0
94.4;259.4;1181.9;0.0
68.7;259.4;965.8;0.0
101.0;259.4;1367.2;0.0
49.9;259.4;546.0;0.0
110.8;259.4;853.6;0.0
50.0;259.4;474.0;0.0
95.0;259.4;758.2;0.0
67.5;259.4;447.0;0.0
73.0;259.4;1001.2;0.0
119.2;259.4;1020.2;0.0
49.5;259.4;610.0;0.0
50.0;259.4;865.0;0.0
71.0;259.4;765.2;0.0
120.0;259.4;789.6;0.0
49.5;259.4;403.6;0.0
49.8;259.4;1145.2;0.0
50.2;259.4;445.4;0.0
80.0;259.4;712.4;0.0
62.5;259.4;694.6;0.0
55.0;259.4;554.4;0.0
120.0;259.4;584.4;0.0
47.0;259.4;1013.5;0.0
49.6;259.4;924.9;0.0
98.7;259.4;466.4;0.0
49.8;259.4;441.6;0.0
72.9;259.4;842.8;0.0
50.0;259.4;742.8;0.0
91.1;259.4;870.0;0.0
50.0;259.4;815.2;0.0
105.4;259.4;631.6;0.0
95.9;259.4;587.0;0.0
72.8;259.4;1056.0;0.0
