104.9;140.0;218.2;0.0
146.0;217.0;192.4;0.0
273.0;283.8;132.9;0.0
279.9;355.4;60.2;0.0
49.8;259.4;269.5;0.0
120.0;182.0;165.0;0.0
403.8;181.1;132.0;0.0
204.5;177.9;3.0;0.0
271.9;177.9;25.3;0.0
342.6;160.9;154.0;0.0
67.6;161.3;0.0;0.0
54.9;161.3;0.0;0.0
70.9;161.3;7.0;0.0
233.6;187.3;40.0;0.0
157.0;203.5;139.0;0.0
64.0;225.5;155.0;40.0
494.0;408.3;384.1;0.0
1917.7;423.6;50.6;0.0
83.5;439.5;145.2;0.0
46.2;599.3;579.1;88.0
66.2;557.4;13965.0;0.0
50.0;571.2;86923.9;0.0
91.5;570.2;24389.9;0.0
85.5;570.2;24463.3;0.0
50.0;570.2;24737.4;0.0
57.5;571.3;29182.2;0.0
56.2;685.6;20346.7;0.0
56.8;600.8;3127.8;2860.0
50.0;260.6;3418.3;3872.0
99.0;873.6;3710.0;0.0
