67.1;265.7;967.8;0.0
194.9;532.6;114.1;0.0
123.3;350.5;537.5;0.0
59.9;160.0;366.2;0.0
314.7;182.0;143.0;0.0
55.0;161.4;23.0;0.0
402.0;161.4;156.0;0.0
50.0;161.4;0.0;0.0
50.0;161.4;0.0;0.0
50.0;161.4;0.0;0.0
65.0;161.4;0.0;0.0
85.5;161.4;0.0;0.0
50.0;161.4;0.0;0.0
62.6;161.4;0.0;0.0
101.7;161.4;0.0;0.0
63.4;161.4;0.0;0.0
58.4;161.4;0.0;0.0
60.0;161.4;0.0;0.0
93.0;161.4;0.0;0.0
63.8;161.4;0.0;0.0
50.0;161.4;0.0;0.0
49.8;161.4;0.0;0.0
49.2;161.4;0.0;0.0
56.8;161.4;0.0;0.0
100.0;161.4;0.0;0.0
50.0;161.4;0.0;0.0
49.8;161.4;0.0;0.0
50.0;161.4;0.0;0.0
86.0;161.4;0.0;0.0
49.6;161.6;0.0;0.0
50.0;161.6;0.0;0.0
62.6;161.6;0.0;0.0
62.0;161.6;0.0;0.0
76.4;161.6;0.0;0.0
49.5;161.6;0.0;0.0
61.5;161.6;0.0;0.0
77.0;161.6;0.0;0.0
60.9;161.6;0.0;0.0
56.2;161.6;0.0;0.0
91.8;161.6;0.0;0.0
50.0;161.6;0.0;0.0
71.5;161.6;0.0;0.0
50.0;161.6;0.0;0.0
56.2;161.6;0.0;0.0
95.2;161.6;0.0;0.0
100.9;161.6;0.0;0.0
48.3;161.9;0.0;0.0
69.3;163.4;2.8;0.0
419.9;164.9;17.4;0.0
50.0;165.3;0.0;0.0
70.9;366.3;510.0;40.0
71.0;217.8;572.9;88.0
55.4;230.6;0.0;0.0
128.1;194.6;0.0;0.0
96.2;227.4;17249.6;0.0
66.6;569.9;71339.9;0.0
60.0;567.9;25702.5;0.0
50.0;573.4;26772.3;0.0
70.1;573.4;8726.4;0.0
106.8;573.4;11286.8;0.0
64.6;568.5;25338.6;0.0
70.5;259.5;42211.5;0.0
99.8;604.0;2080.2;1452.0
77.2;260.7;4198.7;5324.0
