44.8;116.0;158.2;0.0
50.0;176.9;150.5;0.0
138.5;176.8;184.2;0.0
123.0;265.6;206.9;0.0
87.8;158.8;257.4;0.0
122.0;175.8;22.0;0.0
415.9;160.6;123.3;0.0
89.4;161.9;155.8;0.0
49.6;161.9;0.0;0.0
62.6;162.1;0.0;0.0
74.5;162.1;0.0;0.0
55.4;162.8;14.3;0.0
527.3;185.2;37.4;0.0
55.5;201.7;144.1;0.0
87.8;203.9;0.0;0.0
92.9;206.1;0.0;0.0
95.0;376.6;189.2;88.0
49.9;440.4;403.7;0.0
59.9;483.3;0.0;0.0
94.2;516.3;0.0;0.0
99.5;883.7;5582.5;0.0
70.0;883.7;14890.7;0.0
49.9;885.9;14843.4;0.0
60.8;885.9;14768.6;0.0
105.9;885.9;15429.7;0.0
56.0;885.9;14102.0;0.0
50.0;885.9;14591.5;0.0
49.8;890.5;1192.4;0.0
50.0;1232.6;2423.3;0.0
62.0;1232.6;3603.6;0.0
59.9;1232.6;3746.6;0.0
49.9;1232.6;3456.2;0.0
107.0;1232.6;3456.2;0.0
50.0;1232.6;3663.0;0.0
72.5;1232.6;3493.6;0.0
50.0;1232.6;3557.4;0.0
74.2;1232.6;3863.2;0.0
50.0;1232.6;3657.5;0.0
63.5;1232.6;3863.2;0.0
81.0;1232.6;3767.5;0.0
50.0;1232.6;3656.4;0.0
50.0;1232.6;3652.0;0.0
88.0;1232.6;3843.4;0.0
50.0;1232.6;4078.8;0.0
57.2;1232.6;4048.0;0.0
58.0;1232.6;3807.1;0.0
49.3;1232.6;3961.1;0.0
50.0;1232.6;3825.8;0.0
285.5;1211.6;4090.4;0.0
162.0;1198.6;3704.2;0.0
63.0;1190.6;3577.2;0.0
98.8;983.6;3457.7;40.0
68.0;964.6;4516.6;0.0
99.5;931.6;3708.1;0.0
96.0;884.6;3895.1;0.0
60.1;574.6;9600.3;0.0
61.2;572.6;11135.7;0.0
63.5;570.6;10861.0;0.0
117.6;570.6;11057.5;0.0
50.0;570.6;10908.6;0.0
108.6;570.6;11400.8;0.0
61.0;565.6;1559.4;0.0
70.5;259.7;2113.8;0.0
50.1;259.7;609.0;0.0
50.0;259.7;462.0;0.0
90.1;259.7;425.4;0.0
85.0;259.7;622.4;0.0
58.2;259.7;1112.5;0.0
93.5;259.7;547.5;0.0
50.0;259.7;694.6;0.0
65.3;259.7;567.4;0.0
50.0;259.7;817.7;0.0
64.0;259.7;634.2;0.0
55.0;259.7;890.3;0.0
87.4;259.7;887.6;0.0
50.0;606.2;997.7;0.0
59.0;606.2;3811.0;3564.0
58.0;606.2;3148.6;2112.0
50.0;606.2;3544.2;704.0
50.0;260.9;3537.3;396.0
