50.9;100.0;89.1;0.0
50.0;113.5;91.2;0.0
84.8;138.3;68.4;0.0
45.0;156.0;40.1;0.0
0.0;156.0;2.2;0.0
0.0;156.0;0.0;0.0
0.0;156.0;81.1;0.0
65.0;159.6;84.5;0.0
93.0;161.3;0.0;0.0
66.0;162.6;0.0;0.0
49.0;162.6;0.0;0.0
58.5;162.6;0.0;0.0
58.5;162.6;0.0;0.0
62.8;162.6;0.0;0.0
50.0;162.6;0.0;0.0
73.8;162.6;0.0;0.0
58.0;162.6;0.0;0.0
56.1;163.3;0.0;0.0
159.0;163.7;21.3;0.0
0.0;163.7;18.0;0.0
0.0;163.7;0.0;0.0
114.5;163.8;27.8;0.0
50.0;163.8;0.0;0.0
58.9;163.8;0.0;0.0
49.9;163.8;0.0;0.0
61.5;163.8;0.0;0.0
73.2;164.3;23.1;1408.0
154.0;164.8;232.9;0.0
885.0;204.9;131.1;0.0
252.6;190.5;85.0;0.0
111.7;325.0;545.0;40.0
92.0;955.0;5912.0;0.0
49.4;910.9;2940.3;44.0
60.0;533.3;3246.5;0.0
92.8;250.1;4289.3;0.0
69.0;568.1;2354.4;680.0
49.7;564.5;3221.2;1280.0
49.9;564.5;3714.0;1280.0
106.0;584.8;796.9;108.0
47.0;281.8;0.6;192.0
49.5;281.8;0.4;128.0
49.4;189.6;0.3;8.0
