64.9;189.9;307.8;0.0
70.0;113.8;540.0;0.0
84.9;182.0;92.1;0.0
150.0;172.8;73.1;0.0
0.0;156.4;95.0;0.0
98.0;190.8;56.2;0.0
365.7;191.0;62.7;0.0
78.6;163.0;3.0;0.0
485.1;163.0;89.0;0.0
233.8;180.0;74.0;0.0
508.0;164.1;1.1;0.0
899.9;164.1;29.7;0.0
270.4;164.1;159.5;0.0
66.5;164.1;50.0;0.0
284.3;207.1;350.0;0.0
167.5;219.7;24.0;0.0
125.9;1292.6;17441.1;40.0
688.3;1279.4;3.1;1320.0
81.0;1270.4;11.0;2600.0
55.0;319.4;0.0;0.0
49.9;174.5;7.8;4.0
45.7;191.7;45.1;0.0
44.8;253.2;733.6;0.0
52.0;253.2;634.1;0.0
0.0;284.4;361.1;0.0
86.0;284.7;0.6;196.0
58.5;284.7;0.4;128.0
