122.7;166.4;306.6;0.0
145.0;170.1;114.4;0.0
102.2;196.5;468.9;0.0
205.0;253.6;180.7;0.0
165.0;156.0;183.2;0.0
54.0;191.0;21.0;0.0
66.3;163.2;100.1;0.0
135.0;164.3;3.3;0.0
519.0;164.3;149.6;0.0
166.9;164.4;35.2;0.0
59.6;164.4;0.0;0.0
55.3;164.4;0.0;0.0
88.7;182.9;14.3;0.0
451.0;188.4;325.6;0.0
487.0;195.0;151.8;0.0
377.7;211.8;0.3;0.0
933.9;247.0;93.0;0.0
197.7;252.6;80.0;0.0
49.4;252.6;0.0;0.0
57.6;373.6;173.8;44.0
75.4;763.0;5282.2;0.0
75.5;1442.2;14127.3;0.0
523.6;1445.5;4.4;1452.0
574.2;1111.1;12.1;2860.0
504.9;402.7;0.0;0.0
