110.0;190.8;322.4;0.0
84.0;199.6;252.0;0.0
266.8;237.8;466.6;0.0
363.9;279.4;110.5;0.0
170.0;156.3;245.2;0.0
312.0;221.3;130.0;0.0
450.0;236.7;214.5;0.0
465.9;164.0;45.2;0.0
194.9;164.0;127.2;0.0
277.1;164.1;155.1;0.0
56.2;164.1;0.0;0.0
58.7;164.1;0.0;0.0
87.9;164.1;6.0;0.0
200.0;164.1;94.0;0.0
194.5;207.6;236.0;0.0
480.0;224.1;290.9;0.0
491.5;170.6;91.5;40.0
338.0;328.4;507.0;0.0
65.3;956.4;6381.0;0.0
116.0;956.4;3376.0;0.0
113.0;915.0;3402.5;44.0
58.9;848.5;479.1;0.0
50.0;573.3;4640.2;1320.0
60.0;570.6;3759.1;1280.0
50.0;250.6;3524.0;1360.0
49.8;281.8;272.7;0.0
50.5;281.8;0.4;132.0
50.0;281.8;0.6;192.0
49.0;251.5;0.5;72.0
