60.0;238.4;950.4;0.0
390.8;312.6;410.4;0.0
639.9;311.1;106.4;0.0
383.9;156.1;279.1;0.0
335.0;215.1;103.3;0.0
491.0;227.1;158.4;0.0
319.8;195.7;139.7;0.0
68.0;162.4;0.0;0.0
77.5;163.6;3.3;0.0
459.0;163.6;83.6;0.0
423.0;163.7;91.3;0.0
91.8;163.7;0.0;0.0
73.0;163.7;0.0;0.0
50.0;163.7;3.0;0.0
550.0;163.7;81.0;0.0
301.1;164.2;81.3;0.0
454.0;164.7;313.5;0.0
383.9;203.0;97.9;0.0
204.1;229.4;41.8;0.0
109.0;242.0;11.0;0.0
231.9;243.1;0.0;0.0
492.3;1448.7;19547.0;44.0
245.5;1414.9;310.6;2156.0
458.9;1055.4;33.9;2200.0
138.4;329.9;0.0;0.0
