99.9;128.0;73.4;0.0
111.0;178.2;579.6;0.0
172.8;372.6;139.3;0.0
608.9;255.2;292.2;0.0
115.0;156.2;70.3;0.0
376.0;210.2;138.7;0.0
226.6;161.5;115.5;0.0
49.9;162.7;0.0;0.0
79.0;162.8;0.0;0.0
71.4;162.8;0.0;0.0
58.0;162.8;0.0;0.0
64.5;162.8;0.0;0.0
48.8;162.8;0.0;0.0
71.8;162.8;0.0;0.0
289.5;162.8;4.0;0.0
459.8;162.8;166.0;0.0
148.0;164.4;3.3;0.0
513.0;164.4;99.0;0.0
196.9;164.6;89.1;0.0
153.5;164.6;11.0;0.0
343.9;164.6;222.0;0.0
96.8;198.0;207.3;0.0
406.0;206.5;336.7;0.0
510.5;985.9;11496.4;40.0
418.9;1263.3;6241.0;0.0
383.0;958.9;15.0;3920.0
922.0;313.9;0.0;0.0
49.9;176.1;14.8;4.0
49.6;253.4;1421.6;0.0
48.9;284.4;348.1;0.0
50.2;284.6;0.4;132.0
0.0;254.1;1.1;260.0
129.8;190.7;0.0;0.0
