57.7;138.6;60.8;0.0
114.8;188.7;664.4;0.0
69.2;395.5;158.1;0.0
662.8;296.3;256.7;0.0
273.9;156.2;190.2;0.0
445.0;226.2;156.8;0.0
371.9;203.8;96.0;0.0
533.0;162.6;62.0;0.0
233.4;162.9;105.0;0.0
73.6;163.8;3.3;0.0
468.0;163.8;88.0;0.0
178.9;163.9;48.9;0.0
253.6;207.9;318.0;0.0
570.6;247.9;71.0;0.0
50.0;222.9;0.0;0.0
92.0;1029.9;6542.0;40.0
111.0;1339.4;11264.0;0.0
313.6;1311.7;364.5;3920.0
518.8;358.2;40.7;0.0
73.2;169.7;0.0;0.0
49.5;169.7;0.0;0.0
50.0;169.7;0.0;0.0
49.4;182.0;17.1;4.0
5.3;279.6;1763.6;0.0
244.1;279.6;0.4;132.0
56.5;279.6;0.6;192.0
48.6;249.2;0.5;68.0
