124.1;266.9;703.2;0.0
373.8;388.6;172.8;0.0
254.3;409.5;400.4;0.0
595.0;281.0;270.0;0.0
154.0;156.4;169.8;0.0
269.0;213.3;136.2;0.0
223.6;162.6;88.0;0.0
50.0;162.7;0.0;0.0
94.6;162.7;0.0;0.0
495.5;162.7;23.0;0.0
297.4;162.7;153.0;0.0
54.5;162.7;0.0;0.0
50.0;162.7;0.0;0.0
60.5;162.7;0.0;0.0
54.8;180.7;11.0;0.0
86.7;163.7;122.3;0.0
499.0;206.7;172.4;0.0
253.1;247.8;44.0;0.0
53.6;747.8;512.0;40.0
61.2;1365.3;17264.0;0.0
128.0;1064.3;42.2;3920.0
328.9;384.6;359.7;0.0
91.5;170.3;6.3;0.0
52.6;172.1;0.0;0.0
54.4;172.2;0.0;0.0
44.9;187.3;54.2;4.0
49.8;250.2;597.7;0.0
50.0;250.2;305.2;0.0
49.9;250.6;290.8;0.0
50.0;250.6;323.8;0.0
49.6;281.8;208.3;0.0
50.5;281.8;0.6;196.0
47.3;281.8;0.4;128.0
55.0;251.4;0.5;68.0
