49.6;197.3;323.2;0.0
44.8;204.8;207.4;0.0
153.5;241.6;428.2;0.0
369.9;283.4;147.3;0.0
154.0;156.4;175.4;0.0
106.2;197.0;62.7;0.0
215.0;162.7;96.0;0.0
64.1;163.0;0.0;0.0
76.6;163.0;0.0;0.0
57.2;163.0;0.0;0.0
74.9;163.0;0.0;0.0
74.5;163.0;0.0;0.0
70.0;163.0;0.0;0.0
57.8;163.0;0.0;0.0
110.0;163.0;3.0;0.0
492.8;164.1;77.3;0.0
345.0;164.1;80.0;0.0
231.4;164.1;163.9;0.0
89.9;164.1;0.0;0.0
49.9;164.1;0.0;0.0
143.0;164.7;44.0;0.0
169.9;202.0;310.2;0.0
665.8;199.0;264.4;0.0
162.4;172.0;64.0;0.0
74.0;172.3;0.0;0.0
72.2;172.3;0.0;0.0
94.7;335.8;194.7;44.0
106.0;538.7;5445.4;40.0
72.0;250.4;3704.9;0.0
48.6;250.7;1124.4;0.0
63.0;250.7;612.2;0.0
89.6;281.9;845.5;0.0
100.0;281.9;0.4;132.0
59.9;281.9;0.6;192.0
56.0;251.5;0.5;68.0
