74.5;160.3;107.2;0.0
49.9;165.0;154.4;0.0
153.3;187.4;352.5;0.0
267.0;242.2;160.9;0.0
62.0;156.3;144.6;0.0
0.0;198.7;34.2;0.0
230.0;160.9;72.6;0.0
60.0;162.7;0.0;0.0
113.5;162.9;0.0;0.0
58.0;162.9;0.0;0.0
49.3;162.9;0.0;0.0
61.5;162.9;0.0;0.0
65.9;162.9;0.0;0.0
132.0;162.9;0.0;0.0
105.0;163.4;0.0;0.0
341.2;163.4;4.0;0.0
286.0;164.6;173.3;0.0
423.0;164.6;150.7;0.0
226.2;164.7;19.8;0.0
50.0;164.7;0.0;0.0
70.9;164.7;0.0;0.0
50.0;164.7;31.0;0.0
534.1;195.2;361.1;0.0
381.6;213.2;171.5;0.0
249.2;332.8;333.9;40.0
511.6;954.5;6242.1;0.0
54.0;950.0;3665.0;0.0
49.9;953.0;2914.0;0.0
71.0;933.2;3395.6;44.0
99.1;281.7;18465.1;680.0
70.8;282.0;0.4;172.0
486.0;558.6;6.1;940.0
