55.4;248.7;938.7;0.0
238.9;477.0;104.7;0.0
306.8;308.4;456.1;0.0
278.9;156.5;241.3;0.0
394.0;221.5;161.2;0.0
342.7;195.0;134.5;0.0
556.6;164.2;66.3;0.0
237.0;164.2;68.5;0.0
205.1;164.3;148.5;0.0
88.9;164.3;39.0;0.0
498.9;164.3;298.0;0.0
498.8;231.3;87.0;0.0
93.4;220.7;14.3;0.0
359.9;391.2;226.1;40.0
420.8;972.2;6432.6;0.0
198.5;951.5;3952.0;0.0
81.2;955.5;3230.0;0.0
78.9;1072.6;3119.9;44.0
59.8;565.4;6691.3;1320.0
53.2;565.4;3533.8;1920.0
77.4;250.7;3506.2;720.0
47.3;250.7;360.6;0.0
50.0;281.7;112.9;68.0
49.6;282.0;0.4;128.0
49.9;282.0;0.6;192.0
49.1;189.7;0.3;4.0
