50.0;241.7;311.6;0.0
149.9;178.0;247.2;0.0
241.9;263.3;363.0;0.0
308.0;303.0;91.1;0.0
199.0;156.0;356.8;0.0
50.0;156.4;43.1;0.0
339.3;161.3;82.5;0.0
69.0;162.6;0.0;0.0
98.0;162.6;0.0;0.0
59.9;162.6;0.0;0.0
69.8;162.6;0.0;0.0
77.6;162.6;0.0;0.0
72.3;162.6;0.0;0.0
105.2;162.6;0.0;0.0
50.0;163.1;0.0;0.0
153.0;163.1;3.0;0.0
168.9;164.3;128.4;0.0
304.0;164.4;159.1;0.0
77.6;164.4;0.0;0.0
49.2;164.4;0.0;0.0
58.9;164.4;0.0;0.0
153.6;164.4;12.0;0.0
487.9;164.9;273.3;0.0
632.0;199.4;176.7;0.0
285.0;168.8;139.9;0.0
423.9;326.2;531.0;40.0
62.2;950.7;6423.0;0.0
108.0;950.7;3314.0;0.0
59.8;901.2;4492.6;44.0
62.6;819.3;504.6;680.0
155.5;541.4;8961.0;1280.0
327.1;284.4;7041.7;1920.0
869.5;1229.4;1.4;1372.0
52.0;284.4;0.6;192.0
52.0;190.7;0.5;68.0
