40.0;232.0;264.6;0.0
98.0;175.3;294.0;0.0
284.9;253.8;396.2;0.0
294.0;311.6;135.1;0.0
246.0;156.6;327.8;0.0
55.0;157.2;27.9;0.0
178.4;161.8;68.1;0.0
56.5;163.0;0.0;0.0
50.6;163.1;0.0;0.0
366.9;164.0;4.4;0.0
446.8;164.0;172.7;0.0
49.7;164.2;3.3;0.0
48.1;164.2;0.0;0.0
57.5;164.2;0.0;0.0
65.5;164.2;0.0;0.0
93.9;164.6;13.3;0.0
55.0;165.1;219.9;0.0
594.2;231.5;63.6;0.0
199.0;221.6;1.1;0.0
115.5;418.5;584.1;44.0
118.0;1104.3;6740.6;0.0
99.9;1066.3;3091.7;0.0
560.0;1031.6;3303.4;0.0
57.8;1056.6;4646.4;0.0
99.9;1219.7;267.9;708.0
75.0;591.7;7251.4;1408.0
49.6;251.4;3327.9;2200.0
