90.9;250.1;955.2;0.0
262.0;519.3;137.4;0.0
933.9;314.8;511.2;0.0
390.0;156.1;285.3;0.0
419.0;226.1;63.0;0.0
427.3;203.6;191.5;0.0
500.0;163.1;55.0;0.0
82.6;164.2;111.3;0.0
453.0;164.2;150.7;0.0
232.9;164.2;37.4;0.0
74.8;164.2;0.0;0.0
69.0;164.2;11.0;0.0
230.1;164.2;181.0;0.0
101.6;231.8;257.3;0.0
507.0;208.3;333.4;0.0
465.9;359.7;421.9;40.0
378.5;953.6;6375.0;0.0
99.8;953.6;3166.0;0.0
50.0;953.6;4000.0;0.0
101.3;1089.6;3575.4;44.0
66.1;846.6;6884.9;1320.0
100.7;570.3;4973.5;1280.0
60.6;250.7;3704.4;1320.0
51.7;281.7;345.5;68.0
53.3;281.9;0.4;128.0
48.4;190.1;0.9;196.0
