44.9;118.0;117.0;0.0
60.0;115.9;154.8;0.0
84.9;138.8;55.2;0.0
89.9;156.3;40.1;0.0
0.0;156.3;120.1;0.0
194.0;199.3;20.4;0.0
229.9;161.7;95.7;0.0
49.8;162.9;0.0;0.0
49.6;163.0;0.0;0.0
97.4;163.0;0.0;0.0
49.4;163.0;0.0;0.0
55.2;163.0;0.0;0.0
74.5;163.0;0.0;0.0
82.4;163.0;0.0;0.0
60.5;163.0;1.0;0.0
518.1;163.0;3.0;0.0
75.5;164.0;172.4;0.0
467.0;186.9;167.2;0.0
75.9;164.1;0.0;0.0
70.4;164.1;0.0;0.0
80.6;164.1;11.0;0.0
198.9;164.1;113.0;0.0
131.8;198.6;302.3;0.0
603.0;205.1;332.3;0.0
439.6;970.4;6662.7;40.0
340.0;956.9;3272.0;0.0
81.9;957.2;4853.0;0.0
49.5;1267.2;2912.0;0.0
104.9;1158.5;176.4;1284.0
97.0;566.3;8752.2;1920.0
59.0;1200.6;10624.3;680.0
48.9;281.8;0.4;132.0
52.7;281.8;0.6;192.0
54.9;189.5;0.5;68.0
