102.0;262.8;365.2;0.0
49.9;221.7;204.5;0.0
361.8;279.4;333.1;0.0
425.0;316.1;48.3;0.0
299.0;156.1;313.0;0.0
60.0;174.4;19.2;0.0
335.9;161.5;125.0;0.0
83.5;162.8;0.0;0.0
83.0;162.8;0.0;0.0
55.9;162.8;0.0;0.0
68.0;162.8;0.0;0.0
107.0;162.8;0.0;0.0
57.4;162.8;0.0;0.0
66.6;162.8;0.0;0.0
61.0;162.8;0.0;0.0
343.9;162.8;4.0;0.0
165.0;163.8;151.3;0.0
454.0;163.8;134.8;0.0
205.0;163.9;46.2;0.0
105.5;164.4;0.0;0.0
93.0;164.4;55.0;0.0
72.1;219.9;428.8;0.0
896.0;220.7;336.1;0.0
144.8;193.2;69.0;0.0
106.8;312.2;412.0;40.0
146.0;908.2;5911.6;44.0
119.0;808.7;2794.5;0.0
67.8;250.4;7044.7;0.0
89.5;250.8;718.2;0.0
79.7;281.8;3860.9;680.0
62.5;282.0;2.6;876.0
471.0;426.1;5.9;876.0
