58.0;141.6;40.8;0.0
61.0;194.9;656.1;0.0
106.9;427.8;201.4;0.0
738.7;302.2;394.5;0.0
223.9;156.4;205.1;0.0
443.0;209.4;142.4;0.0
340.5;190.9;122.1;0.0
103.0;162.5;0.0;0.0
61.0;162.8;0.0;0.0
59.9;162.8;0.0;0.0
59.5;162.8;0.0;0.0
83.9;162.8;0.0;0.0
81.0;162.8;0.0;0.0
57.0;162.8;0.0;0.0
274.6;179.8;3.0;0.0
527.5;179.8;170.0;0.0
106.5;163.7;8.3;0.0
489.0;163.7;38.5;0.0
111.5;163.9;147.4;0.0
140.9;164.3;47.1;0.0
254.0;164.8;159.2;0.0
278.2;170.9;184.2;0.0
323.2;172.0;0.1;0.0
66.2;190.0;0.0;0.0
60.9;1257.0;17837.7;4.0
63.9;1107.9;557.0;3920.0
82.2;913.8;7019.1;0.0
49.2;284.1;1085.9;0.0
49.4;284.1;0.6;196.0
56.9;284.1;0.4;128.0
48.5;253.8;0.5;68.0
