138.1;193.4;394.6;0.0
132.7;150.0;564.3;0.0
158.2;283.9;453.4;0.0
271.7;156.2;386.9;0.0
5.9;156.2;39.0;0.0
39.9;161.8;41.6;0.0
77.8;163.1;1.0;0.0
502.0;163.1;23.0;0.0
274.6;181.1;161.0;0.0
50.0;181.1;0.0;0.0
55.9;181.1;0.0;0.0
84.0;186.1;3.0;0.0
202.0;186.1;47.0;0.0
197.6;222.1;344.0;0.0
189.2;262.1;60.0;0.0
49.5;252.2;0.0;0.0
467.8;334.2;161.2;40.0
489.0;1346.2;17651.0;680.0
507.0;1346.2;50.8;3240.0
93.6;392.3;89.1;0.0
40.7;164.3;0.0;0.0
54.0;164.3;0.0;0.0
45.0;164.8;5.0;0.0
29.9;168.4;34.6;0.0
96.7;171.6;5.0;0.0
59.1;172.6;0.0;0.0
48.2;172.6;0.0;0.0
52.4;172.6;0.0;0.0
50.8;187.8;53.0;4.0
47.5;250.7;622.5;0.0
50.1;282.2;1099.7;0.0
49.1;282.2;0.6;196.0
49.1;282.2;0.6;192.0
52.9;187.3;0.3;4.0
