133.0;207.7;435.5;0.0
141.0;224.0;99.8;0.0
223.0;227.3;462.9;0.0
361.6;270.6;127.6;0.0
170.0;156.2;214.1;0.0
53.0;193.2;40.9;0.0
65.0;163.1;85.8;0.0
50.0;164.2;1.1;0.0
490.0;164.2;30.8;0.0
273.3;164.3;147.4;0.0
62.5;164.3;0.0;0.0
120.9;183.8;0.0;0.0
95.0;183.8;57.2;0.0
309.4;220.1;365.2;0.0
881.5;243.1;59.5;0.0
414.1;259.6;161.0;0.0
114.5;229.9;0.0;0.0
112.5;438.3;584.1;44.0
136.5;1115.9;7953.5;0.0
50.0;1455.2;10754.7;0.0
1339.6;1420.4;110.4;1452.0
73.5;1411.4;6.6;2112.0
202.4;432.0;6452.5;752.0
