89.8;124.7;197.2;0.0
95.0;166.7;125.8;0.0
175.8;138.2;158.8;0.0
145.9;156.5;40.1;0.0
55.0;156.5;50.1;0.0
0.0;156.9;32.4;0.0
126.5;163.1;67.2;0.0
153.2;164.2;3.3;0.0
459.7;164.2;151.8;0.0
70.1;164.3;42.9;0.0
101.0;164.8;55.0;0.0
379.9;185.3;365.2;0.0
407.2;245.8;71.5;0.0
327.9;265.6;0.0;0.0
82.4;259.6;0.0;0.0
342.8;255.6;23.0;0.0
440.0;336.1;37.1;44.0
104.9;770.6;4667.3;0.0
128.4;1109.4;4505.6;0.0
84.0;1113.8;3144.9;0.0
55.2;1108.8;3592.6;0.0
249.9;1452.0;3378.5;0.0
47.9;1417.0;212.4;1452.0
129.4;1403.0;32.4;1408.0
111.0;886.6;527.7;1456.0
