103.9;259.2;1000.4;0.0
398.6;358.8;473.2;0.0
586.8;315.9;204.2;0.0
495.0;156.6;297.1;0.0
246.0;200.6;33.1;0.0
454.0;213.3;176.0;0.0
57.9;161.9;1.1;0.0
75.0;163.2;0.0;0.0
51.0;163.2;0.0;0.0
49.7;163.2;0.0;0.0
49.2;163.2;0.0;0.0
57.7;163.2;0.0;0.0
71.1;163.2;0.0;0.0
49.9;163.2;0.0;0.0
479.1;163.2;54.0;0.0
261.0;164.8;121.0;0.0
405.0;164.8;4.4;0.0
456.0;164.8;188.1;0.0
234.4;164.8;1.1;0.0
129.0;164.8;11.0;0.0
394.4;164.8;294.0;0.0
298.0;205.8;89.0;0.0
240.6;237.8;39.0;0.0
100.4;212.4;9.1;40.0
494.0;387.4;539.0;0.0
500.0;1017.4;7851.0;0.0
505.0;1020.4;3600.0;0.0
500.0;1020.4;3108.0;0.0
530.0;1333.4;2675.0;0.0
495.0;1333.4;4.0;1320.0
469.0;1333.4;6.0;1920.0
486.0;1029.4;5.0;680.0
0.0;165.4;0.0;0.0
0.0;165.4;0.0;0.0
0.0;165.4;0.0;0.0
0.0;165.4;0.0;0.0
0.0;165.4;0.0;0.0
0.0;165.4;0.0;0.0
0.0;165.4;0.0;0.0
0.0;165.4;0.0;0.0
0.0;165.4;0.0;0.0
0.0;165.4;0.0;0.0
0.0;165.4;0.0;0.0
0.0;165.4;0.0;0.0
0.0;165.4;0.0;0.0
0.0;165.4;0.0;0.0
0.0;165.4;0.0;0.0
0.0;165.4;0.0;0.0
0.0;165.4;0.0;0.0
0.0;165.4;0.0;0.0
0.0;165.4;0.0;0.0
0.0;165.4;0.0;0.0
0.0;165.4;0.0;0.0
0.0;165.4;0.0;0.0
0.0;165.4;0.0;0.0
0.0;165.4;0.0;0.0
0.0;165.4;0.0;0.0
0.0;165.4;0.0;0.0
0.0;165.4;0.0;0.0
0.0;165.4;0.0;0.0
0.0;165.4;0.0;0.0
0.0;165.4;0.0;0.0
0.0;165.4;0.0;0.0
0.0;165.4;0.0;0.0
0.0;165.4;0.0;0.0
0.0;165.4;0.0;0.0
0.0;165.4;0.0;0.0
0.0;165.4;0.0;0.0
0.0;165.4;0.0;0.0
0.0;165.4;0.0;0.0
0.0;165.4;0.0;0.0
0.0;165.4;0.0;0.0
0.0;165.4;0.0;0.0
5.0;165.4;7.8;0.0
0.0;165.9;20.4;0.0
0.0;165.9;1.8;0.0
46.2;168.8;13.3;0.0
58.5;173.2;7.9;0.0
44.9;187.8;50.7;4.0
48.5;250.6;609.9;0.0
50.0;250.6;313.7;0.0
49.0;250.9;312.7;0.0
50.8;250.9;360.9;0.0
52.2;281.9;126.4;68.0
45.0;282.1;0.4;128.0
50.0;282.1;0.6;192.0
54.5;189.8;0.3;4.0
