71.9;122.1;197.1;0.0
49.9;135.1;104.8;0.0
140.9;138.6;150.2;0.0
141.6;156.1;50.1;0.0
0.0;156.1;71.2;0.0
5.0;156.4;23.6;0.0
112.0;160.7;60.0;0.0
56.0;162.5;0.0;0.0
57.0;162.7;0.0;0.0
69.0;162.7;0.0;0.0
87.0;162.7;0.0;0.0
50.0;162.7;0.0;0.0
52.0;162.7;0.0;0.0
70.0;162.7;0.0;0.0
49.5;181.7;0.0;0.0
451.0;184.7;3.0;0.0
491.7;163.7;3.3;0.0
0.0;163.7;11.6;0.0
205.3;163.8;12.1;0.0
87.8;181.8;32.0;0.0
502.2;183.2;333.0;0.0
438.0;234.2;41.9;0.0
534.9;211.0;362.1;0.0
661.0;347.5;478.5;40.0
242.8;962.0;6117.0;0.0
49.6;962.0;4342.0;0.0
50.0;962.0;3238.0;0.0
69.4;1155.5;3442.5;44.0
82.0;282.1;19416.5;708.0
152.1;282.1;2.8;896.0
96.2;840.0;0.5;68.0
