116.5;281.6;1040.2;0.0
352.4;388.9;425.4;0.0
479.2;334.4;196.3;0.0
352.0;156.4;284.2;0.0
110.0;195.8;67.3;0.0
458.0;180.5;168.0;0.0
79.9;162.9;0.0;0.0
49.4;162.9;0.0;0.0
550.0;162.9;25.0;0.0
311.0;162.9;146.0;0.0
66.8;162.9;0.0;0.0
49.6;162.9;0.0;0.0
47.3;162.9;0.0;0.0
111.8;181.9;11.0;0.0
375.7;163.9;287.0;0.0
572.0;211.9;131.4;0.0
240.8;247.0;169.4;0.0
90.5;401.4;492.2;40.0
355.0;719.7;5709.1;0.0
217.2;995.2;3020.7;0.0
447.5;963.7;4494.5;0.0
56.1;959.2;3426.0;0.0
92.0;1274.2;337.0;680.0
88.0;1140.1;174.4;1884.0
104.7;544.5;5642.6;1360.0
57.0;250.2;476.2;0.0
46.8;250.2;368.9;0.0
48.4;281.6;408.0;0.0
23.2;281.9;1.5;396.0
