153.9;185.8;255.8;0.0
90.0;166.0;280.0;0.0
267.4;232.1;440.6;0.0
319.9;281.4;110.3;0.0
218.9;156.6;292.5;0.0
5.0;180.6;40.0;0.0
335.2;161.1;125.4;0.0
76.2;163.3;0.0;0.0
75.4;163.4;0.0;0.0
104.9;163.4;0.0;0.0
101.7;185.0;1.1;0.0
525.0;185.0;24.2;0.0
277.6;186.1;171.6;0.0
67.0;186.1;0.0;0.0
54.0;186.1;0.0;0.0
218.0;165.6;3.0;0.0
390.0;165.6;86.3;0.0
294.0;182.8;225.7;0.0
306.2;223.5;119.9;0.0
137.1;392.9;210.1;44.0
108.1;781.2;5061.1;0.0
106.4;1115.0;4168.1;0.0
453.8;1113.3;3135.5;0.0
300.8;1062.3;3187.8;0.0
308.0;1385.5;3394.7;0.0
50.0;1385.5;4.4;1452.0
74.0;1385.5;4.4;1408.0
100.0;913.2;179.7;1412.0
