49.9;170.2;496.2;0.0
299.6;272.3;152.4;0.0
781.9;304.5;72.2;0.0
191.0;156.4;376.3;0.0
55.0;156.4;108.0;0.0
442.0;193.0;162.8;0.0
71.7;184.8;3.0;0.0
536.8;183.9;67.0;0.0
287.8;184.9;110.0;0.0
64.1;163.8;1.1;0.0
500.0;163.8;24.2;0.0
180.4;163.9;165.0;0.0
116.8;164.4;9.0;0.0
144.9;164.4;13.0;0.0
78.5;167.9;50.4;0.0
491.8;170.6;21.5;0.0
310.8;334.2;537.0;40.0
72.0;986.4;6496.3;44.0
65.0;824.4;2956.8;0.0
67.1;250.3;2842.5;0.0
67.6;572.3;593.3;0.0
73.9;569.6;3589.9;1960.0
50.0;569.6;3725.2;1920.0
49.6;1193.6;1463.3;40.0
48.9;281.6;0.6;196.0
49.0;281.6;0.4;128.0
50.0;189.5;0.5;68.0
