82.5;253.0;410.8;0.0
233.0;513.8;107.4;0.0
938.9;312.9;567.2;0.0
385.0;156.6;262.3;0.0
99.0;186.6;74.8;0.0
432.0;160.0;150.7;0.0
50.0;161.8;0.0;0.0
68.5;163.1;0.0;0.0
101.3;163.1;0.0;0.0
97.9;163.1;0.0;0.0
69.8;163.1;0.0;0.0
51.5;163.1;0.0;0.0
49.6;163.1;0.0;0.0
60.0;163.1;0.0;0.0
59.3;163.1;0.0;0.0
440.0;163.1;22.0;0.0
124.9;164.1;157.3;0.0
454.0;164.1;137.5;0.0
227.8;164.2;44.0;0.0
70.0;164.2;0.0;0.0
78.5;164.2;0.0;0.0
101.0;164.2;33.0;0.0
434.6;187.2;340.0;0.0
540.0;234.7;54.3;0.0
58.8;204.6;426.8;0.0
275.9;171.6;58.3;0.0
101.0;200.6;140.0;40.0
103.8;644.6;1217.0;0.0
101.8;942.6;7596.9;44.0
93.6;798.0;3794.9;0.0
58.5;591.8;15210.0;0.0
240.2;282.0;723.6;1476.0
230.1;556.5;5.9;920.0
127.7;1129.8;6.0;1920.0
