118.4;178.9;285.0;0.0
99.5;150.0;592.8;0.0
210.9;276.9;353.2;0.0
360.9;156.5;291.2;0.0
55.0;156.8;96.6;0.0
336.6;179.5;96.5;0.0
56.0;162.8;0.0;0.0
72.2;163.7;3.3;0.0
500.0;163.7;46.2;0.0
250.9;163.9;146.3;0.0
61.0;164.3;0.0;0.0
155.9;164.3;35.2;0.0
422.0;184.8;356.4;0.0
68.9;243.1;93.5;0.0
600.1;249.1;1.1;0.0
299.9;251.1;4.0;0.0
500.0;251.1;168.0;0.0
50.0;242.6;84.8;44.0
95.0;414.2;498.3;0.0
106.4;1107.2;6871.7;0.0
117.8;1107.2;3847.8;0.0
99.9;1105.5;3070.0;0.0
554.6;1100.5;3438.0;0.0
192.4;1410.5;1395.5;748.0
340.5;1388.5;60.4;1408.0
90.9;1370.5;4.4;1408.0
66.0;357.4;5.5;792.0
