149.9;128.5;119.0;0.0
98.8;134.8;127.6;0.0
178.8;133.8;146.9;0.0
49.8;224.8;136.5;0.0
249.9;159.0;128.5;0.0
0.0;159.0;0.0;0.0
0.0;159.0;1.0;0.0
0.0;159.0;1.1;0.0
0.0;159.0;13.0;0.0
0.0;159.0;14.3;0.0
0.0;159.0;0.0;0.0
0.0;159.0;0.7;0.0
0.0;159.0;0.0;0.0
0.0;159.0;0.6;0.0
0.0;159.0;0.0;0.0
264.0;159.8;2.4;0.0
57.9;159.8;0.0;0.0
58.0;159.8;12.0;0.0
451.7;159.8;2.0;0.0
488.4;160.3;14.4;0.0
0.0;160.3;0.0;0.0
0.0;160.3;12.1;0.0
0.0;160.3;0.0;0.0
0.0;160.3;7.0;0.0
0.0;160.3;14.3;0.0
49.0;160.3;6.0;0.0
0.0;160.3;7.7;0.0
250.0;205.3;160.0;40.0
496.0;393.3;381.4;0.0
498.0;1008.3;8182.0;0.0
539.0;1010.5;3913.4;0.0
475.0;1010.5;3364.0;0.0
500.0;1011.5;3694.0;0.0
499.0;1011.5;3692.0;0.0
498.0;1322.5;1107.0;680.0
529.0;1324.5;6.0;1920.0
500.0;1324.5;4.0;1280.0
498.0;409.5;3.0;360.0
0.0;160.5;0.0;0.0
0.0;160.5;0.0;0.0
0.0;160.5;0.0;0.0
0.0;160.5;0.0;0.0
0.0;160.5;0.0;0.0
0.0;160.5;0.0;0.0
0.0;160.5;0.0;0.0
0.0;160.5;0.0;0.0
0.0;160.5;0.0;0.0
0.0;160.5;0.0;0.0
0.0;160.5;0.0;0.0
0.0;160.5;0.0;0.0
0.0;160.5;0.0;0.0
0.0;160.5;0.0;0.0
0.0;160.5;0.0;0.0
0.0;160.5;0.0;0.0
0.0;160.5;0.0;0.0
0.0;160.5;0.0;0.0
0.0;160.5;0.0;0.0
0.0;160.5;0.0;0.0
0.0;160.5;0.0;0.0
0.0;160.5;0.0;0.0
0.0;160.5;0.0;0.0
0.0;160.5;0.0;0.0
0.0;160.5;0.0;0.0
0.0;160.5;0.0;0.0
0.0;160.5;0.0;0.0
0.0;160.5;0.0;0.0
0.0;160.5;0.0;0.0
0.0;160.5;0.0;0.0
0.0;160.5;0.0;0.0
0.0;160.5;0.0;0.0
0.0;160.5;0.0;0.0
0.0;160.5;0.0;0.0
0.0;160.5;0.0;0.0
0.0;160.5;0.0;0.0
0.0;160.5;0.0;0.0
0.0;160.5;0.0;0.0
0.0;160.5;0.0;0.0
0.0;160.5;0.0;0.0
0.0;160.5;0.0;0.0
0.0;160.5;0.0;0.0
0.0;160.5;0.0;0.0
0.0;160.5;0.0;0.0
0.0;160.5;0.0;0.0
0.0;160.5;0.0;0.0
0.0;160.5;0.0;0.0
0.0;160.5;0.0;0.0
0.0;160.5;0.0;0.0
0.0;160.5;0.0;0.0
0.0;160.5;0.0;0.0
0.0;160.5;0.0;0.0
0.0;160.5;0.0;0.0
0.0;160.5;0.0;0.0
0.0;160.5;0.0;0.0
0.0;160.5;0.0;0.0
0.0;160.5;0.0;0.0
0.0;160.5;0.0;0.0
0.0;160.5;0.0;0.0
0.0;160.5;0.0;0.0
0.0;160.5;0.0;0.0
0.0;160.5;0.0;0.0
