113.0;229.6;235.3;0.0
107.2;221.1;371.0;0.0
131.4;251.3;435.8;0.0
255.9;323.4;128.1;0.0
230.9;159.3;362.0;0.0
50.0;159.3;20.0;0.0
0.0;159.3;1.1;0.0
50.0;159.3;1.0;0.0
0.0;159.3;0.0;0.0
0.0;159.3;0.0;0.0
0.0;159.3;13.2;0.0
0.0;159.3;0.0;0.0
0.0;159.3;7.7;0.0
0.0;159.3;0.0;0.0
0.0;159.3;4.4;0.0
0.0;159.3;0.0;0.0
438.9;160.1;5.5;0.0
550.0;160.1;4.0;0.0
550.0;160.1;8.0;0.0
440.0;160.6;15.4;0.0
0.0;160.6;7.0;0.0
0.0;160.6;1.1;0.0
0.0;160.6;7.0;0.0
0.0;160.6;13.2;0.0
496.0;160.6;5.0;0.0
199.0;160.6;6.7;0.0
0.0;160.6;0.0;0.0
0.0;160.6;1.0;0.0
0.0;160.6;4.4;0.0
0.0;160.6;13.0;0.0
55.0;160.8;5.5;0.0
50.0;160.8;7.0;0.0
0.0;160.8;0.0;0.0
0.0;160.8;7.0;0.0
0.0;160.8;0.0;0.0
244.0;160.8;17.0;40.0
495.0;1007.8;21159.0;0.0
446.0;1289.8;3301.0;0.0
497.0;1319.8;22.0;1320.0
479.0;1319.8;8.0;2560.0
548.0;1014.8;5.0;720.0
0.0;160.8;0.0;0.0
0.0;160.8;0.0;0.0
0.0;160.8;0.0;0.0
0.0;160.8;0.0;0.0
0.0;160.8;0.0;0.0
0.0;160.8;0.0;0.0
0.0;160.8;0.0;0.0
0.0;160.8;0.0;0.0
0.0;160.8;0.0;0.0
0.0;160.8;0.0;0.0
0.0;160.8;0.0;0.0
0.0;160.8;0.0;0.0
0.0;160.8;0.0;0.0
0.0;160.8;0.0;0.0
0.0;160.8;0.0;0.0
0.0;160.8;0.0;0.0
0.0;160.8;0.0;0.0
0.0;160.8;0.0;0.0
0.0;160.8;0.0;0.0
0.0;160.8;0.0;0.0
0.0;160.8;0.0;0.0
0.0;160.8;0.0;0.0
0.0;160.8;0.0;0.0
0.0;160.8;0.0;0.0
0.0;160.8;0.0;0.0
0.0;160.8;0.0;0.0
0.0;160.8;0.0;0.0
0.0;160.8;0.0;0.0
0.0;160.8;0.0;0.0
0.0;160.8;0.0;0.0
0.0;160.8;0.0;0.0
0.0;160.8;0.0;0.0
0.0;160.8;0.0;0.0
0.0;160.8;0.0;0.0
0.0;160.8;0.0;0.0
0.0;160.8;0.0;0.0
0.0;160.8;0.0;0.0
0.0;160.8;0.0;0.0
0.0;160.8;0.0;0.0
0.0;160.8;0.0;0.0
0.0;160.8;0.0;0.0
0.0;160.8;0.0;0.0
0.0;160.8;0.0;0.0
0.0;160.8;0.0;0.0
0.0;160.8;0.0;0.0
0.0;160.8;0.0;0.0
0.0;160.8;0.0;0.0
0.0;160.8;0.0;0.0
0.0;160.8;0.0;0.0
0.0;160.8;0.0;0.0
0.0;160.8;0.0;0.0
0.0;160.8;0.0;0.0
0.0;160.8;0.0;0.0
0.0;160.8;0.0;0.0
0.0;160.8;0.0;0.0
0.0;160.8;0.0;0.0
0.0;160.8;0.0;0.0
0.0;160.8;0.0;0.0
0.0;160.8;0.0;0.0
