147.8;289.6;1108.2;0.0
383.0;419.7;341.1;0.0
431.6;398.3;375.4;0.0
553.9;323.6;135.4;0.0
550.0;179.6;382.8;0.0
328.9;159.2;21.0;0.0
0.0;159.2;0.0;0.0
0.0;159.2;1.1;0.0
0.0;159.2;0.0;0.0
0.0;159.2;14.3;0.0
0.0;159.2;0.0;0.0
0.0;159.2;0.0;0.0
0.0;159.2;7.7;0.0
0.0;159.2;0.0;0.0
0.0;159.2;6.6;0.0
0.0;159.2;0.0;0.0
464.2;160.2;8.4;0.0
537.9;160.2;0.0;0.0
592.9;160.2;7.0;0.0
385.0;160.6;15.4;0.0
0.0;160.6;6.0;0.0
0.0;160.6;1.1;0.0
376.0;160.6;4.0;0.0
252.0;160.6;2.3;0.0
0.0;160.6;0.0;0.0
0.0;160.6;6.7;0.0
0.0;160.6;0.0;0.0
0.0;160.6;6.6;0.0
0.0;160.6;0.0;0.0
0.0;160.9;2.5;0.0
0.0;160.9;0.0;0.0
0.0;160.9;6.0;0.0
0.0;160.9;5.0;0.0
499.0;260.9;149.0;40.0
512.0;695.9;3960.0;0.0
481.0;1003.9;6257.0;0.0
482.0;1003.9;3270.0;0.0
499.0;1003.9;3172.0;0.0
500.0;1007.9;3302.0;0.0
499.0;1007.9;3542.0;0.0
542.0;1317.9;1301.0;680.0
490.0;1320.9;6.0;1920.0
498.0;1320.9;4.0;1280.0
491.0;397.9;5.0;680.0
0.0;160.9;0.0;0.0
0.0;160.9;0.0;0.0
0.0;160.9;0.0;0.0
0.0;160.9;0.0;0.0
0.0;160.9;0.0;0.0
0.0;160.9;0.0;0.0
0.0;160.9;0.0;0.0
0.0;160.9;0.0;0.0
0.0;160.9;0.0;0.0
0.0;160.9;0.0;0.0
0.0;160.9;0.0;0.0
0.0;160.9;0.0;0.0
0.0;160.9;0.0;0.0
0.0;160.9;0.0;0.0
0.0;160.9;0.0;0.0
0.0;160.9;0.0;0.0
0.0;160.9;0.0;0.0
0.0;160.9;0.0;0.0
0.0;160.9;0.0;0.0
0.0;160.9;0.0;0.0
0.0;160.9;0.0;0.0
0.0;160.9;0.0;0.0
0.0;160.9;0.0;0.0
0.0;160.9;0.0;0.0
0.0;160.9;0.0;0.0
0.0;160.9;0.0;0.0
0.0;160.9;0.0;0.0
0.0;160.9;0.0;0.0
0.0;160.9;0.0;0.0
0.0;160.9;0.0;0.0
0.0;160.9;0.0;0.0
0.0;160.9;0.0;0.0
0.0;160.9;0.0;0.0
0.0;160.9;0.0;0.0
0.0;160.9;0.0;0.0
0.0;160.9;0.0;0.0
0.0;160.9;0.0;0.0
0.0;160.9;0.0;0.0
0.0;160.9;0.0;0.0
0.0;160.9;0.0;0.0
0.0;160.9;0.0;0.0
0.0;160.9;0.0;0.0
0.0;160.9;0.0;0.0
0.0;160.9;0.0;0.0
0.0;160.9;0.0;0.0
0.0;160.9;0.0;0.0
0.0;160.9;0.0;0.0
0.0;160.9;0.0;0.0
0.0;160.9;0.0;0.0
0.0;160.9;0.0;0.0
0.0;160.9;0.0;0.0
0.0;160.9;0.0;0.0
0.0;160.9;0.0;0.0
0.0;160.9;0.0;0.0
0.0;160.9;0.0;0.0
0.0;160.9;0.0;0.0
