54.9;260.1;1046.0;0.0
326.8;447.4;263.5;0.0
427.2;382.5;389.6;0.0
502.7;319.4;134.0;0.0
490.6;175.4;380.6;0.0
110.0;159.1;21.0;0.0
0.0;159.1;0.0;0.0
0.0;159.1;11.1;0.0
0.0;159.1;0.0;0.0
0.0;159.1;7.3;0.0
0.0;159.1;0.0;0.0
0.0;159.1;1.7;0.0
0.0;159.1;0.0;0.0
209.0;159.1;3.7;0.0
521.0;159.1;0.0;0.0
276.9;159.9;4.4;0.0
199.9;159.9;14.0;0.0
541.2;159.9;0.0;0.0
584.1;159.9;14.4;0.0
110.0;160.4;0.0;0.0
0.0;160.4;13.0;0.0
0.0;160.4;1.1;0.0
0.0;160.4;7.0;0.0
0.0;160.4;14.3;0.0
0.0;160.4;5.0;0.0
55.0;160.4;7.7;0.0
141.0;160.4;5.0;0.0
485.0;382.4;536.5;40.0
507.0;1316.4;24402.0;0.0
449.0;1319.6;0.4;1320.0
524.0;1319.6;6.0;1920.0
491.0;1016.6;5.0;1160.0
0.0;160.6;0.0;0.0
0.0;160.6;0.0;0.0
0.0;160.6;0.0;0.0
0.0;160.6;0.0;0.0
0.0;160.6;0.0;0.0
0.0;160.6;0.0;0.0
0.0;160.6;0.0;0.0
0.0;160.6;0.0;0.0
0.0;160.6;0.0;0.0
0.0;160.6;0.0;0.0
0.0;160.6;0.0;0.0
0.0;160.6;0.0;0.0
0.0;160.6;0.0;0.0
0.0;160.6;0.0;0.0
0.0;160.6;0.0;0.0
0.0;160.6;0.0;0.0
0.0;160.6;0.0;0.0
0.0;160.6;0.0;0.0
0.0;160.6;0.0;0.0
0.0;160.6;0.0;0.0
0.0;160.6;0.0;0.0
0.0;160.6;0.0;0.0
0.0;160.6;0.0;0.0
0.0;160.6;0.0;0.0
0.0;160.6;0.0;0.0
0.0;160.6;0.0;0.0
0.0;160.6;0.0;0.0
0.0;160.6;0.0;0.0
0.0;160.6;0.0;0.0
0.0;160.6;0.0;0.0
0.0;160.6;0.0;0.0
0.0;160.6;0.0;0.0
0.0;160.6;0.0;0.0
0.0;160.6;0.0;0.0
0.0;160.6;0.0;0.0
0.0;160.6;0.0;0.0
0.0;160.6;0.0;0.0
0.0;160.6;0.0;0.0
0.0;160.6;0.0;0.0
0.0;160.6;0.0;0.0
0.0;160.6;0.0;0.0
0.0;160.6;0.0;0.0
0.0;160.6;0.0;0.0
0.0;160.6;0.0;0.0
0.0;160.6;0.0;0.0
0.0;160.6;0.0;0.0
0.0;160.6;0.0;0.0
0.0;160.6;0.0;0.0
0.0;160.6;0.0;0.0
0.0;160.6;0.0;0.0
0.0;160.6;0.0;0.0
0.0;160.6;0.0;0.0
0.0;160.6;0.0;0.0
0.0;160.6;0.0;0.0
0.0;160.6;0.0;0.0
0.0;160.6;0.0;0.0
0.0;160.6;0.0;0.0
0.0;160.6;0.0;0.0
0.0;160.6;0.0;0.0
0.0;160.6;0.0;0.0
0.0;160.6;0.0;0.0
0.0;160.6;0.0;0.0
0.0;160.6;0.0;0.0
0.0;160.6;0.0;0.0
0.0;160.6;0.0;0.0
0.0;160.6;0.0;0.0
0.0;160.6;0.0;0.0
0.0;160.6;0.0;0.0
