45.0;166.4;365.6;0.0
50.0;200.2;239.5;0.0
170.8;260.3;206.0;0.0
214.9;324.0;67.0;0.0
299.9;177.2;410.1;0.0
383.9;159.5;22.0;0.0
0.0;159.5;1.0;0.0
0.0;159.5;1.1;0.0
0.0;159.5;13.0;0.0
0.0;159.5;14.3;0.0
0.0;159.5;0.0;0.0
0.0;159.5;0.7;0.0
0.0;159.5;0.0;0.0
0.0;159.5;0.5;0.0
0.0;159.5;0.0;0.0
504.0;159.5;6.0;0.0
94.2;160.4;9.4;0.0
528.0;160.4;0.0;0.0
592.9;160.4;1.0;0.0
440.0;160.8;15.4;0.0
0.0;160.8;13.0;0.0
0.0;160.8;1.1;0.0
0.0;160.8;7.0;0.0
0.0;160.8;13.2;0.0
0.0;160.8;5.0;0.0
0.0;160.8;7.7;0.0
349.0;200.8;151.0;40.0
488.0;691.8;984.7;0.0
542.0;1003.8;8619.0;0.0
451.0;1001.1;3028.4;0.0
484.0;1001.1;3360.0;0.0
516.0;1002.1;5692.0;0.0
450.0;1315.1;2633.0;0.0
526.0;1315.1;6.0;1960.0
520.0;1315.1;6.0;1920.0
483.0;393.1;5.0;720.0
0.0;161.1;0.0;0.0
0.0;161.1;0.0;0.0
0.0;161.1;0.0;0.0
0.0;161.1;0.0;0.0
0.0;161.1;0.0;0.0
0.0;161.1;0.0;0.0
0.0;161.1;0.0;0.0
0.0;161.1;0.0;0.0
0.0;161.1;0.0;0.0
0.0;161.1;0.0;0.0
0.0;161.1;0.0;0.0
0.0;161.1;0.0;0.0
0.0;161.1;0.0;0.0
0.0;161.1;0.0;0.0
0.0;161.1;0.0;0.0
0.0;161.1;0.0;0.0
0.0;161.1;0.0;0.0
0.0;161.1;0.0;0.0
0.0;161.1;0.0;0.0
0.0;161.1;0.0;0.0
0.0;161.1;0.0;0.0
0.0;161.1;0.0;0.0
0.0;161.1;0.0;0.0
0.0;161.1;0.0;0.0
0.0;161.1;0.0;0.0
0.0;161.1;0.0;0.0
0.0;161.1;0.0;0.0
0.0;161.1;0.0;0.0
0.0;161.1;0.0;0.0
0.0;161.1;0.0;0.0
0.0;161.1;0.0;0.0
0.0;161.1;0.0;0.0
0.0;161.1;0.0;0.0
0.0;161.1;0.0;0.0
0.0;161.1;0.0;0.0
0.0;161.1;0.0;0.0
0.0;161.1;0.0;0.0
0.0;161.1;0.0;0.0
0.0;161.1;0.0;0.0
0.0;161.1;0.0;0.0
0.0;161.1;0.0;0.0
0.0;161.1;0.0;0.0
0.0;161.1;0.0;0.0
0.0;161.1;0.0;0.0
0.0;161.1;0.0;0.0
0.0;161.1;0.0;0.0
0.0;161.1;0.0;0.0
0.0;161.1;0.0;0.0
0.0;161.1;0.0;0.0
0.0;161.1;0.0;0.0
0.0;161.1;0.0;0.0
0.0;161.1;0.0;0.0
0.0;161.1;0.0;0.0
0.0;161.1;0.0;0.0
0.0;161.1;0.0;0.0
0.0;161.1;0.0;0.0
0.0;161.1;0.0;0.0
0.0;161.1;0.0;0.0
0.0;161.1;0.0;0.0
0.0;161.1;0.0;0.0
0.0;161.1;0.0;0.0
0.0;161.1;0.0;0.0
0.0;161.1;0.0;0.0
0.0;161.1;0.0;0.0
