64.3;100.0;111.4;0.0
56.5;136.3;138.1;0.0
128.9;168.2;85.8;0.0
70.2;195.4;58.0;0.0
137.0;159.7;61.4;0.0
0.0;159.7;0.0;0.0
0.0;159.7;0.1;0.0
0.0;159.7;0.0;0.0
0.0;159.7;13.0;0.0
0.0;159.7;14.3;0.0
0.0;159.7;7.0;0.0
0.0;159.7;7.7;0.0
0.0;159.7;5.0;0.0
0.0;159.7;4.4;0.0
141.0;159.7;5.0;0.0
76.0;160.5;16.5;0.0
329.9;161.0;2.2;0.0
449.0;161.0;14.0;0.0
55.0;161.0;1.1;0.0
0.0;161.0;1.0;0.0
0.0;161.0;13.2;0.0
0.0;161.0;12.0;0.0
0.0;161.0;7.7;0.0
0.0;161.0;7.0;0.0
0.0;161.0;5.5;0.0
0.0;161.0;6.0;0.0
0.0;161.3;4.4;0.0
138.0;161.3;5.0;0.0
400.0;345.3;402.0;40.0
542.0;688.3;5485.0;0.0
475.0;997.3;5857.0;0.0
534.0;997.3;3930.0;0.0
454.0;1001.3;3608.0;0.0
549.0;1001.3;3388.0;0.0
472.0;1315.3;2255.0;0.0
492.0;1315.3;6.0;1960.0
552.0;1315.3;6.0;1920.0
480.0;364.3;5.0;680.0
0.0;161.3;0.0;0.0
0.0;161.3;0.0;0.0
0.0;161.3;0.0;0.0
0.0;161.3;0.0;0.0
0.0;161.3;0.0;0.0
0.0;161.3;0.0;0.0
0.0;161.3;0.0;0.0
0.0;161.3;0.0;0.0
0.0;161.3;0.0;0.0
0.0;161.3;0.0;0.0
0.0;161.3;0.0;0.0
0.0;161.3;0.0;0.0
0.0;161.3;0.0;0.0
0.0;161.3;0.0;0.0
0.0;161.3;0.0;0.0
0.0;161.3;0.0;0.0
0.0;161.3;0.0;0.0
0.0;161.3;0.0;0.0
0.0;161.3;0.0;0.0
0.0;161.3;0.0;0.0
0.0;161.3;0.0;0.0
0.0;161.3;0.0;0.0
0.0;161.3;0.0;0.0
0.0;161.3;0.0;0.0
0.0;161.3;0.0;0.0
0.0;161.3;0.0;0.0
0.0;161.3;0.0;0.0
0.0;161.3;0.0;0.0
0.0;161.3;0.0;0.0
0.0;161.3;0.0;0.0
0.0;161.3;0.0;0.0
0.0;161.3;0.0;0.0
0.0;161.3;0.0;0.0
0.0;161.3;0.0;0.0
0.0;161.3;0.0;0.0
0.0;161.3;0.0;0.0
0.0;161.3;0.0;0.0
0.0;161.3;0.0;0.0
0.0;161.3;0.0;0.0
0.0;161.3;0.0;0.0
0.0;161.3;0.0;0.0
0.0;161.3;0.0;0.0
0.0;161.3;0.0;0.0
0.0;161.3;0.0;0.0
0.0;161.3;0.0;0.0
0.0;161.3;0.0;0.0
0.0;161.3;0.0;0.0
0.0;161.3;0.0;0.0
0.0;161.3;0.0;0.0
0.0;161.3;0.0;0.0
0.0;161.3;0.0;0.0
0.0;161.3;0.0;0.0
0.0;161.3;0.0;0.0
0.0;161.3;0.0;0.0
0.0;161.3;0.0;0.0
0.0;161.3;0.0;0.0
0.0;161.3;0.0;0.0
0.0;161.3;0.0;0.0
0.0;161.3;0.0;0.0
0.0;161.3;0.0;0.0
0.0;161.3;0.0;0.0
0.0;161.3;0.0;0.0
