160.9;228.8;333.5;0.0
61.7;166.9;176.7;0.0
310.6;278.4;236.0;0.0
245.3;183.0;518.7;0.0
791.0;159.5;8.6;0.0
0.0;159.5;0.0;0.0
0.0;159.5;1.0;0.0
0.0;159.5;0.0;0.0
0.0;159.5;13.0;0.0
0.0;159.5;0.0;0.0
0.0;159.5;7.0;0.0
0.0;159.5;0.0;0.0
0.0;159.5;5.0;0.0
0.0;159.5;0.0;0.0
50.0;159.5;5.0;0.0
531.0;159.5;0.0;0.0
514.0;159.5;0.0;0.0
350.0;159.5;14.0;0.0
0.0;159.5;0.0;0.0
0.0;159.5;1.0;0.0
0.0;159.5;0.0;0.0
0.0;159.5;13.0;0.0
0.0;159.5;0.0;0.0
50.0;159.5;7.0;0.0
0.0;159.5;0.0;0.0
0.0;159.5;6.0;0.0
0.0;159.5;0.0;0.0
148.0;159.5;4.0;0.0
492.0;1325.5;24928.0;40.0
482.0;1330.5;10.0;3240.0
497.0;386.5;5.0;1200.0
0.0;159.5;0.0;0.0
0.0;159.5;0.0;0.0
0.0;159.5;0.0;0.0
0.0;159.5;0.0;0.0
0.0;159.5;0.0;0.0
0.0;159.5;0.0;0.0
0.0;159.5;0.0;0.0
0.0;159.5;0.0;0.0
0.0;159.5;0.0;0.0
0.0;159.5;0.0;0.0
0.0;159.5;0.0;0.0
0.0;159.5;0.0;0.0
0.0;159.5;0.0;0.0
0.0;159.5;0.0;0.0
0.0;159.5;0.0;0.0
0.0;159.5;0.0;0.0
0.0;159.5;0.0;0.0
0.0;159.5;0.0;0.0
0.0;159.5;0.0;0.0
0.0;159.5;0.0;0.0
0.0;159.5;0.0;0.0
0.0;159.5;0.0;0.0
0.0;159.5;0.0;0.0
0.0;159.5;0.0;0.0
0.0;159.5;0.0;0.0
0.0;159.5;0.1;0.0
0.0;159.5;0.0;0.0
4.9;159.5;1.1;0.0
0.0;159.5;0.0;0.0
0.0;159.5;0.7;0.0
0.0;159.5;0.0;0.0
0.0;159.5;0.5;0.0
0.0;159.5;0.0;0.0
24.5;160.4;0.6;0.0
51.8;160.4;0.1;0.0
27.9;160.8;1.3;0.0
0.0;160.8;0.0;0.0
0.0;160.8;0.1;0.0
0.0;160.8;0.0;0.0
0.0;160.8;1.2;0.0
0.0;160.8;0.0;0.0
0.0;160.8;0.7;0.0
0.0;160.8;0.0;0.0
0.0;160.8;0.5;0.0
0.0;160.8;0.0;0.0
0.0;161.1;0.5;0.0
0.0;161.1;0.0;0.0
0.0;161.1;0.0;0.0
0.0;161.1;0.0;0.0
0.0;161.1;0.0;0.0
0.0;161.1;0.0;0.0
0.0;161.1;0.0;0.0
0.0;161.1;0.0;0.0
0.0;161.1;0.0;0.0
0.0;161.1;0.0;0.0
0.0;161.1;0.0;0.0
0.0;161.1;0.0;0.0
0.0;161.1;0.0;0.0
0.0;161.1;0.0;0.0
0.0;161.1;0.0;0.0
0.0;161.1;0.0;0.0
0.0;161.1;0.0;0.0
0.0;161.1;0.0;0.0
0.0;161.1;0.0;0.0
0.0;161.1;0.0;0.0
0.0;161.1;0.0;0.0
0.0;161.1;0.0;0.0
0.0;161.1;0.0;0.0
0.0;161.1;0.0;0.0
