77.8;258.0;1038.2;0.0
341.0;378.2;457.8;0.0
423.7;374.0;223.9;0.0
257.6;208.4;457.4;0.0
380.6;159.2;28.6;0.0
0.0;159.2;1.0;0.0
0.0;159.2;1.1;0.0
0.0;159.2;12.0;0.0
0.0;159.2;14.3;0.0
0.0;159.2;7.0;0.0
0.0;159.2;6.6;0.0
0.0;159.2;4.1;0.0
0.0;159.2;0.0;0.0
367.0;159.2;0.5;0.0
296.0;178.2;14.0;0.0
456.5;160.1;4.4;0.0
602.8;160.1;6.7;0.0
328.9;160.7;7.7;0.0
50.0;160.7;13.0;0.0
0.0;160.7;1.1;0.0
0.0;160.7;7.0;0.0
0.0;160.7;14.3;0.0
0.0;160.7;6.0;0.0
0.0;160.7;7.7;0.0
249.0;186.7;134.0;40.0
492.0;1322.7;24800.4;40.0
535.0;1322.7;10.0;3200.0
519.0;1320.9;1.4;1160.0
509.0;380.9;0.0;0.0
0.0;160.9;0.0;0.0
0.0;160.9;0.0;0.0
0.0;160.9;0.0;0.0
0.0;160.9;0.0;0.0
0.0;160.9;0.0;0.0
0.0;160.9;0.0;0.0
0.0;160.9;0.0;0.0
0.0;160.9;0.0;0.0
0.0;160.9;0.0;0.0
0.0;160.9;0.0;0.0
0.0;160.9;0.0;0.0
0.0;160.9;0.0;0.0
0.0;160.9;0.0;0.0
0.0;160.9;0.0;0.0
0.0;160.9;0.0;0.0
0.0;160.9;0.0;0.0
0.0;160.9;0.0;0.0
0.0;160.9;0.0;0.0
0.0;160.9;0.0;0.0
0.0;160.9;0.0;0.0
0.0;160.9;0.0;0.0
0.0;160.9;0.0;0.0
0.0;160.9;0.0;0.0
0.0;160.9;0.0;0.0
0.0;160.9;0.0;0.0
0.0;160.9;0.0;0.0
0.0;160.9;0.0;0.0
0.0;160.9;0.0;0.0
0.0;160.9;0.0;0.0
0.0;160.9;0.0;0.0
0.0;160.9;0.0;0.0
0.0;160.9;0.0;0.0
0.0;160.9;0.0;0.0
0.0;160.9;0.0;0.0
0.0;160.9;0.0;0.0
0.0;160.9;0.0;0.0
0.0;160.9;0.0;0.0
0.0;160.9;0.0;0.0
0.0;160.9;0.0;0.0
0.0;160.9;0.0;0.0
0.0;160.9;0.0;0.0
0.0;160.9;0.0;0.0
0.0;160.9;0.0;0.0
0.0;160.9;0.0;0.0
0.0;160.9;0.0;0.0
0.0;160.9;0.0;0.0
0.0;160.9;0.0;0.0
0.0;160.9;0.0;0.0
0.0;160.9;0.0;0.0
0.0;160.9;0.0;0.0
0.0;160.9;0.0;0.0
0.0;160.9;0.0;0.0
0.0;160.9;0.0;0.0
0.0;160.9;0.0;0.0
0.0;160.9;0.0;0.0
0.0;160.9;0.0;0.0
0.0;160.9;0.0;0.0
0.0;160.9;0.0;0.0
0.0;160.9;0.0;0.0
0.0;160.9;0.0;0.0
0.0;160.9;0.0;0.0
0.0;160.9;0.0;0.0
0.0;160.9;0.0;0.0
0.0;160.9;0.0;0.0
0.0;160.9;0.0;0.0
0.0;160.9;0.0;0.0
0.0;160.9;0.0;0.0
0.0;160.9;0.0;0.0
0.0;160.9;0.0;0.0
0.0;160.9;0.0;0.0
0.0;160.9;0.0;0.0
