109.9;265.3;353.7;0.0
203.5;282.0;221.2;0.0
294.8;331.4;422.3;0.0
245.8;190.4;564.9;0.0
236.0;159.1;9.7;0.0
0.0;159.1;0.0;0.0
0.0;159.1;1.0;0.0
0.0;159.1;1.1;0.0
50.0;159.1;13.0;0.0
0.0;159.1;14.3;0.0
0.0;159.1;7.0;0.0
0.0;159.1;7.7;0.0
0.0;159.1;4.0;0.0
0.0;159.1;4.4;0.0
266.0;159.1;5.0;0.0
108.9;160.1;5.3;0.0
929.0;160.1;6.0;0.0
548.9;160.1;0.0;0.0
521.4;160.1;1.0;0.0
495.0;160.6;15.4;0.0
0.0;160.6;13.0;0.0
55.0;160.6;1.1;0.0
0.0;160.6;7.0;0.0
0.0;160.6;13.2;0.0
0.0;160.6;5.0;0.0
0.0;160.6;7.7;0.0
248.0;195.6;151.0;40.0
507.0;1010.6;23606.7;0.0
492.0;1323.6;723.0;680.0
488.0;1321.8;4.4;2560.0
500.0;1321.8;2.0;640.0
495.0;377.8;5.0;720.0
0.0;160.8;0.0;0.0
0.0;160.8;0.0;0.0
0.0;160.8;0.0;0.0
0.0;160.8;0.0;0.0
0.0;160.8;0.0;0.0
0.0;160.8;0.0;0.0
0.0;160.8;0.0;0.0
0.0;160.8;0.0;0.0
0.0;160.8;0.0;0.0
0.0;160.8;0.0;0.0
0.0;160.8;0.0;0.0
0.0;160.8;0.0;0.0
0.0;160.8;0.0;0.0
0.0;160.8;0.0;0.0
0.0;160.8;0.0;0.0
0.0;160.8;0.0;0.0
0.0;160.8;0.0;0.0
0.0;160.8;0.0;0.0
0.0;160.8;0.0;0.0
0.0;160.8;0.0;0.0
0.0;160.8;0.0;0.0
0.0;160.8;0.0;0.0
0.0;160.8;0.0;0.0
0.0;160.8;0.0;0.0
0.0;160.8;0.0;0.0
0.0;160.8;0.0;0.0
0.0;160.8;0.0;0.0
0.0;160.8;0.0;0.0
0.0;160.8;0.0;0.0
0.0;160.8;0.0;0.0
0.0;160.8;0.0;0.0
0.0;160.8;0.0;0.0
0.0;160.8;0.0;0.0
0.0;160.8;0.0;0.0
0.0;160.8;0.0;0.0
0.0;160.8;0.0;0.0
0.0;160.8;0.0;0.0
0.0;160.8;0.0;0.0
0.0;160.8;0.0;0.0
0.0;160.8;0.0;0.0
0.0;160.8;0.0;0.0
0.0;160.8;0.0;0.0
0.0;160.8;0.0;0.0
0.0;160.8;0.0;0.0
0.0;160.8;0.0;0.0
0.0;160.8;0.0;0.0
0.0;160.8;0.0;0.0
0.0;160.8;0.0;0.0
0.0;160.8;0.0;0.0
0.0;160.8;0.0;0.0
0.0;160.8;0.0;0.0
0.0;160.8;0.0;0.0
0.0;160.8;0.0;0.0
0.0;160.8;0.0;0.0
0.0;160.8;0.0;0.0
0.0;160.8;0.0;0.0
0.0;160.8;0.0;0.0
0.0;160.8;0.0;0.0
0.0;160.8;0.0;0.0
0.0;160.8;0.0;0.0
0.0;160.8;0.0;0.0
0.0;160.8;0.0;0.0
0.0;160.8;0.0;0.0
0.0;160.8;0.0;0.0
0.0;160.8;0.0;0.0
0.0;160.8;0.0;0.0
0.0;160.8;0.0;0.0
0.0;160.8;0.0;0.0
