306.8;335.0;150.3;0.0
610.5;158.4;412.2;0.0
0.0;159.7;20.9;0.0
0.0;159.7;1.0;0.0
0.0;159.7;1.1;0.0
0.0;159.7;12.0;0.0
0.0;159.7;5.5;0.0
0.0;159.7;1.8;0.0
0.0;159.7;0.0;0.0
50.0;159.7;2.7;0.0
0.0;159.7;0.0;0.0
435.0;159.7;1.6;0.0
296.0;159.7;13.0;0.0
508.2;160.5;5.5;0.0
226.9;161.0;13.3;0.0
0.0;161.0;0.0;0.0
0.0;161.0;11.1;0.0
0.0;161.0;0.0;0.0
0.0;161.0;6.2;0.0
0.0;161.0;0.0;0.0
0.0;161.0;1.7;0.0
0.0;161.0;0.0;0.0
249.0;187.0;125.6;40.0
512.0;1004.0;13961.0;0.0
426.0;1001.3;3165.5;0.0
522.0;1004.3;3674.0;0.0
493.0;1004.3;3577.0;0.0
500.0;1317.3;426.0;1320.0
494.0;1317.3;6.0;1920.0
494.0;1317.3;2.0;640.0
484.0;376.3;3.0;520.0
0.0;161.3;0.0;0.0
0.0;161.3;0.0;0.0
0.0;161.3;0.0;0.0
0.0;161.3;0.0;0.0
0.0;161.3;0.0;0.0
0.0;161.3;0.0;0.0
0.0;161.3;0.0;0.0
0.0;161.3;0.0;0.0
0.0;161.3;0.0;0.0
0.0;161.3;0.0;0.0
0.0;161.3;0.0;0.0
0.0;161.3;0.0;0.0
0.0;161.3;0.0;0.0
0.0;161.3;0.0;0.0
0.0;161.3;0.0;0.0
0.0;161.3;0.0;0.0
0.0;161.3;0.0;0.0
0.0;161.3;0.0;0.0
0.0;161.3;0.0;0.0
0.0;161.3;0.0;0.0
0.0;161.3;0.0;0.0
0.0;161.3;0.0;0.0
0.0;161.3;0.0;0.0
0.0;161.3;0.0;0.0
0.0;161.3;0.0;0.0
0.0;161.3;0.0;0.0
0.0;161.3;0.0;0.0
0.0;161.3;0.0;0.0
0.0;161.3;0.0;0.0
0.0;161.3;0.0;0.0
0.0;161.3;0.0;0.0
0.0;161.3;0.0;0.0
0.0;161.3;0.0;0.0
0.0;161.3;0.0;0.0
0.0;161.3;0.0;0.0
0.0;161.3;0.0;0.0
0.0;161.3;0.0;0.0
0.0;161.3;0.0;0.0
0.0;161.3;0.0;0.0
0.0;161.3;0.0;0.0
0.0;161.3;0.0;0.0
0.0;161.3;0.0;0.0
0.0;161.3;0.0;0.0
0.0;161.3;0.0;0.0
0.0;161.3;0.0;0.0
0.0;161.3;0.0;0.0
0.0;161.3;0.0;0.0
0.0;161.3;0.0;0.0
0.0;161.3;0.0;0.0
0.0;161.3;0.0;0.0
0.0;161.3;0.0;0.0
0.0;161.3;0.0;0.0
0.0;161.3;0.0;0.0
0.0;161.3;0.0;0.0
0.0;161.3;0.0;0.0
0.0;161.3;0.0;0.0
0.0;161.3;0.0;0.0
0.0;161.3;0.0;0.0
0.0;161.3;0.0;0.0
0.0;161.3;0.0;0.0
0.0;161.3;0.0;0.0
0.0;161.3;0.0;0.0
0.0;161.3;0.0;0.0
0.0;161.3;0.0;0.0
0.0;161.3;0.0;0.0
0.0;161.3;0.0;0.0
0.0;161.3;0.0;0.0
0.0;161.3;0.0;0.0
0.0;161.3;0.0;0.0
