49.7;379.4;1279.1;0.0
480.6;488.1;66.9;0.0
60.0;584.2;471.5;0.0
882.8;389.3;680.6;0.0
548.9;307.4;138.6;0.0
548.9;178.7;344.4;0.0
110.0;159.3;22.0;0.0
0.0;159.3;13.0;0.0
0.0;159.3;10.1;0.0
0.0;159.3;0.0;0.0
50.0;159.3;10.3;0.0
499.0;159.3;1.0;0.0
248.0;177.3;6.7;0.0
0.0;177.3;0.0;0.0
0.0;177.3;5.6;0.0
0.0;177.3;0.0;0.0
158.9;160.0;8.5;0.0
553.3;160.0;0.0;0.0
550.0;160.0;7.0;0.0
603.9;160.0;15.4;0.0
218.9;160.5;5.0;0.0
0.0;160.5;0.0;0.0
246.0;199.5;139.1;40.0
537.0;389.5;393.0;0.0
500.0;1009.5;8497.3;0.0
474.0;1009.5;3594.0;0.0
499.0;1009.5;3122.7;0.0
495.0;1009.5;3431.0;0.0
516.0;1011.5;3789.5;0.0
494.0;1324.5;1499.0;680.0
498.0;1324.5;3.3;1920.0
517.0;1321.8;3.1;1280.0
490.0;399.8;3.0;440.0
0.0;160.8;0.0;0.0
0.0;160.8;0.0;0.0
0.0;160.8;0.0;0.0
0.0;160.8;0.0;0.0
0.0;160.8;0.0;0.0
0.0;160.8;0.0;0.0
0.0;160.8;0.0;0.0
0.0;160.8;0.0;0.0
0.0;160.8;0.0;0.0
0.0;160.8;0.0;0.0
0.0;160.8;0.0;0.0
0.0;160.8;0.0;0.0
0.0;160.8;0.0;0.0
0.0;160.8;0.0;0.0
0.0;160.8;0.0;0.0
0.0;160.8;0.0;0.0
0.0;160.8;0.0;0.0
0.0;160.8;0.0;0.0
0.0;160.8;0.0;0.0
0.0;160.8;0.0;0.0
0.0;160.8;0.0;0.0
0.0;160.8;0.0;0.0
0.0;160.8;0.0;0.0
0.0;160.8;0.0;0.0
0.0;160.8;0.0;0.0
0.0;160.8;0.0;0.0
0.0;160.8;0.0;0.0
0.0;160.8;0.0;0.0
0.0;160.8;0.0;0.0
0.0;160.8;0.0;0.0
0.0;160.8;0.0;0.0
0.0;160.8;0.0;0.0
0.0;160.8;0.0;0.0
0.0;160.8;0.0;0.0
0.0;160.8;0.0;0.0
0.0;160.8;0.0;0.0
0.0;160.8;0.0;0.0
0.0;160.8;0.0;0.0
0.0;160.8;0.0;0.0
0.0;160.8;0.0;0.0
0.0;160.8;0.0;0.0
0.0;160.8;0.0;0.0
0.0;160.8;0.0;0.0
0.0;160.8;0.0;0.0
0.0;160.8;0.0;0.0
0.0;160.8;0.0;0.0
0.0;160.8;0.0;0.0
0.0;160.8;0.0;0.0
0.0;160.8;0.0;0.0
0.0;160.8;0.0;0.0
0.0;160.8;0.0;0.0
0.0;160.8;0.0;0.0
0.0;160.8;0.0;0.0
0.0;160.8;0.0;0.0
0.0;160.8;0.0;0.0
0.0;160.8;0.0;0.0
0.0;160.8;0.0;0.0
0.0;160.8;0.0;0.0
0.0;160.8;0.0;0.0
0.0;160.8;0.0;0.0
0.0;160.8;0.0;0.0
0.0;160.8;0.0;0.0
0.0;160.8;0.0;0.0
0.0;160.8;0.0;0.0
0.0;160.8;0.0;0.0
0.0;160.8;0.0;0.0
0.0;160.8;0.0;0.0
