84.0;386.3;1261.1;0.0
438.0;473.5;150.9;0.0
56.0;547.1;508.8;0.0
684.9;384.7;545.4;0.0
605.0;206.5;465.3;0.0
380.6;159.3;27.6;0.0
0.0;159.3;0.0;0.0
0.0;159.3;12.1;0.0
0.0;159.3;0.0;0.0
0.0;159.3;7.0;0.0
0.0;159.3;14.3;0.0
0.0;159.3;7.0;0.0
0.0;159.3;7.7;0.0
50.0;159.3;0.4;0.0
500.0;159.3;0.0;0.0
379.9;160.1;4.4;0.0
66.4;160.1;14.0;0.0
550.0;160.1;0.0;0.0
548.9;160.1;12.2;0.0
495.0;160.6;2.2;0.0
0.0;160.6;12.0;0.0
0.0;160.6;1.1;0.0
0.0;160.6;7.0;0.0
0.0;160.6;14.3;0.0
0.0;160.6;5.0;0.0
0.0;160.6;7.7;0.0
47.0;160.6;5.0;0.0
475.0;355.6;169.5;40.0
499.0;700.6;4696.0;0.0
455.0;1006.8;5490.5;0.0
495.0;1006.8;3239.0;0.0
480.0;1006.8;3336.0;0.0
505.0;1010.8;3589.0;0.0
556.0;1315.8;4403.0;0.0
491.0;1323.8;22.0;1320.0
505.0;1323.8;6.0;1920.0
479.0;1019.8;5.0;1240.0
0.0;160.8;0.0;0.0
0.0;160.8;0.0;0.0
0.0;160.8;0.0;0.0
0.0;160.8;0.0;0.0
0.0;160.8;0.0;0.0
0.0;160.8;0.0;0.0
0.0;160.8;0.0;0.0
0.0;160.8;0.0;0.0
0.0;160.8;0.0;0.0
0.0;160.8;0.0;0.0
0.0;160.8;0.0;0.0
0.0;160.8;0.0;0.0
0.0;160.8;0.0;0.0
0.0;160.8;0.0;0.0
0.0;160.8;0.0;0.0
0.0;160.8;0.0;0.0
0.0;160.8;0.0;0.0
0.0;160.8;0.0;0.0
0.0;160.8;0.0;0.0
0.0;160.8;0.0;0.0
0.0;160.8;0.0;0.0
0.0;160.8;0.0;0.0
0.0;160.8;0.0;0.0
0.0;160.8;0.0;0.0
0.0;160.8;0.0;0.0
0.0;160.8;0.0;0.0
0.0;160.8;0.0;0.0
0.0;160.8;0.0;0.0
0.0;160.8;0.0;0.0
0.0;160.8;0.0;0.0
0.0;160.8;0.0;0.0
0.0;160.8;0.0;0.0
0.0;160.8;0.0;0.0
0.0;160.8;0.0;0.0
0.0;160.8;0.0;0.0
0.0;160.8;0.0;0.0
0.0;160.8;0.0;0.0
0.0;160.8;0.0;0.0
0.0;160.8;0.0;0.0
0.0;160.8;0.0;0.0
0.0;160.8;0.0;0.0
0.0;160.8;0.0;0.0
0.0;160.8;0.0;0.0
0.0;160.8;0.0;0.0
0.0;160.8;0.0;0.0
0.0;160.8;0.0;0.0
0.0;160.8;0.0;0.0
0.0;160.8;0.0;0.0
0.0;160.8;0.0;0.0
0.0;160.8;0.0;0.0
0.0;160.8;0.0;0.0
0.0;160.8;0.0;0.0
0.0;160.8;0.0;0.0
0.0;160.8;0.0;0.0
0.0;160.8;0.0;0.0
0.0;160.8;0.0;0.0
0.0;160.8;0.0;0.0
0.0;160.8;0.0;0.0
0.0;160.8;0.0;0.0
0.0;160.8;0.0;0.0
0.0;160.8;0.0;0.0
0.0;160.8;0.0;0.0
0.0;160.8;0.0;0.0
