42.9;113.6;94.9;0.0
93.5;160.4;121.4;0.0
110.5;158.2;123.7;0.0
418.0;157.7;45.7;0.0
554.5;158.9;6.5;0.0
0.0;158.9;0.0;0.0
0.0;158.9;1.0;0.0
0.0;158.9;0.0;0.0
0.0;158.9;13.0;0.0
0.0;158.9;0.0;0.0
0.0;158.9;7.0;0.0
0.0;158.9;0.0;0.0
0.0;158.9;6.0;0.0
0.0;158.9;0.0;0.0
196.0;175.9;5.0;0.0
486.0;175.9;0.0;0.0
526.0;175.9;0.0;0.0
500.0;175.9;14.0;0.0
50.0;180.9;0.0;0.0
0.0;180.9;1.0;0.0
0.0;180.9;0.0;0.0
0.0;180.9;0.0;0.0
0.0;180.9;13.0;0.0
0.0;180.9;0.0;0.0
0.0;180.9;7.0;0.0
0.0;180.9;0.0;0.0
0.0;180.9;5.0;0.0
0.0;180.9;0.0;0.0
458.0;317.9;175.0;40.0
495.0;1076.9;24757.0;0.0
512.0;1336.9;20.0;680.0
495.0;1336.9;8.0;2560.0
494.0;1336.9;2.0;640.0
491.0;414.9;3.0;440.0
0.0;158.9;0.0;0.0
0.0;158.9;0.0;0.0
0.0;158.9;0.0;0.0
0.0;158.9;0.0;0.0
0.0;158.9;0.0;0.0
0.0;158.9;0.0;0.0
0.0;158.9;0.0;0.0
0.0;158.9;0.0;0.0
0.0;158.9;0.0;0.0
0.0;158.9;0.0;0.0
0.0;158.9;0.0;0.0
0.0;158.9;0.0;0.0
0.0;158.9;0.0;0.0
0.0;158.9;0.0;0.0
0.0;158.9;0.0;0.0
0.0;158.9;0.0;0.0
0.0;158.9;0.0;0.0
0.0;158.9;0.0;0.0
0.0;158.9;0.0;0.0
0.0;158.9;0.0;0.0
0.0;158.9;0.0;0.0
0.0;158.9;0.1;0.0
0.0;158.9;0.0;0.0
0.0;158.9;1.2;0.0
0.0;158.9;0.0;0.0
0.0;158.9;0.7;0.0
0.0;158.9;0.0;0.0
0.0;158.9;0.4;0.0
0.0;158.9;0.0;0.0
48.0;159.8;0.4;0.0
48.5;159.8;0.0;0.0
49.5;159.8;0.0;0.0
35.0;160.2;1.4;0.0
0.0;160.2;0.0;0.0
0.0;160.2;0.0;0.0
0.0;160.2;0.0;0.0
0.0;160.2;0.1;0.0
0.0;160.2;0.0;0.0
0.0;160.2;1.2;0.0
0.0;160.2;0.0;0.0
0.0;160.2;0.7;0.0
0.0;160.2;0.0;0.0
0.0;160.2;0.6;0.0
0.0;160.2;0.0;0.0
0.0;160.5;0.5;0.0
0.0;160.5;0.0;0.0
0.0;160.5;0.0;0.0
0.0;160.5;0.0;0.0
0.0;160.5;0.0;0.0
0.0;160.5;0.0;0.0
0.0;160.5;0.0;0.0
0.0;160.5;0.0;0.0
0.0;160.5;0.0;0.0
0.0;160.5;0.0;0.0
0.0;160.5;0.0;0.0
0.0;160.5;0.0;0.0
0.0;160.5;0.0;0.0
0.0;160.5;0.0;0.0
0.0;160.5;0.0;0.0
0.0;160.5;0.0;0.0
0.0;160.5;0.0;0.0
0.0;160.5;0.0;0.0
0.0;160.5;0.0;0.0
0.0;160.5;0.0;0.0
0.0;160.5;0.0;0.0
0.0;160.5;0.0;0.0
