56.0;113.7;40.0;0.0
92.9;133.8;339.0;0.0
307.5;279.1;244.1;0.0
383.2;327.4;102.7;0.0
156.0;204.8;395.2;0.0
437.8;159.7;45.1;0.0
0.0;159.7;1.0;0.0
0.0;159.7;0.0;0.0
0.0;159.7;1.1;0.0
0.0;159.7;12.0;0.0
0.0;159.7;14.3;0.0
0.0;159.7;7.0;0.0
0.0;159.7;7.7;0.0
0.0;159.7;6.0;0.0
0.0;159.7;6.6;0.0
289.0;159.7;4.0;0.0
193.8;160.5;5.5;0.0
57.9;160.5;12.0;0.0
368.6;160.5;2.0;0.0
603.9;160.5;15.4;0.0
0.0;161.0;1.0;0.0
0.0;161.0;1.1;0.0
0.0;161.0;12.0;0.0
0.0;161.0;13.2;0.0
0.0;161.0;7.0;0.0
0.0;161.0;0.0;0.0
0.0;161.0;7.7;0.0
0.0;161.0;4.0;0.0
0.0;161.0;4.4;0.0
409.0;264.0;138.0;40.0
450.0;691.3;3224.4;0.0
508.0;1000.3;7428.0;0.0
498.0;1000.3;3272.0;0.0
500.0;1000.3;3142.0;0.0
547.0;1002.3;4436.0;0.0
449.0;1312.3;2823.0;0.0
548.0;1314.3;6.0;1960.0
476.0;1314.3;6.0;1920.0
482.0;391.3;3.0;360.0
0.0;161.3;0.0;0.0
0.0;161.3;0.0;0.0
0.0;161.3;0.0;0.0
0.0;161.3;0.0;0.0
0.0;161.3;0.0;0.0
0.0;161.3;0.0;0.0
0.0;161.3;0.0;0.0
0.0;161.3;0.0;0.0
0.0;161.3;0.0;0.0
0.0;161.3;0.0;0.0
0.0;161.3;0.0;0.0
0.0;161.3;0.0;0.0
0.0;161.3;0.0;0.0
0.0;161.3;0.0;0.0
0.0;161.3;0.0;0.0
0.0;161.3;0.0;0.0
0.0;161.3;0.0;0.0
0.0;161.3;0.0;0.0
0.0;161.3;0.0;0.0
0.0;161.3;0.0;0.0
0.0;161.3;0.0;0.0
0.0;161.3;0.0;0.0
0.0;161.3;0.0;0.0
0.0;161.3;0.0;0.0
0.0;161.3;0.0;0.0
0.0;161.3;0.0;0.0
0.0;161.3;0.0;0.0
0.0;161.3;0.0;0.0
0.0;161.3;0.0;0.0
0.0;161.3;0.0;0.0
0.0;161.3;0.0;0.0
0.0;161.3;0.0;0.0
0.0;161.3;0.0;0.0
0.0;161.3;0.0;0.0
0.0;161.3;0.0;0.0
0.0;161.3;0.0;0.0
0.0;161.3;0.0;0.0
0.0;161.3;0.0;0.0
0.0;161.3;0.0;0.0
0.0;161.3;0.0;0.0
0.0;161.3;0.0;0.0
0.0;161.3;0.0;0.0
0.0;161.3;0.0;0.0
0.0;161.3;0.0;0.0
0.0;161.3;0.0;0.0
0.0;161.3;0.0;0.0
0.0;161.3;0.0;0.0
0.0;161.3;0.0;0.0
0.0;161.3;0.0;0.0
0.0;161.3;0.0;0.0
0.0;161.3;0.0;0.0
0.0;161.3;0.0;0.0
0.0;161.3;0.0;0.0
0.0;161.3;0.0;0.0
0.0;161.3;0.0;0.0
0.0;161.3;0.0;0.0
0.0;161.3;0.0;0.0
0.0;161.3;0.0;0.0
0.0;161.3;0.0;0.0
0.0;161.3;0.0;0.0
0.0;161.3;0.0;0.0
