61.6;247.2;1045.4;0.0
322.5;420.8;301.9;0.0
440.8;371.5;342.4;0.0
498.9;276.0;234.1;0.0
561.0;159.6;251.9;0.0
0.0;159.6;1.0;0.0
0.0;159.6;0.0;0.0
0.0;159.6;12.1;0.0
0.0;159.6;0.0;0.0
0.0;159.6;7.3;0.0
0.0;159.6;5.0;0.0
0.0;159.6;0.0;0.0
50.0;159.6;3.7;0.0
495.0;159.6;1.0;0.0
299.0;159.6;7.6;0.0
0.0;159.6;0.0;0.0
336.0;160.3;3.4;0.0
596.2;160.3;0.0;0.0
548.9;160.3;13.0;0.0
440.0;160.9;15.4;0.0
0.0;160.9;7.0;0.0
0.0;160.9;0.0;0.0
0.0;160.9;5.1;0.0
0.0;160.9;0.0;0.0
204.0;184.9;96.3;40.0
498.0;1004.9;17599.0;0.0
461.0;1317.9;6781.7;0.0
513.0;1159.9;15.0;4320.0
509.0;369.9;4.4;0.0
0.0;160.9;0.0;0.0
0.0;161.1;0.5;0.0
0.0;161.1;0.0;0.0
0.0;161.1;0.0;0.0
0.0;161.1;0.0;0.0
0.0;161.1;0.0;0.0
0.0;161.1;0.0;0.0
0.0;161.1;0.0;0.0
0.0;161.1;0.0;0.0
0.0;161.1;0.0;0.0
0.0;161.1;0.0;0.0
0.0;161.1;0.0;0.0
0.0;161.1;0.0;0.0
0.0;161.1;0.0;0.0
0.0;161.1;0.0;0.0
0.0;161.1;0.0;0.0
0.0;161.1;0.0;0.0
0.0;161.1;0.0;0.0
0.0;161.1;0.0;0.0
0.0;161.1;0.0;0.0
0.0;161.1;0.0;0.0
0.0;161.1;0.0;0.0
0.0;161.1;0.0;0.0
0.0;161.1;0.0;0.0
0.0;161.1;0.0;0.0
0.0;161.1;0.0;0.0
0.0;161.1;0.0;0.0
0.0;161.1;0.0;0.0
0.0;161.1;0.0;0.0
0.0;161.1;0.0;0.0
0.0;161.1;0.0;0.0
0.0;161.1;0.0;0.0
0.0;161.1;0.0;0.0
0.0;161.1;0.0;0.0
0.0;161.1;0.0;0.0
0.0;161.1;0.0;0.0
0.0;161.1;0.0;0.0
0.0;161.1;0.0;0.0
0.0;161.1;0.0;0.0
0.0;161.1;0.0;0.0
0.0;161.1;0.0;0.0
0.0;161.1;0.0;0.0
0.0;161.1;0.0;0.0
0.0;161.1;0.0;0.0
0.0;161.1;0.0;0.0
0.0;161.1;0.0;0.0
0.0;161.1;0.0;0.0
0.0;161.1;0.0;0.0
0.0;161.1;0.0;0.0
0.0;161.1;0.0;0.0
0.0;161.1;0.0;0.0
0.0;161.1;0.0;0.0
0.0;161.1;0.0;0.0
0.0;161.1;0.0;0.0
0.0;161.1;0.0;0.0
0.0;161.1;0.0;0.0
0.0;161.1;0.0;0.0
0.0;161.1;0.0;0.0
0.0;161.1;0.0;0.0
0.0;161.1;0.0;0.0
0.0;161.1;0.0;0.0
0.0;161.1;0.0;0.0
0.0;161.1;0.0;0.0
0.0;161.1;0.0;0.0
0.0;161.1;0.0;0.0
0.0;161.1;0.0;0.0
0.0;161.1;0.0;0.0
0.0;161.1;0.0;0.0
0.0;161.1;0.0;0.0
0.0;161.1;0.0;0.0
0.0;161.1;0.0;0.0
