80.0;127.1;200.7;0.0
49.7;178.3;191.9;0.0
129.2;184.5;278.5;0.0
100.6;275.9;244.3;0.0
301.0;174.6;293.5;0.0
55.0;159.2;22.0;0.0
0.0;159.2;1.0;0.0
0.0;159.2;1.1;0.0
0.0;159.2;0.0;0.0
0.0;159.2;1.3;0.0
0.0;159.2;0.0;0.0
0.0;159.2;0.7;0.0
0.0;159.2;0.0;0.0
0.0;159.2;1.6;0.0
0.0;159.2;0.0;0.0
421.0;160.2;1.5;0.0
71.9;160.2;0.0;0.0
203.8;160.2;14.0;0.0
548.9;160.2;13.2;0.0
218.9;160.7;1.2;0.0
0.0;160.7;0.0;0.0
0.0;160.7;12.1;0.0
0.0;160.7;0.0;0.0
0.0;160.7;6.2;0.0
0.0;160.7;0.0;0.0
55.0;160.7;1.7;0.0
0.0;160.7;0.0;0.0
150.0;160.7;1.6;0.0
448.0;365.7;526.0;40.0
508.0;693.9;7006.5;0.0
477.0;1001.9;3412.0;0.0
530.0;1001.9;3846.0;0.0
515.0;1001.9;3522.0;0.0
449.0;1005.9;3334.0;0.0
498.0;1316.9;2823.0;0.0
505.0;1319.9;8.0;2600.0
499.0;1319.9;4.0;1280.0
502.0;396.9;5.0;720.0
0.0;160.9;0.0;0.0
0.0;160.9;0.0;0.0
0.0;160.9;0.0;0.0
0.0;160.9;0.0;0.0
0.0;160.9;0.0;0.0
0.0;160.9;0.0;0.0
0.0;160.9;0.0;0.0
0.0;160.9;0.0;0.0
0.0;160.9;0.0;0.0
0.0;160.9;0.0;0.0
0.0;160.9;0.0;0.0
0.0;160.9;0.0;0.0
0.0;160.9;0.0;0.0
0.0;160.9;0.0;0.0
0.0;160.9;0.0;0.0
0.0;160.9;0.0;0.0
0.0;160.9;0.0;0.0
0.0;160.9;0.0;0.0
0.0;160.9;0.0;0.0
0.0;160.9;0.0;0.0
0.0;160.9;0.0;0.0
0.0;160.9;0.0;0.0
0.0;160.9;0.0;0.0
0.0;160.9;0.0;0.0
0.0;160.9;0.0;0.0
0.0;160.9;0.0;0.0
0.0;160.9;0.0;0.0
0.0;160.9;0.0;0.0
0.0;160.9;0.0;0.0
0.0;160.9;0.0;0.0
0.0;160.9;0.0;0.0
0.0;160.9;0.0;0.0
0.0;160.9;0.0;0.0
0.0;160.9;0.0;0.0
0.0;160.9;0.0;0.0
0.0;160.9;0.0;0.0
0.0;160.9;0.0;0.0
0.0;160.9;0.0;0.0
0.0;160.9;0.0;0.0
0.0;160.9;0.0;0.0
0.0;160.9;0.0;0.0
0.0;160.9;0.0;0.0
0.0;160.9;0.0;0.0
0.0;160.9;0.0;0.0
0.0;160.9;0.0;0.0
0.0;160.9;0.0;0.0
0.0;160.9;0.0;0.0
0.0;160.9;0.0;0.0
0.0;160.9;0.0;0.0
0.0;160.9;0.0;0.0
0.0;160.9;0.0;0.0
0.0;160.9;0.0;0.0
0.0;160.9;0.0;0.0
0.0;160.9;0.0;0.0
0.0;160.9;0.0;0.0
0.0;160.9;0.0;0.0
0.0;160.9;0.0;0.0
0.0;160.9;0.0;0.0
0.0;160.9;0.0;0.0
0.0;160.9;0.0;0.0
0.0;160.9;0.0;0.0
0.0;160.9;0.0;0.0
