79.0;260.4;305.2;0.0
73.9;177.0;162.4;0.0
315.8;262.7;325.4;0.0
164.4;159.2;492.3;0.0
250.0;159.2;20.0;0.0
0.0;159.2;0.0;0.0
0.0;159.2;0.1;0.0
0.0;159.2;0.0;0.0
50.0;159.2;1.2;0.0
0.0;159.2;0.0;0.0
0.0;159.2;0.7;0.0
0.0;159.2;0.0;0.0
0.0;159.2;1.5;0.0
0.0;159.2;0.0;0.0
378.0;160.1;1.5;0.0
291.9;160.5;14.3;0.0
504.0;160.5;0.0;0.0
498.0;160.5;13.1;0.0
0.0;160.5;0.0;0.0
0.0;160.5;14.4;0.0
0.0;160.5;0.0;0.0
0.0;160.5;5.7;0.0
0.0;160.5;0.0;0.0
0.0;160.5;3.4;0.0
0.0;160.5;0.0;0.0
55.0;160.8;3.4;0.0
0.0;160.8;0.0;0.0
99.0;160.8;4.0;0.0
440.0;341.8;172.0;40.0
487.0;700.8;7315.0;0.0
546.0;1008.8;3449.0;0.0
460.0;1008.8;3296.0;0.0
539.0;1008.8;3174.0;0.0
494.0;1010.8;3378.0;0.0
500.0;1010.8;3636.0;0.0
500.0;1321.8;523.0;680.0
500.0;1321.8;8.0;2560.0
499.0;1321.8;2.0;640.0
479.0;400.8;3.0;680.0
0.0;160.8;0.0;0.0
0.0;160.8;0.0;0.0
0.0;160.8;0.0;0.0
0.0;160.8;0.0;0.0
0.0;160.8;0.0;0.0
0.0;160.8;0.0;0.0
0.0;160.8;0.0;0.0
0.0;160.8;0.0;0.0
0.0;160.8;0.0;0.0
0.0;160.8;0.0;0.0
0.0;160.8;0.0;0.0
0.0;160.8;0.0;0.0
0.0;160.8;0.0;0.0
0.0;160.8;0.0;0.0
0.0;160.8;0.0;0.0
0.0;160.8;0.0;0.0
0.0;160.8;0.0;0.0
0.0;160.8;0.0;0.0
0.0;160.8;0.0;0.0
0.0;160.8;0.0;0.0
0.0;160.8;0.0;0.0
0.0;160.8;0.0;0.0
0.0;160.8;0.0;0.0
0.0;160.8;0.0;0.0
0.0;160.8;0.0;0.0
0.0;160.8;0.0;0.0
0.0;160.8;0.0;0.0
0.0;160.8;0.0;0.0
0.0;160.8;0.0;0.0
0.0;160.8;0.0;0.0
0.0;160.8;0.0;0.0
0.0;160.8;0.0;0.0
0.0;160.8;0.0;0.0
0.0;160.8;0.0;0.0
0.0;160.8;0.0;0.0
0.0;160.8;0.0;0.0
0.0;160.8;0.0;0.0
0.0;160.8;0.0;0.0
0.0;160.8;0.0;0.0
0.0;160.8;0.0;0.0
0.0;160.8;0.0;0.0
0.0;160.8;0.0;0.0
0.0;160.8;0.0;0.0
0.0;160.8;0.0;0.0
0.0;160.8;0.0;0.0
0.0;160.8;0.0;0.0
0.0;160.8;0.0;0.0
0.0;160.8;0.0;0.0
0.0;160.8;0.0;0.0
0.0;160.8;0.0;0.0
0.0;160.8;0.0;0.0
0.0;160.8;0.0;0.0
0.0;160.8;0.0;0.0
0.0;160.8;0.0;0.0
0.0;160.8;0.0;0.0
0.0;160.8;0.0;0.0
0.0;160.8;0.0;0.0
0.0;160.8;0.0;0.0
0.0;160.8;0.0;0.0
0.0;160.8;0.0;0.0
0.0;160.8;0.0;0.0
