44.9;158.5;120.1;0.0
92.8;172.5;225.2;0.0
184.2;229.3;126.5;0.0
85.0;159.5;284.4;0.0
60.4;157.4;86.8;0.0
278.9;159.7;2.0;0.0
0.0;159.7;0.0;0.0
0.0;159.7;1.0;0.0
0.0;159.7;0.0;0.0
0.0;159.7;13.0;0.0
0.0;159.7;0.0;0.0
0.0;159.7;7.0;0.0
0.0;159.7;0.0;0.0
0.0;159.7;5.0;0.0
0.0;159.7;0.0;0.0
418.0;159.7;5.0;0.0
500.0;159.7;0.0;0.0
490.0;159.7;14.0;0.0
142.0;159.7;0.0;0.0
0.0;159.7;0.0;0.0
0.0;159.7;1.0;0.0
0.0;159.7;0.0;0.0
0.0;159.7;14.0;0.0
0.0;159.7;0.0;0.0
0.0;159.7;7.0;0.0
0.0;159.7;2.0;0.0
0.0;159.7;4.0;0.0
0.0;159.7;0.0;0.0
442.0;252.7;150.0;40.0
436.0;702.7;1460.0;0.0
519.0;1013.7;8758.0;0.0
482.0;1013.7;4440.0;0.0
498.0;1013.7;3202.0;0.0
500.0;1016.7;4037.0;0.0
562.0;1325.7;2436.0;0.0
450.0;1328.7;6.0;1960.0
517.0;1328.7;6.0;1920.0
515.0;1023.7;5.0;760.0
0.0;159.7;0.0;0.0
0.0;159.7;0.0;0.0
0.0;159.7;0.0;0.0
0.0;159.7;0.0;0.0
0.0;159.7;0.0;0.0
0.0;159.7;0.0;0.0
0.0;159.7;0.0;0.0
0.0;159.7;0.0;0.0
0.0;159.7;0.0;0.0
0.0;159.7;0.0;0.0
0.0;159.7;0.0;0.0
0.0;159.7;0.0;0.0
0.0;159.7;0.0;0.0
0.0;159.7;0.0;0.0
0.0;159.7;0.0;0.0
0.0;159.7;0.0;0.0
0.0;159.7;0.0;0.0
0.0;159.7;0.0;0.0
0.0;159.7;0.0;0.0
0.0;159.7;0.1;0.0
0.0;159.7;0.0;0.0
4.9;159.7;1.3;0.0
0.0;159.7;0.0;0.0
0.0;159.7;0.7;0.0
0.0;159.7;0.0;0.0
0.0;159.7;0.6;0.0
0.0;159.7;0.0;0.0
39.1;160.5;0.4;0.0
46.3;160.5;0.0;0.0
51.6;160.5;0.0;0.0
35.0;161.1;1.4;0.0
0.0;161.1;0.0;0.0
0.0;161.1;0.0;0.0
0.0;161.1;0.1;0.0
0.0;161.1;0.0;0.0
0.0;161.1;1.3;0.0
0.0;161.1;0.0;0.0
0.0;161.1;0.7;0.0
0.0;161.1;0.0;0.0
0.0;161.1;0.5;0.0
0.0;161.1;0.0;0.0
4.9;161.3;0.4;0.0
0.0;161.3;0.0;0.0
0.0;161.3;0.0;0.0
0.0;161.3;0.0;0.0
0.0;161.3;0.0;0.0
0.0;161.3;0.0;0.0
0.0;161.3;0.0;0.0
0.0;161.3;0.0;0.0
0.0;161.3;0.0;0.0
0.0;161.3;0.0;0.0
0.0;161.3;0.0;0.0
0.0;161.3;0.0;0.0
0.0;161.3;0.0;0.0
0.0;161.3;0.0;0.0
0.0;161.3;0.0;0.0
0.0;161.3;0.0;0.0
0.0;161.3;0.0;0.0
0.0;161.3;0.0;0.0
0.0;161.3;0.0;0.0
0.0;161.3;0.0;0.0
0.0;161.3;0.0;0.0
