150.9;336.3;299.0;0.0
85.0;241.3;327.8;0.0
408.9;412.3;251.4;0.0
356.7;374.1;380.1;0.0
261.0;206.7;457.4;0.0
1042.8;159.3;28.6;0.0
0.0;159.3;1.0;0.0
0.0;159.3;1.1;0.0
0.0;159.3;14.0;0.0
0.0;159.3;0.0;0.0
0.0;159.3;7.3;0.0
0.0;159.3;0.0;0.0
0.0;159.3;2.7;0.0
0.0;159.3;0.0;0.0
99.0;159.3;1.5;0.0
496.0;159.3;0.0;0.0
75.0;160.1;5.5;0.0
109.6;160.1;1.4;0.0
220.0;160.6;0.0;0.0
0.0;160.6;1.0;0.0
0.0;160.6;1.1;0.0
50.0;160.6;13.0;0.0
0.0;160.6;13.2;0.0
0.0;160.6;7.0;0.0
0.0;160.6;7.7;0.0
0.0;160.6;6.0;0.0
0.0;160.6;5.5;0.0
0.0;160.6;5.0;0.0
496.0;271.9;150.5;40.0
510.0;698.9;5565.0;0.0
492.0;1007.9;6742.0;0.0
485.0;1007.9;3221.0;0.0
509.0;1007.9;3663.0;0.0
498.0;1008.9;4271.0;0.0
530.0;1321.9;875.0;680.0
492.0;1321.9;6.0;1920.0
478.0;1321.9;7.0;1800.0
499.0;399.9;0.0;0.0
0.0;160.9;0.0;0.0
0.0;160.9;0.0;0.0
0.0;160.9;0.0;0.0
0.0;160.9;0.0;0.0
0.0;160.9;0.0;0.0
0.0;160.9;0.0;0.0
0.0;160.9;0.0;0.0
0.0;160.9;0.0;0.0
0.0;160.9;0.0;0.0
0.0;160.9;0.0;0.0
0.0;160.9;0.0;0.0
0.0;160.9;0.0;0.0
0.0;160.9;0.0;0.0
0.0;160.9;0.0;0.0
0.0;160.9;0.0;0.0
0.0;160.9;0.0;0.0
0.0;160.9;0.0;0.0
0.0;160.9;0.0;0.0
0.0;160.9;0.0;0.0
0.0;160.9;0.0;0.0
0.0;160.9;0.0;0.0
0.0;160.9;0.0;0.0
0.0;160.9;0.0;0.0
0.0;160.9;0.0;0.0
0.0;160.9;0.0;0.0
0.0;160.9;0.0;0.0
0.0;160.9;0.0;0.0
0.0;160.9;0.0;0.0
0.0;160.9;0.0;0.0
0.0;160.9;0.0;0.0
0.0;160.9;0.0;0.0
0.0;160.9;0.0;0.0
0.0;160.9;0.0;0.0
0.0;160.9;0.0;0.0
0.0;160.9;0.0;0.0
0.0;160.9;0.0;0.0
0.0;160.9;0.0;0.0
0.0;160.9;0.0;0.0
0.0;160.9;0.0;0.0
0.0;160.9;0.0;0.0
0.0;160.9;0.0;0.0
0.0;160.9;0.0;0.0
0.0;160.9;0.0;0.0
0.0;160.9;0.0;0.0
0.0;160.9;0.0;0.0
0.0;160.9;0.0;0.0
0.0;160.9;0.0;0.0
0.0;160.9;0.0;0.0
0.0;160.9;0.0;0.0
0.0;160.9;0.0;0.0
0.0;160.9;0.0;0.0
0.0;160.9;0.0;0.0
0.0;160.9;0.0;0.0
0.0;160.9;0.0;0.0
0.0;160.9;0.0;0.0
0.0;160.9;0.0;0.0
0.0;160.9;0.0;0.0
0.0;160.9;0.0;0.0
0.0;160.9;0.0;0.0
0.0;160.9;0.0;0.0
0.0;160.9;0.0;0.0
0.0;160.9;0.0;0.0
