78.1;99.3;109.5;0.0
57.5;132.0;130.6;0.0
111.2;176.4;104.7;0.0
49.1;188.4;84.2;0.0
187.8;159.0;8.6;0.0
0.0;159.0;0.0;0.0
0.0;159.0;1.0;0.0
0.0;159.0;1.1;0.0
0.0;159.0;13.0;0.0
0.0;159.0;14.3;0.0
0.0;159.0;7.0;0.0
0.0;159.0;7.7;0.0
0.0;159.0;5.0;0.0
0.0;159.0;5.5;0.0
188.0;159.0;4.0;0.0
373.9;159.8;3.4;0.0
298.8;159.8;13.0;0.0
550.0;159.8;0.0;0.0
578.6;159.8;1.0;0.0
385.0;160.3;15.4;0.0
0.0;160.3;13.0;0.0
0.0;160.3;1.1;0.0
0.0;160.3;7.0;0.0
0.0;160.3;13.2;0.0
0.0;160.3;6.0;0.0
0.0;160.3;7.7;0.0
299.0;180.3;23.0;40.0
496.0;1015.3;20298.7;0.0
489.0;1328.3;4159.0;680.0
505.0;1166.6;8.5;3560.0
0.0;160.6;0.0;0.0
0.0;160.6;0.0;0.0
0.0;160.6;0.0;0.0
0.0;160.6;0.0;0.0
0.0;160.6;0.0;0.0
0.0;160.6;0.0;0.0
0.0;160.6;0.0;0.0
0.0;160.6;0.0;0.0
0.0;160.6;0.0;0.0
0.0;160.6;0.0;0.0
0.0;160.6;0.0;0.0
0.0;160.6;0.0;0.0
0.0;160.6;0.0;0.0
0.0;160.6;0.0;0.0
0.0;160.6;0.0;0.0
0.0;160.6;0.0;0.0
0.0;160.6;0.0;0.0
0.0;160.6;0.0;0.0
0.0;160.6;0.0;0.0
0.0;160.6;0.0;0.0
0.0;160.6;0.0;0.0
0.0;160.6;0.0;0.0
0.0;160.6;0.0;0.0
0.0;160.6;0.0;0.0
0.0;160.6;0.0;0.0
0.0;160.6;0.0;0.0
0.0;160.6;0.0;0.0
0.0;160.6;0.0;0.0
0.0;160.6;0.0;0.0
0.0;160.6;0.0;0.0
0.0;160.6;0.0;0.0
0.0;160.6;0.0;0.0
0.0;160.6;0.0;0.0
0.0;160.6;0.0;0.0
0.0;160.6;0.0;0.0
0.0;160.6;0.0;0.0
0.0;160.6;0.0;0.0
0.0;160.6;0.0;0.0
0.0;160.6;0.0;0.0
0.0;160.6;0.0;0.0
0.0;160.6;0.0;0.0
0.0;160.6;0.0;0.0
0.0;160.6;0.0;0.0
0.0;160.6;0.0;0.0
0.0;160.6;0.0;0.0
0.0;160.6;0.0;0.0
0.0;160.6;0.0;0.0
0.0;160.6;0.0;0.0
0.0;160.6;0.0;0.0
0.0;160.6;0.0;0.0
0.0;160.6;0.0;0.0
0.0;160.6;0.0;0.0
0.0;160.6;0.0;0.0
0.0;160.6;0.0;0.0
0.0;160.6;0.0;0.0
0.0;160.6;0.0;0.0
0.0;160.6;0.0;0.0
0.0;160.6;0.0;0.0
0.0;160.6;0.0;0.0
0.0;160.6;0.0;0.0
0.0;160.6;0.0;0.0
0.0;160.6;0.0;0.0
0.0;160.6;0.0;0.0
0.0;160.6;0.0;0.0
0.0;160.6;0.0;0.0
0.0;160.6;0.0;0.0
0.0;160.6;0.0;0.0
0.0;160.6;0.0;0.0
0.0;160.6;0.0;0.0
0.0;160.6;0.0;0.0
