74.0;493.3;1270.2;0.0
201.3;645.3;344.9;0.0
128.4;549.8;974.8;0.0
755.7;182.6;1037.3;0.0
385.0;159.3;21.0;0.0
0.0;159.3;0.0;0.0
0.0;159.3;12.1;0.0
0.0;159.3;0.0;0.0
0.0;159.3;6.2;0.0
0.0;159.3;0.0;0.0
0.0;159.3;1.7;0.0
0.0;159.3;0.0;0.0
149.0;159.3;2.6;0.0
491.0;159.3;0.0;0.0
141.7;160.3;6.6;0.0
210.9;160.8;2.3;0.0
50.0;160.8;0.0;0.0
0.0;160.8;1.1;0.0
0.0;160.8;1.0;0.0
55.0;160.8;13.2;0.0
0.0;160.8;13.0;0.0
0.0;160.8;7.7;0.0
0.0;160.8;7.0;0.0
0.0;160.8;4.4;0.0
0.0;160.8;6.0;0.0
98.0;161.0;0.5;0.0
480.0;343.0;180.0;40.0
495.0;1002.0;11427.0;0.0
500.0;1312.0;12889.0;0.0
477.0;1314.0;15.0;4360.0
0.0;161.0;0.0;0.0
0.0;161.0;0.0;0.0
0.0;161.0;0.0;0.0
0.0;161.0;0.0;0.0
0.0;161.0;0.0;0.0
0.0;161.0;0.0;0.0
0.0;161.0;0.0;0.0
0.0;161.0;0.0;0.0
0.0;161.0;0.0;0.0
0.0;161.0;0.0;0.0
0.0;161.0;0.0;0.0
0.0;161.0;0.0;0.0
0.0;161.0;0.0;0.0
0.0;161.0;0.0;0.0
0.0;161.0;0.0;0.0
0.0;161.0;0.0;0.0
0.0;161.0;0.0;0.0
0.0;161.0;0.0;0.0
0.0;161.0;0.0;0.0
0.0;161.0;0.0;0.0
0.0;161.0;0.0;0.0
0.0;161.0;0.0;0.0
0.0;161.0;0.0;0.0
0.0;161.0;0.0;0.0
0.0;161.0;0.0;0.0
0.0;161.0;0.0;0.0
0.0;161.0;0.0;0.0
0.0;161.0;0.0;0.0
0.0;161.0;0.0;0.0
0.0;161.0;0.0;0.0
0.0;161.0;0.0;0.0
0.0;161.0;0.0;0.0
0.0;161.0;0.0;0.0
0.0;161.0;0.0;0.0
0.0;161.0;0.0;0.0
0.0;161.0;0.0;0.0
0.0;161.0;0.0;0.0
0.0;161.0;0.0;0.0
0.0;161.0;0.0;0.0
0.0;161.0;0.0;0.0
0.0;161.0;0.0;0.0
0.0;161.0;0.0;0.0
0.0;161.0;0.0;0.0
0.0;161.0;0.0;0.0
0.0;161.0;0.0;0.0
0.0;161.0;0.0;0.0
0.0;161.0;0.0;0.0
0.0;161.0;0.0;0.0
0.0;161.0;0.0;0.0
0.0;161.0;0.0;0.0
0.0;161.0;0.0;0.0
0.0;161.0;0.0;0.0
0.0;161.0;0.0;0.0
0.0;161.0;0.0;0.0
0.0;161.0;0.0;0.0
0.0;161.0;0.0;0.0
0.0;161.0;0.0;0.0
0.0;161.0;0.0;0.0
0.0;161.0;0.0;0.0
0.0;161.0;0.0;0.0
0.0;161.0;0.0;0.0
0.0;161.0;0.0;0.0
0.0;161.0;0.0;0.0
0.0;161.0;0.0;0.0
0.0;161.0;0.0;0.0
0.0;161.0;0.0;0.0
0.0;161.0;0.0;0.0
0.0;161.0;0.0;0.0
0.0;161.0;0.0;0.0
0.0;161.0;0.0;0.0
