104.2;383.3;1308.6;0.0
267.7;633.9;308.3;0.0
374.9;472.3;901.0;0.0
615.0;200.3;659.0;0.0
346.0;159.3;26.0;0.0
0.0;159.3;1.1;0.0
0.0;159.3;1.0;0.0
0.0;159.3;14.3;0.0
0.0;159.3;12.0;0.0
0.0;159.3;7.7;0.0
0.0;159.3;7.0;0.0
0.0;159.3;4.4;0.0
0.0;159.3;6.0;0.0
415.8;160.1;5.5;0.0
323.7;160.1;5.0;0.0
225.9;160.6;14.4;0.0
298.0;160.6;13.0;0.0
0.0;160.6;0.0;0.0
0.0;160.6;0.1;0.0
0.0;160.6;0.0;0.0
0.0;160.6;1.3;0.0
0.0;160.6;0.0;0.0
0.0;160.6;0.7;0.0
0.0;160.6;0.0;0.0
0.0;160.6;0.6;0.0
0.0;160.6;0.0;0.0
205.8;188.8;111.5;40.0
506.0;387.8;413.0;0.0
525.0;1005.8;8405.0;0.0
499.0;1005.8;2974.0;0.0
474.0;1005.8;4086.0;0.0
485.0;1009.8;3946.0;0.0
495.0;1009.8;3898.0;0.0
540.0;1321.8;1107.0;680.0
491.0;1321.8;8.0;2560.0
478.0;1321.8;2.0;640.0
545.0;399.8;3.0;520.0
0.0;160.8;0.0;0.0
0.0;160.8;0.0;0.0
0.0;160.8;0.0;0.0
0.0;160.8;0.0;0.0
0.0;160.8;0.0;0.0
0.0;160.8;0.0;0.0
0.0;160.8;0.0;0.0
0.0;160.8;0.0;0.0
0.0;160.8;0.0;0.0
0.0;160.8;0.0;0.0
0.0;160.8;0.0;0.0
0.0;160.8;0.0;0.0
0.0;160.8;0.0;0.0
0.0;160.8;0.0;0.0
0.0;160.8;0.0;0.0
0.0;160.8;0.0;0.0
0.0;160.8;0.0;0.0
0.0;160.8;0.0;0.0
0.0;160.8;0.0;0.0
0.0;160.8;0.0;0.0
0.0;160.8;0.0;0.0
0.0;160.8;0.0;0.0
0.0;160.8;0.0;0.0
0.0;160.8;0.0;0.0
0.0;160.8;0.0;0.0
0.0;160.8;0.0;0.0
0.0;160.8;0.0;0.0
0.0;160.8;0.0;0.0
0.0;160.8;0.0;0.0
0.0;160.8;0.0;0.0
0.0;160.8;0.0;0.0
0.0;160.8;0.0;0.0
0.0;160.8;0.0;0.0
0.0;160.8;0.0;0.0
0.0;160.8;0.0;0.0
0.0;160.8;0.0;0.0
0.0;160.8;0.0;0.0
0.0;160.8;0.0;0.0
0.0;160.8;0.0;0.0
0.0;160.8;0.0;0.0
0.0;160.8;0.0;0.0
0.0;160.8;0.0;0.0
0.0;160.8;0.0;0.0
0.0;160.8;0.0;0.0
0.0;160.8;0.0;0.0
0.0;160.8;0.0;0.0
0.0;160.8;0.0;0.0
0.0;160.8;0.0;0.0
0.0;160.8;0.0;0.0
0.0;160.8;0.0;0.0
0.0;160.8;0.0;0.0
0.0;160.8;0.0;0.0
0.0;160.8;0.0;0.0
0.0;160.8;0.0;0.0
0.0;160.8;0.0;0.0
0.0;160.8;0.0;0.0
0.0;160.8;0.0;0.0
0.0;160.8;0.0;0.0
0.0;160.8;0.0;0.0
0.0;160.8;0.0;0.0
0.0;160.8;0.0;0.0
0.0;160.8;0.0;0.0
0.0;160.8;0.0;0.0
