44.8;225.4;211.2;0.0
49.9;133.7;112.1;0.0
335.4;229.9;175.6;0.0
336.8;189.6;251.7;0.0
119.9;156.2;155.5;0.0
50.0;156.2;141.9;0.0
168.0;201.6;115.9;0.0
156.4;178.5;86.9;0.0
110.5;162.8;0.0;0.0
63.1;162.8;0.0;0.0
68.0;162.8;0.0;0.0
107.0;162.8;0.0;0.0
61.8;162.8;0.0;0.0
54.0;162.8;0.0;0.0
49.2;162.8;0.0;0.0
356.0;162.8;4.0;0.0
543.4;162.8;154.0;0.0
50.0;162.8;6.0;0.0
323.8;163.9;3.3;0.0
450.0;163.9;0.0;0.0
498.0;163.9;0.0;0.0
545.0;163.9;31.0;0.0
50.0;192.9;337.0;0.0
593.0;225.9;69.0;0.0
441.0;386.9;412.0;40.0
551.0;1000.9;6043.0;0.0
475.0;1031.9;3141.0;0.0
507.0;1031.9;3886.0;0.0
499.0;1031.9;3438.0;0.0
500.0;1345.9;901.0;680.0
499.0;1345.9;4.0;1280.0
471.0;1345.9;4.0;1280.0
508.0;424.9;5.0;680.0
0.0;163.9;0.0;0.0
0.0;163.9;0.0;0.0
0.0;163.9;0.0;0.0
0.0;163.9;0.0;0.0
0.0;163.9;0.0;0.0
0.0;163.9;0.0;0.0
0.0;163.9;0.0;0.0
0.0;163.9;0.0;0.0
0.0;163.9;0.0;0.0
0.0;163.9;0.0;0.0
0.0;163.9;0.0;0.0
0.0;163.9;0.0;0.0
0.0;163.9;0.0;0.0
0.0;163.9;0.0;0.0
0.0;163.9;0.0;0.0
0.0;163.9;0.0;0.0
0.0;163.9;0.0;0.0
0.0;163.9;0.0;0.0
0.0;163.9;0.0;0.0
0.0;163.9;0.0;0.0
0.0;163.9;0.0;0.0
0.0;163.9;0.0;0.0
0.0;163.9;0.0;0.0
0.0;163.9;0.0;0.0
0.0;163.9;0.0;0.0
0.0;163.9;0.0;0.0
0.0;163.9;0.0;0.0
0.0;163.9;0.0;0.0
0.0;163.9;0.0;0.0
0.0;163.9;0.0;0.0
0.0;163.9;0.0;0.0
0.0;163.9;0.0;0.0
0.0;163.9;0.0;0.0
0.0;163.9;0.0;0.0
0.0;163.9;2.0;0.0
19.8;164.0;15.6;0.0
49.9;164.0;0.0;0.0
49.1;164.0;0.0;0.0
47.9;164.0;0.0;0.0
50.2;164.0;0.0;0.0
60.0;164.5;1.2;0.0
10.0;164.5;20.0;0.0
58.8;168.6;23.4;0.0
64.9;168.8;2.8;0.0
5.0;168.8;0.0;0.0
0.0;168.8;0.0;0.0
0.0;168.8;0.0;0.0
0.0;168.8;0.0;0.0
0.0;168.8;0.0;0.0
0.0;168.8;0.0;0.0
0.0;168.8;0.0;0.0
0.0;168.8;0.0;0.0
0.0;168.8;0.0;0.0
0.0;168.8;0.0;0.0
0.0;168.8;0.0;0.0
0.0;168.8;0.0;0.0
0.0;168.8;0.0;0.0
0.0;168.8;0.0;0.0
0.0;168.8;0.0;0.0
0.0;168.8;0.0;0.0
0.0;168.8;0.0;0.0
0.0;168.8;0.0;0.0
0.0;168.8;0.0;0.0
0.0;168.8;0.0;0.0
0.0;168.8;0.0;0.0
0.0;168.8;0.0;0.0
0.0;168.8;0.0;0.0
