54.7;110.8;69.4;0.0
90.6;152.4;194.0;0.0
283.8;332.4;658.3;0.0
393.0;156.4;383.2;0.0
7.0;157.1;175.4;0.0
495.0;161.9;188.1;0.0
54.9;163.2;0.0;0.0
85.0;163.2;0.0;0.0
75.0;163.2;0.0;0.0
60.7;163.2;0.0;0.0
48.6;163.2;0.0;0.0
79.1;163.2;0.0;0.0
78.9;163.2;0.0;0.0
79.8;163.2;0.0;0.0
103.9;163.2;0.0;0.0
322.5;163.2;4.0;0.0
121.0;164.3;154.4;0.0
297.0;164.4;166.1;0.0
81.3;164.4;0.0;0.0
93.0;164.9;23.1;0.0
455.0;191.8;398.2;0.0
582.3;213.2;46.0;0.0
223.9;169.2;371.0;0.0
585.0;169.2;65.0;0.0
446.0;356.2;540.0;40.0
529.0;984.2;6243.0;0.0
495.0;984.2;3665.0;0.0
500.0;987.2;2914.0;0.0
479.0;987.2;3527.0;0.0
550.0;1297.2;929.0;680.0
483.0;1300.2;4.0;1280.0
486.0;1300.2;6.0;1920.0
545.0;377.2;3.0;40.0
0.0;169.2;0.0;0.0
0.0;169.2;0.0;0.0
0.0;169.2;0.0;0.0
0.0;169.2;0.0;0.0
0.0;169.2;0.0;0.0
0.0;169.2;0.0;0.0
0.0;169.2;0.0;0.0
0.0;169.2;0.0;0.0
0.0;169.2;0.0;0.0
0.0;169.2;0.0;0.0
0.0;169.2;0.0;0.0
0.0;169.2;0.0;0.0
0.0;169.2;0.0;0.0
0.0;169.2;0.0;0.0
0.0;169.2;0.0;0.0
0.0;169.2;0.0;0.0
0.0;169.2;0.0;0.0
0.0;169.2;0.0;0.0
0.0;169.2;0.0;0.0
0.0;169.2;0.0;0.0
0.0;169.2;0.0;0.0
0.0;169.2;0.0;0.0
0.0;169.2;0.0;0.0
0.0;169.2;0.0;0.0
0.0;169.2;0.0;0.0
0.0;169.2;0.0;0.0
0.0;169.2;0.0;0.0
0.0;169.2;0.0;0.0
0.0;169.2;0.0;0.0
0.0;169.2;0.0;0.0
0.0;169.2;0.0;0.0
0.0;169.2;0.0;0.0
0.0;169.2;0.0;0.0
0.0;169.2;0.0;0.0
0.0;169.2;0.0;0.0
0.0;169.2;0.0;0.0
0.0;169.2;0.0;0.0
0.0;169.2;0.0;0.0
0.0;169.2;0.0;0.0
0.0;169.2;0.0;0.0
0.0;169.2;0.0;0.0
0.0;169.2;0.0;0.0
0.0;169.2;0.0;0.0
0.0;169.2;0.0;0.0
0.0;169.2;0.0;0.0
0.0;169.2;0.0;0.0
0.0;169.2;0.0;0.0
0.0;169.2;0.0;0.0
0.0;169.2;0.0;0.0
0.0;169.2;0.0;0.0
0.0;169.2;0.0;0.0
0.0;169.2;0.0;0.0
0.0;169.2;0.0;0.0
0.0;169.2;0.0;0.0
0.0;169.2;0.0;0.0
0.0;169.2;0.0;0.0
0.0;169.2;0.0;0.0
0.0;169.2;0.0;0.0
0.0;169.2;0.0;0.0
0.0;169.2;0.0;0.0
0.0;169.2;0.0;0.0
0.0;169.2;0.0;0.0
0.0;169.2;0.0;0.0
0.0;169.2;0.0;0.0
0.0;169.2;0.0;0.0
0.0;169.2;0.0;0.0
0.0;169.2;0.0;0.0
