97.8;256.4;956.7;0.0
306.5;339.8;355.4;0.0
485.8;325.0;130.3;0.0
304.0;156.0;277.9;0.0
8.6;192.6;22.9;0.0
435.5;161.3;145.0;0.0
55.1;162.6;0.0;0.0
67.0;162.6;0.0;0.0
58.0;163.5;1.1;0.0
465.0;163.5;93.5;0.0
124.6;163.6;84.7;0.0
76.9;163.6;0.0;0.0
95.0;164.0;55.0;0.0
484.0;183.8;364.1;0.0
497.6;206.8;69.4;0.0
411.9;207.9;161.0;0.0
485.0;207.9;0.0;0.0
522.0;202.9;0.0;0.0
397.0;202.9;49.0;0.0
50.0;197.9;253.0;0.0
823.0;167.9;114.0;0.0
510.0;167.9;0.0;0.0
440.0;828.9;6457.0;40.0
504.0;1305.9;11384.0;0.0
504.0;1307.9;15.0;3960.0
494.0;359.9;0.0;0.0
0.0;167.9;0.0;0.0
0.0;167.9;0.0;0.0
0.0;167.9;0.0;0.0
0.0;167.9;0.0;0.0
0.0;167.9;0.0;0.0
0.0;167.9;0.0;0.0
0.0;167.9;0.0;0.0
0.0;167.9;0.0;0.0
0.0;167.9;0.0;0.0
0.0;167.9;0.0;0.0
0.0;167.9;0.0;0.0
0.0;167.9;0.0;0.0
0.0;167.9;0.0;0.0
0.0;167.9;0.0;0.0
0.0;167.9;0.0;0.0
0.0;167.9;0.0;0.0
0.0;167.9;0.0;0.0
0.0;167.9;0.0;0.0
0.0;167.9;0.0;0.0
0.0;167.9;0.0;0.0
0.0;167.9;0.0;0.0
0.0;167.9;0.0;0.0
0.0;167.9;0.0;0.0
0.0;167.9;0.0;0.0
0.0;167.9;0.0;0.0
0.0;167.9;0.0;0.0
0.0;167.9;0.0;0.0
0.0;167.9;0.0;0.0
0.0;167.9;0.0;0.0
0.0;167.9;0.0;0.0
0.0;167.9;0.0;0.0
0.0;167.9;0.0;0.0
0.0;167.9;0.0;0.0
0.0;167.9;0.0;0.0
0.0;167.9;0.0;0.0
0.0;167.9;0.0;0.0
0.0;167.9;0.0;0.0
0.0;167.9;0.0;0.0
0.0;167.9;0.0;0.0
0.0;167.9;0.0;0.0
0.0;167.9;0.0;0.0
0.0;167.9;0.0;0.0
0.0;167.9;0.0;0.0
0.0;167.9;0.0;0.0
0.0;167.9;0.0;0.0
0.0;167.9;0.0;0.0
0.0;167.9;0.0;0.0
0.0;167.9;0.0;0.0
0.0;167.9;0.0;0.0
0.0;167.9;0.0;0.0
0.0;167.9;0.0;0.0
0.0;167.9;0.0;0.0
0.0;167.9;0.0;0.0
0.0;167.9;0.0;0.0
0.0;167.9;0.0;0.0
0.0;167.9;0.0;0.0
0.0;167.9;0.0;0.0
0.0;167.9;0.0;0.0
0.0;167.9;0.0;0.0
0.0;167.9;0.0;0.0
0.0;167.9;0.0;0.0
0.0;167.9;0.0;0.0
0.0;167.9;0.0;0.0
0.0;167.9;0.0;0.0
0.0;167.9;0.0;0.0
0.0;167.9;0.0;0.0
0.0;167.9;0.0;0.0
0.0;167.9;0.0;0.0
0.0;167.9;0.0;0.0
0.0;167.9;0.0;0.0
0.0;167.9;0.0;0.0
0.0;167.9;0.0;0.0
0.0;167.9;0.0;0.0
0.0;167.9;0.0;0.0
