64.9;182.2;274.8;0.0
77.2;135.1;583.2;0.0
193.7;138.5;149.8;0.0
203.9;156.4;40.1;0.0
0.0;156.4;112.1;0.0
188.0;191.7;47.4;0.0
226.2;187.4;88.0;0.0
78.6;181.7;3.0;0.0
550.0;163.6;86.3;0.0
347.0;163.6;28.1;0.0
283.9;163.8;136.4;0.0
76.0;163.8;0.0;0.0
49.9;163.8;0.0;0.0
98.9;163.8;50.0;0.0
295.3;209.8;350.0;0.0
118.0;224.2;21.1;0.0
323.9;1336.7;17566.2;40.0
210.9;1310.9;148.9;1320.0
251.1;1308.2;3.3;2600.0
450.0;357.2;0.0;0.0
0.0;168.2;0.0;0.0
0.0;168.2;0.0;0.0
0.0;168.2;0.0;0.0
0.0;168.2;0.0;0.0
0.0;168.2;0.0;0.0
0.0;168.2;0.0;0.0
0.0;168.2;0.0;0.0
0.0;168.2;0.0;0.0
0.0;168.2;0.0;0.0
0.0;168.2;0.0;0.0
0.0;168.2;0.0;0.0
0.0;168.2;0.0;0.0
0.0;168.2;0.0;0.0
0.0;168.2;0.0;0.0
0.0;168.2;0.0;0.0
0.0;168.2;0.0;0.0
0.0;168.2;0.0;0.0
0.0;168.2;0.0;0.0
0.0;168.2;0.0;0.0
0.0;168.2;0.0;0.0
0.0;168.2;0.0;0.0
0.0;168.2;0.0;0.0
0.0;168.2;0.0;0.0
0.0;168.2;0.0;0.0
0.0;168.2;0.0;0.0
0.0;168.2;0.0;0.0
0.0;168.2;0.0;0.0
0.0;168.2;0.0;0.0
0.0;168.2;0.0;0.0
0.0;168.2;0.0;0.0
0.0;168.2;0.0;0.0
0.0;168.2;0.0;0.0
0.0;168.2;0.0;0.0
0.0;168.2;0.0;0.0
0.0;168.2;0.0;0.0
0.0;168.2;0.0;0.0
0.0;168.2;0.0;0.0
0.0;168.2;0.0;0.0
0.0;168.2;0.0;0.0
0.0;168.2;0.0;0.0
0.0;168.2;0.0;0.0
0.0;168.2;0.0;0.0
0.0;168.2;0.0;0.0
0.0;168.2;0.0;0.0
0.0;168.2;0.0;0.0
0.0;168.2;0.0;0.0
0.0;168.2;0.0;0.0
0.0;168.2;0.0;0.0
0.0;168.2;0.0;0.0
0.0;168.2;0.0;0.0
0.0;168.2;0.0;0.0
0.0;168.2;0.0;0.0
0.0;168.2;0.0;0.0
0.0;168.2;0.0;0.0
0.0;168.2;0.0;0.0
0.0;168.2;0.0;0.0
0.0;168.2;0.0;0.0
0.0;168.2;0.0;0.0
0.0;168.2;0.0;0.0
0.0;168.2;0.0;0.0
0.0;168.2;0.0;0.0
0.0;168.2;0.0;0.0
0.0;168.2;0.0;0.0
0.0;168.2;0.0;0.0
0.0;168.2;0.0;0.0
0.0;168.2;0.0;0.0
0.0;168.2;0.0;0.0
0.0;168.2;0.0;0.0
0.0;168.2;0.0;0.0
0.0;168.2;0.0;0.0
0.0;168.2;0.0;0.0
0.0;168.2;0.0;0.0
0.0;168.2;0.0;0.0
0.0;168.2;0.0;0.0
0.0;168.2;0.0;0.0
0.0;168.2;0.0;0.0
0.0;168.2;0.0;0.0
0.0;168.2;0.0;0.0
0.0;168.2;0.0;0.0
0.0;168.2;0.0;0.0
