50.9;119.8;106.1;0.0
82.4;174.0;216.4;0.0
200.0;139.0;286.2;0.0
87.0;156.1;40.3;0.0
0.0;156.1;4.9;0.0
0.0;156.1;0.0;0.0
0.0;156.1;41.0;0.0
100.0;196.1;145.7;0.0
400.8;188.0;198.0;0.0
80.3;163.1;0.0;0.0
94.8;163.1;0.0;0.0
442.1;164.1;3.3;0.0
495.0;164.1;0.0;0.0
496.0;164.1;0.0;0.0
498.0;164.1;0.0;0.0
496.0;164.1;0.0;0.0
499.0;164.1;0.0;0.0
495.0;164.1;0.0;0.0
249.0;164.1;4.0;0.0
0.0;164.1;18.0;0.0
0.0;164.1;0.0;0.0
100.0;164.1;152.0;0.0
496.0;164.1;0.0;0.0
499.0;164.1;0.0;0.0
500.0;164.1;0.0;0.0
498.0;164.1;0.0;0.0
545.0;164.1;11.0;0.0
199.0;164.1;140.0;0.0
50.0;187.1;195.0;0.0
656.0;219.1;85.0;0.0
435.0;396.1;545.0;40.0
542.0;1026.1;5912.0;0.0
493.0;1026.1;3078.0;0.0
490.0;1030.1;3593.0;0.0
541.0;1030.1;3348.0;0.0
481.0;1342.1;1335.0;680.0
500.0;1342.1;4.0;1280.0
498.0;1342.1;4.0;1280.0
499.0;1038.1;5.0;720.0
0.0;164.1;0.0;0.0
0.0;164.1;0.0;0.0
0.0;164.1;0.0;0.0
0.0;164.1;0.0;0.0
0.0;164.1;0.0;0.0
0.0;164.1;0.0;0.0
0.0;164.1;0.0;0.0
0.0;164.1;0.0;0.0
0.0;164.1;0.0;0.0
0.0;164.1;0.0;0.0
0.0;164.1;0.0;0.0
0.0;164.1;0.0;0.0
0.0;164.1;0.0;0.0
0.0;164.1;0.0;0.0
0.0;164.1;0.0;0.0
0.0;164.1;0.0;0.0
0.0;164.1;0.0;0.0
0.0;164.1;0.0;0.0
0.0;164.1;0.0;0.0
0.0;164.1;0.0;0.0
0.0;164.1;0.0;0.0
0.0;164.1;0.0;0.0
0.0;164.1;0.1;0.0
0.0;164.1;1.8;0.0
0.0;164.1;0.0;0.0
0.0;164.1;0.0;0.0
4.6;164.2;15.3;0.0
51.5;164.2;0.0;0.0
52.1;164.7;0.0;0.0
44.1;164.7;1.3;0.0
5.0;165.2;29.9;0.0
63.4;170.6;13.9;0.0
64.8;168.9;0.1;0.0
0.0;168.9;0.0;0.0
0.0;168.9;0.0;0.0
0.0;168.9;0.0;0.0
0.0;168.9;0.0;0.0
0.0;168.9;0.0;0.0
0.0;168.9;0.0;0.0
0.0;168.9;0.0;0.0
0.0;168.9;0.0;0.0
0.0;168.9;0.0;0.0
0.0;168.9;0.0;0.0
0.0;168.9;0.0;0.0
0.0;168.9;0.0;0.0
0.0;168.9;0.0;0.0
0.0;168.9;0.0;0.0
0.0;168.9;0.0;0.0
0.0;168.9;0.0;0.0
0.0;168.9;0.0;0.0
0.0;168.9;0.0;0.0
0.0;168.9;0.0;0.0
0.0;168.9;0.0;0.0
0.0;168.9;0.0;0.0
0.0;168.9;0.0;0.0
0.0;168.9;0.0;0.0
0.0;168.9;0.0;0.0
0.0;168.9;0.0;0.0
0.0;168.9;0.0;0.0
0.0;168.9;0.0;0.0
0.0;168.9;0.0;0.0
