45.0;99.9;71.4;0.0
60.0;154.7;206.1;0.0
133.2;182.2;127.8;0.0
198.8;205.7;86.2;0.0
55.0;156.1;31.0;0.0
194.0;201.1;31.4;0.0
229.9;179.6;105.6;0.0
57.5;162.8;0.0;0.0
54.4;163.8;3.3;0.0
490.0;163.8;20.9;0.0
498.0;163.8;72.6;0.0
206.4;164.0;96.8;0.0
96.1;164.0;0.0;0.0
80.2;164.0;0.0;0.0
80.1;164.4;11.1;0.0
328.9;164.4;120.2;0.0
79.9;213.3;201.3;0.0
358.0;215.5;0.0;0.0
525.0;215.5;0.0;0.0
506.0;215.5;0.0;0.0
520.0;210.5;11.0;0.0
350.0;210.5;113.0;0.0
449.0;168.5;314.0;0.0
648.0;168.5;1.0;0.0
480.0;987.5;6768.0;40.0
529.0;987.5;3272.0;0.0
467.0;990.5;4853.0;0.0
500.0;1300.5;2912.0;0.0
536.0;1302.5;4.0;1320.0
529.0;1302.5;6.0;1920.0
500.0;380.5;5.0;680.0
0.0;168.5;0.0;0.0
0.0;168.5;0.0;0.0
0.0;168.5;0.0;0.0
0.0;168.5;0.0;0.0
0.0;168.5;0.0;0.0
0.0;168.5;0.0;0.0
0.0;168.5;0.0;0.0
0.0;168.5;0.0;0.0
0.0;168.5;0.0;0.0
0.0;168.5;0.0;0.0
0.0;168.5;0.0;0.0
0.0;168.5;0.0;0.0
0.0;168.5;0.0;0.0
0.0;168.5;0.0;0.0
0.0;168.5;0.0;0.0
0.0;168.5;0.0;0.0
0.0;168.5;0.0;0.0
0.0;168.5;0.0;0.0
0.0;168.5;0.0;0.0
0.0;168.5;0.0;0.0
0.0;168.5;0.0;0.0
0.0;168.5;0.0;0.0
0.0;168.5;0.0;0.0
0.0;168.5;0.0;0.0
0.0;168.5;0.0;0.0
0.0;168.5;0.0;0.0
0.0;168.5;0.0;0.0
0.0;168.5;0.0;0.0
0.0;168.5;0.0;0.0
0.0;168.5;0.0;0.0
0.0;168.5;0.0;0.0
0.0;168.5;0.0;0.0
0.0;168.5;0.0;0.0
0.0;168.5;0.0;0.0
0.0;168.5;0.0;0.0
0.0;168.5;0.0;0.0
0.0;168.5;0.0;0.0
0.0;168.5;0.0;0.0
0.0;168.5;0.0;0.0
0.0;168.5;0.0;0.0
0.0;168.5;0.0;0.0
0.0;168.5;0.0;0.0
0.0;168.5;0.0;0.0
0.0;168.5;0.0;0.0
0.0;168.5;0.0;0.0
0.0;168.5;0.0;0.0
0.0;168.5;0.0;0.0
0.0;168.5;0.0;0.0
0.0;168.5;0.0;0.0
0.0;168.5;0.0;0.0
0.0;168.5;0.0;0.0
0.0;168.5;0.0;0.0
0.0;168.5;0.0;0.0
0.0;168.5;0.0;0.0
0.0;168.5;0.0;0.0
0.0;168.5;0.0;0.0
0.0;168.5;0.0;0.0
0.0;168.5;0.0;0.0
0.0;168.5;0.0;0.0
0.0;168.5;0.0;0.0
0.0;168.5;0.0;0.0
0.0;168.5;0.0;0.0
0.0;168.5;0.0;0.0
0.0;168.5;0.0;0.0
0.0;168.5;0.0;0.0
0.0;168.5;0.0;0.0
0.0;168.5;0.0;0.0
0.0;168.5;0.0;0.0
0.0;168.5;0.0;0.0
