49.9;184.6;596.1;0.0
341.0;328.1;159.1;0.0
821.5;343.2;229.6;0.0
146.0;255.6;146.4;0.0
165.0;156.1;95.9;0.0
442.0;222.7;204.6;0.0
195.0;193.8;89.4;0.0
583.0;183.0;67.0;0.0
294.4;183.1;110.0;0.0
66.9;183.1;0.0;0.0
56.3;183.1;0.0;0.0
50.3;183.1;0.0;0.0
109.6;188.1;9.0;0.0
215.3;188.1;42.0;0.0
241.1;224.1;351.0;0.0
98.0;240.1;39.0;0.0
91.9;407.1;537.0;40.0
486.0;1034.1;6435.1;0.0
350.9;1032.3;3344.7;0.0
49.5;1032.3;3884.0;0.0
67.6;1346.3;3449.0;0.0
102.5;1346.3;6.0;1960.0
50.0;1346.3;6.0;1920.0
56.2;420.8;9.1;40.0
19.9;165.1;25.8;0.0
54.4;168.7;17.5;0.0
67.0;169.1;0.2;0.0
10.0;169.1;0.0;0.0
0.0;169.1;0.0;0.0
0.0;169.1;0.0;0.0
0.0;169.1;0.0;0.0
0.0;169.1;0.0;0.0
0.0;169.1;0.0;0.0
0.0;169.1;0.0;0.0
0.0;169.1;0.0;0.0
0.0;169.1;0.0;0.0
0.0;169.1;0.0;0.0
0.0;169.1;0.0;0.0
0.0;169.1;0.0;0.0
0.0;169.1;0.0;0.0
0.0;169.1;0.0;0.0
0.0;169.1;0.0;0.0
0.0;169.1;0.0;0.0
0.0;169.1;0.0;0.0
0.0;169.1;0.0;0.0
0.0;169.1;0.0;0.0
0.0;169.1;0.0;0.0
0.0;169.1;0.0;0.0
0.0;169.1;0.0;0.0
0.0;169.1;0.0;0.0
0.0;169.1;0.0;0.0
0.0;169.1;0.0;0.0
0.0;169.1;0.0;0.0
0.0;169.1;0.0;0.0
0.0;169.1;0.0;0.0
0.0;169.1;0.0;0.0
0.0;169.1;0.0;0.0
0.0;169.1;0.0;0.0
0.0;169.1;0.0;0.0
0.0;169.1;0.0;0.0
0.0;169.1;0.0;0.0
0.0;169.1;0.0;0.0
0.0;169.1;0.0;0.0
0.0;169.1;0.0;0.0
0.0;169.1;0.0;0.0
0.0;169.1;0.0;0.0
0.0;169.1;0.0;0.0
0.0;169.1;0.0;0.0
0.0;169.1;0.0;0.0
0.0;169.1;0.0;0.0
0.0;169.1;0.0;0.0
0.0;169.1;0.0;0.0
0.0;169.1;0.0;0.0
0.0;169.1;0.0;0.0
0.0;169.1;0.0;0.0
0.0;169.1;0.0;0.0
0.0;169.1;0.0;0.0
0.0;169.1;0.0;0.0
0.0;169.1;0.0;0.0
0.0;169.1;0.0;0.0
0.0;169.1;0.0;0.0
0.0;169.1;0.0;0.0
0.0;169.1;0.0;0.0
0.0;169.1;0.0;0.0
0.0;169.1;0.0;0.0
0.0;169.1;0.0;0.0
0.0;169.1;0.0;0.0
0.0;169.1;0.0;0.0
0.0;169.1;0.0;0.0
0.0;169.1;0.0;0.0
0.0;169.1;0.0;0.0
0.0;169.1;0.0;0.0
0.0;169.1;0.0;0.0
0.0;169.1;0.0;0.0
0.0;169.1;0.0;0.0
0.0;169.1;0.0;0.0
0.0;169.1;0.0;0.0
0.0;169.1;0.0;0.0
0.0;169.1;0.0;0.0
0.0;169.1;0.0;0.0
