44.9;225.8;330.9;0.0
111.7;171.0;217.9;0.0
185.8;264.9;336.9;0.0
368.9;307.6;58.3;0.0
379.5;156.4;349.3;0.0
99.0;187.4;93.0;0.0
358.8;177.1;204.6;0.0
55.0;161.8;0.0;0.0
69.0;163.1;0.0;0.0
58.0;163.1;0.0;0.0
113.5;163.1;0.0;0.0
49.9;163.1;0.0;0.0
50.0;163.1;0.0;0.0
49.9;163.1;0.0;0.0
82.0;163.1;0.0;0.0
96.1;163.1;3.0;0.0
539.0;163.1;93.0;0.0
179.0;163.1;80.0;0.0
270.0;164.1;4.4;0.0
495.0;164.1;170.5;0.0
116.8;164.2;31.9;0.0
89.9;164.2;11.0;0.0
550.0;164.2;0.0;0.0
539.0;164.2;0.0;0.0
548.9;164.2;0.0;0.0
633.6;164.7;14.3;0.0
55.0;165.2;374.0;0.0
904.2;203.6;104.5;0.0
440.0;206.9;0.0;0.0
0.0;206.9;0.0;0.0
0.0;206.9;0.0;0.0
0.0;206.9;0.0;0.0
0.0;206.9;0.0;0.0
0.0;206.9;0.0;0.0
0.0;206.9;0.0;0.0
0.0;206.9;0.0;0.0
0.0;206.9;0.0;0.0
0.0;206.9;0.0;0.0
0.0;206.9;0.0;0.0
0.0;206.9;0.0;0.0
0.0;206.9;0.0;0.0
0.0;206.9;0.0;0.0
0.0;206.9;0.0;0.0
0.0;206.9;0.0;0.0
0.0;206.9;0.0;0.0
0.0;206.9;0.0;0.0
0.0;206.9;0.0;0.0
0.0;206.9;0.0;0.0
0.0;206.9;0.0;0.0
0.0;206.9;0.0;0.0
0.0;206.9;0.0;0.0
0.0;206.9;0.0;0.0
0.0;206.9;0.0;0.0
0.0;206.9;0.0;0.0
0.0;206.9;0.0;0.0
0.0;206.9;0.0;0.0
0.0;206.9;0.0;0.0
0.0;206.9;0.0;0.0
50.0;206.9;1.0;0.0
0.0;201.9;288.0;0.0
241.0;168.9;29.0;0.0
648.0;168.9;85.0;0.0
340.0;200.9;28.0;0.0
492.0;205.9;0.0;0.0
519.0;205.9;0.0;0.0
499.0;256.9;164.0;40.0
495.0;679.9;4567.0;0.0
500.0;987.9;3817.0;0.0
511.0;991.9;3830.0;0.0
498.0;991.9;3344.0;0.0
500.0;1303.9;2135.0;0.0
504.0;1303.9;6.0;1960.0
496.0;1303.9;4.0;1280.0
514.0;382.9;5.0;720.0
0.0;168.9;0.0;0.0
0.0;168.9;0.0;0.0
0.0;168.9;0.0;0.0
0.0;168.9;0.0;0.0
0.0;168.9;0.0;0.0
0.0;168.9;0.0;0.0
0.0;168.9;0.0;0.0
0.0;168.9;0.0;0.0
0.0;168.9;0.0;0.0
0.0;168.9;0.0;0.0
0.0;168.9;0.0;0.0
0.0;168.9;0.0;0.0
0.0;168.9;0.0;0.0
0.0;168.9;0.0;0.0
0.0;168.9;0.0;0.0
0.0;168.9;0.0;0.0
0.0;168.9;0.0;0.0
0.0;168.9;0.0;0.0
0.0;168.9;0.0;0.0
0.0;168.9;0.0;0.0
0.0;168.9;0.0;0.0
0.0;168.9;0.0;0.0
0.0;168.9;0.0;0.0
0.0;168.9;0.0;0.0
0.0;168.9;0.0;0.0
0.0;168.9;0.0;0.0
