44.9;184.4;274.2;0.0
99.9;120.2;194.1;0.0
179.8;188.4;182.6;0.0
145.0;186.4;76.5;0.0
109.0;156.4;125.7;0.0
5.0;157.1;44.3;0.0
173.0;161.7;63.7;0.0
89.9;162.9;0.0;0.0
55.0;163.0;0.0;0.0
476.8;163.0;23.0;0.0
304.0;163.0;153.0;0.0
71.0;163.0;0.0;0.0
49.6;163.0;0.0;0.0
49.9;163.0;0.0;0.0
102.5;163.0;11.0;0.0
235.2;163.0;125.0;0.0
64.3;200.4;257.0;0.0
506.0;240.6;12.3;0.0
481.0;740.6;393.2;40.0
97.0;1361.7;17247.8;0.0
57.6;1060.7;15.0;3920.0
89.3;410.7;0.0;0.0
49.2;164.7;0.0;0.0
53.9;165.2;0.1;0.0
40.0;165.2;11.4;0.0
39.2;169.0;30.7;0.0
74.3;169.3;2.8;0.0
10.0;169.3;0.0;0.0
0.0;169.3;0.0;0.0
0.0;169.3;0.0;0.0
0.0;169.3;0.0;0.0
0.0;169.3;0.0;0.0
0.0;169.3;0.0;0.0
0.0;169.3;0.0;0.0
0.0;169.3;0.0;0.0
0.0;169.3;0.0;0.0
0.0;169.3;0.0;0.0
0.0;169.3;0.0;0.0
0.0;169.3;0.0;0.0
0.0;169.3;0.0;0.0
0.0;169.3;0.0;0.0
0.0;169.3;0.0;0.0
0.0;169.3;0.0;0.0
0.0;169.3;0.0;0.0
0.0;169.3;0.0;0.0
0.0;169.3;0.0;0.0
0.0;169.3;0.0;0.0
0.0;169.3;0.0;0.0
0.0;169.3;0.0;0.0
0.0;169.3;0.0;0.0
0.0;169.3;0.0;0.0
0.0;169.3;0.0;0.0
0.0;169.3;0.0;0.0
0.0;169.3;0.0;0.0
0.0;169.3;0.0;0.0
0.0;169.3;0.0;0.0
0.0;169.3;0.0;0.0
0.0;169.3;0.0;0.0
0.0;169.3;0.0;0.0
0.0;169.3;0.0;0.0
0.0;169.3;0.0;0.0
0.0;169.3;0.0;0.0
0.0;169.3;0.0;0.0
0.0;169.3;0.0;0.0
0.0;169.3;0.0;0.0
0.0;169.3;0.0;0.0
0.0;169.3;0.0;0.0
0.0;169.3;0.0;0.0
0.0;169.3;0.0;0.0
0.0;169.3;0.0;0.0
0.0;169.3;0.0;0.0
0.0;169.3;0.0;0.0
0.0;169.3;0.0;0.0
0.0;169.3;0.0;0.0
0.0;169.3;0.0;0.0
0.0;169.3;0.0;0.0
0.0;169.3;0.0;0.0
0.0;169.3;0.0;0.0
0.0;169.3;0.0;0.0
0.0;169.3;0.0;0.0
0.0;169.3;0.0;0.0
0.0;169.3;0.0;0.0
0.0;169.3;0.0;0.0
0.0;169.3;0.0;0.0
0.0;169.3;0.0;0.0
0.0;169.3;0.0;0.0
0.0;169.3;0.0;0.0
0.0;169.3;0.0;0.0
0.0;169.3;0.0;0.0
0.0;169.3;0.0;0.0
0.0;169.3;0.0;0.0
0.0;169.3;0.0;0.0
0.0;169.3;0.0;0.0
0.0;169.3;0.0;0.0
0.0;169.3;0.0;0.0
0.0;169.3;0.0;0.0
0.0;169.3;0.0;0.0
0.0;169.3;0.0;0.0
0.0;169.3;0.0;0.0
0.0;169.3;0.0;0.0
