59.0;348.6;1224.0;0.0
119.0;591.3;283.8;0.0
101.1;449.7;786.1;0.0
827.8;319.0;250.1;0.0
169.0;225.1;435.1;0.0
457.0;239.1;88.3;0.0
55.0;231.9;126.8;0.0
249.2;191.7;99.1;0.0
111.0;185.0;0.0;0.0
95.5;185.0;39.0;0.0
500.0;190.0;298.0;0.0
488.0;243.0;87.0;0.0
124.9;236.0;0.0;0.0
101.0;411.0;542.0;40.0
49.8;1037.0;6519.0;0.0
66.2;1037.0;3952.0;0.0
65.0;1036.5;3230.0;0.0
62.6;1281.4;3605.0;0.0
319.0;1339.4;2.2;1320.0
393.0;1336.7;157.9;1920.0
61.6;1033.7;5.0;720.0
50.0;164.7;0.0;0.0
50.0;164.7;0.0;0.0
50.0;164.7;0.0;0.0
57.7;165.3;1.1;0.0
24.9;165.3;22.1;0.0
59.9;171.2;21.9;0.0
65.0;167.1;0.1;0.0
0.0;167.1;0.0;0.0
0.0;167.1;0.0;0.0
0.0;167.1;0.0;0.0
0.0;167.1;0.0;0.0
0.0;167.1;0.0;0.0
0.0;167.1;0.0;0.0
0.0;167.1;0.0;0.0
0.0;167.1;0.0;0.0
0.0;167.1;0.0;0.0
0.0;167.1;0.0;0.0
0.0;167.1;0.0;0.0
0.0;167.1;0.0;0.0
0.0;167.1;0.0;0.0
0.0;167.1;0.0;0.0
0.0;167.1;0.0;0.0
0.0;167.1;0.0;0.0
0.0;167.1;0.0;0.0
0.0;167.1;0.0;0.0
0.0;167.1;0.0;0.0
0.0;167.1;0.0;0.0
0.0;167.1;0.0;0.0
0.0;167.1;0.0;0.0
0.0;167.1;0.0;0.0
0.0;167.1;0.0;0.0
0.0;167.1;0.0;0.0
0.0;167.1;0.0;0.0
0.0;167.1;0.0;0.0
0.0;167.1;0.0;0.0
0.0;167.1;0.0;0.0
0.0;167.1;0.0;0.0
0.0;167.1;0.0;0.0
0.0;167.1;0.0;0.0
0.0;167.1;0.0;0.0
0.0;167.1;0.0;0.0
0.0;167.1;0.0;0.0
0.0;167.1;0.0;0.0
0.0;167.1;0.0;0.0
0.0;167.1;0.0;0.0
0.0;167.1;0.0;0.0
0.0;167.1;0.0;0.0
0.0;167.1;0.0;0.0
0.0;167.1;0.0;0.0
0.0;167.1;0.0;0.0
0.0;167.1;0.0;0.0
0.0;167.1;0.0;0.0
0.0;167.1;0.0;0.0
0.0;167.1;0.0;0.0
0.0;167.1;0.0;0.0
0.0;167.1;0.0;0.0
0.0;167.1;0.0;0.0
0.0;167.1;0.0;0.0
0.0;167.1;0.0;0.0
0.0;167.1;0.0;0.0
0.0;167.1;0.0;0.0
0.0;167.1;0.0;0.0
0.0;167.1;0.0;0.0
0.0;167.1;0.0;0.0
0.0;167.1;0.0;0.0
0.0;167.1;0.0;0.0
0.0;167.1;0.0;0.0
0.0;167.1;0.0;0.0
0.0;167.1;0.0;0.0
0.0;167.1;0.0;0.0
0.0;167.1;0.0;0.0
0.0;167.1;0.0;0.0
0.0;167.1;0.0;0.0
0.0;167.1;0.0;0.0
0.0;167.1;0.0;0.0
0.0;167.1;0.0;0.0
0.0;167.1;0.0;0.0
0.0;167.1;0.0;0.0
0.0;167.1;0.0;0.0
