73.5;99.4;121.2;0.0
87.4;125.2;176.7;0.0
255.9;319.8;591.9;0.0
450.0;156.4;364.1;0.0
110.0;157.0;183.5;0.0
328.9;191.6;155.0;0.0
139.7;162.9;0.0;0.0
73.2;162.9;0.0;0.0
88.5;162.9;0.0;0.0
77.2;163.8;1.1;0.0
520.0;163.8;2.2;0.0
515.0;163.8;1.1;0.0
332.9;163.9;183.7;0.0
90.9;164.3;9.9;0.0
175.0;164.3;46.2;0.0
204.0;165.3;298.5;0.0
938.9;210.4;88.8;0.0
228.9;207.4;1.0;0.0
500.0;207.4;0.0;0.0
470.0;207.4;0.0;0.0
539.0;207.4;0.0;0.0
549.0;202.4;21.0;0.0
46.0;197.4;335.0;0.0
340.0;168.4;40.0;0.0
777.0;192.4;64.0;0.0
540.0;210.4;0.0;0.0
484.0;210.4;0.0;0.0
538.0;197.4;12.0;40.0
499.0;1300.4;17785.0;0.0
486.0;1305.4;12.0;3880.0
531.0;366.4;3.0;40.0
0.0;168.4;0.0;0.0
0.0;168.4;0.0;0.0
0.0;168.4;0.0;0.0
0.0;168.4;0.0;0.0
0.0;168.4;0.0;0.0
0.0;168.4;0.0;0.0
0.0;168.4;0.0;0.0
0.0;168.4;0.0;0.0
0.0;168.4;0.0;0.0
0.0;168.4;0.0;0.0
0.0;168.4;0.0;0.0
0.0;168.4;0.0;0.0
0.0;168.4;0.0;0.0
0.0;168.4;0.0;0.0
0.0;168.4;0.0;0.0
0.0;168.4;0.0;0.0
0.0;168.4;0.0;0.0
0.0;168.4;0.0;0.0
0.0;168.4;0.0;0.0
0.0;168.4;0.0;0.0
0.0;168.4;0.0;0.0
0.0;168.4;0.0;0.0
0.0;168.4;0.0;0.0
0.0;168.4;0.0;0.0
0.0;168.4;0.0;0.0
0.0;168.4;0.0;0.0
0.0;168.4;0.0;0.0
0.0;168.4;0.0;0.0
0.0;168.4;0.0;0.0
0.0;168.4;0.0;0.0
0.0;168.4;0.0;0.0
0.0;168.4;0.0;0.0
0.0;168.4;0.0;0.0
0.0;168.4;0.0;0.0
0.0;168.4;0.0;0.0
0.0;168.4;0.0;0.0
0.0;168.4;0.0;0.0
0.0;168.4;0.0;0.0
0.0;168.4;0.0;0.0
0.0;168.4;0.0;0.0
0.0;168.4;0.0;0.0
0.0;168.4;0.0;0.0
0.0;168.4;0.0;0.0
0.0;168.4;0.0;0.0
0.0;168.4;0.0;0.0
0.0;168.4;0.0;0.0
0.0;168.4;0.0;0.0
0.0;168.4;0.0;0.0
0.0;168.4;0.0;0.0
0.0;168.4;0.0;0.0
0.0;168.4;0.0;0.0
0.0;168.4;0.0;0.0
0.0;168.4;0.0;0.0
0.0;168.4;0.0;0.0
0.0;168.4;0.0;0.0
0.0;168.4;0.0;0.0
0.0;168.4;0.0;0.0
0.0;168.4;0.0;0.0
0.0;168.4;0.0;0.0
0.0;168.4;0.0;0.0
0.0;168.4;0.0;0.0
0.0;168.4;0.0;0.0
0.0;168.4;0.0;0.0
0.0;168.4;0.0;0.0
0.0;168.4;0.0;0.0
0.0;168.4;0.0;0.0
0.0;168.4;0.0;0.0
0.0;168.4;0.0;0.0
0.0;168.4;0.0;0.0
