100.0;327.1;358.4;0.0
77.4;148.1;814.4;0.0
99.1;170.9;117.2;0.0
99.9;156.1;75.3;0.0
0.0;156.1;32.3;0.0
5.0;179.7;44.8;0.0
50.0;161.4;8.8;0.0
69.0;162.7;0.0;0.0
71.0;162.7;0.0;0.0
58.8;162.7;0.0;0.0
60.8;162.7;0.0;0.0
75.9;162.7;0.0;0.0
54.4;162.7;0.0;0.0
78.0;162.7;0.0;0.0
85.8;163.2;0.0;0.0
152.0;163.2;3.0;0.0
491.2;164.1;98.0;0.0
249.9;164.1;59.2;0.0
364.0;164.3;174.9;0.0
105.2;164.3;0.0;0.0
50.0;164.3;0.0;0.0
92.9;164.3;13.0;0.0
399.9;164.3;302.0;0.0
259.4;218.8;122.1;0.0
488.9;238.8;194.8;0.0
190.9;204.6;259.6;0.0
334.0;201.0;25.3;0.0
225.9;340.0;186.0;40.0
510.0;676.0;6274.0;0.0
504.0;984.0;2773.0;0.0
505.0;987.0;3465.0;0.0
522.0;1044.0;5112.0;0.0
449.0;1297.0;22.0;1320.0
522.0;1297.0;4.0;1280.0
482.0;995.0;7.0;1320.0
0.0;169.0;0.0;0.0
0.0;169.0;0.0;0.0
0.0;169.0;0.0;0.0
0.0;169.0;0.0;0.0
0.0;169.0;0.0;0.0
0.0;169.0;0.0;0.0
0.0;169.0;0.0;0.0
0.0;169.0;0.0;0.0
0.0;169.0;0.0;0.0
0.0;169.0;0.0;0.0
0.0;169.0;0.0;0.0
0.0;169.0;0.0;0.0
0.0;169.0;0.0;0.0
0.0;169.0;0.0;0.0
0.0;169.0;0.0;0.0
0.0;169.0;0.0;0.0
0.0;169.0;0.0;0.0
0.0;169.0;0.0;0.0
0.0;169.0;0.0;0.0
0.0;169.0;0.0;0.0
0.0;169.0;0.0;0.0
0.0;169.0;0.0;0.0
0.0;169.0;0.0;0.0
0.0;169.0;0.0;0.0
0.0;169.0;0.0;0.0
0.0;169.0;0.0;0.0
0.0;169.0;0.0;0.0
0.0;169.0;0.0;0.0
0.0;169.0;0.0;0.0
0.0;169.0;0.0;0.0
0.0;169.0;0.0;0.0
0.0;169.0;0.0;0.0
0.0;169.0;0.0;0.0
0.0;169.0;0.0;0.0
0.0;169.0;0.0;0.0
0.0;169.0;0.0;0.0
0.0;169.0;0.0;0.0
0.0;169.0;0.0;0.0
0.0;169.0;0.0;0.0
0.0;169.0;0.0;0.0
0.0;169.0;0.0;0.0
0.0;169.0;0.0;0.0
0.0;169.0;0.0;0.0
0.0;169.0;0.0;0.0
0.0;169.0;0.0;0.0
0.0;169.0;0.0;0.0
0.0;169.0;0.0;0.0
0.0;169.0;0.0;0.0
0.0;169.0;0.0;0.0
0.0;169.0;0.0;0.0
0.0;169.0;0.0;0.0
0.0;169.0;0.0;0.0
0.0;169.0;0.0;0.0
0.0;169.0;0.0;0.0
0.0;169.0;0.0;0.0
0.0;169.0;0.0;0.0
0.0;169.0;0.0;0.0
0.0;169.0;0.0;0.0
0.0;169.0;0.0;0.0
0.0;169.0;0.0;0.0
0.0;169.0;0.0;0.0
0.0;169.0;0.0;0.0
0.0;169.0;0.0;0.0
0.0;169.0;0.0;0.0
0.0;169.0;0.0;0.0
