185.0;187.0;83.9;0.0
68.0;186.0;625.7;0.0
190.8;364.9;303.9;0.0
553.9;302.6;103.8;0.0
273.9;156.1;208.9;0.0
400.0;223.5;196.4;0.0
140.6;188.5;96.0;0.0
500.0;162.7;62.0;0.0
218.0;162.8;105.0;0.0
73.6;162.8;0.0;0.0
63.0;182.8;0.0;0.0
95.4;182.8;49.0;0.0
269.0;217.8;318.0;0.0
567.0;257.8;71.0;0.0
55.9;232.8;0.0;0.0
92.0;1039.8;6542.0;40.0
51.2;1353.8;11309.0;0.0
98.5;1342.3;15.0;3920.0
457.0;393.3;26.4;0.0
14.8;164.4;15.1;0.0
48.6;164.4;0.0;0.0
49.9;164.4;0.0;0.0
49.9;164.4;0.0;0.0
55.0;164.4;0.0;0.0
54.3;164.9;1.1;0.0
35.0;164.9;15.9;0.0
64.7;168.8;25.3;0.0
65.0;169.1;1.7;0.0
5.0;169.1;0.0;0.0
0.0;169.1;0.0;0.0
0.0;169.1;0.0;0.0
0.0;169.1;0.0;0.0
0.0;169.1;0.0;0.0
0.0;169.1;0.0;0.0
0.0;169.1;0.0;0.0
0.0;169.1;0.0;0.0
0.0;169.1;0.0;0.0
0.0;169.1;0.0;0.0
0.0;169.1;0.0;0.0
0.0;169.1;0.0;0.0
0.0;169.1;0.0;0.0
0.0;169.1;0.0;0.0
0.0;169.1;0.0;0.0
0.0;169.1;0.0;0.0
0.0;169.1;0.0;0.0
0.0;169.1;0.0;0.0
0.0;169.1;0.0;0.0
0.0;169.1;0.0;0.0
0.0;169.1;0.0;0.0
0.0;169.1;0.0;0.0
0.0;169.1;0.0;0.0
0.0;169.1;0.0;0.0
0.0;169.1;0.0;0.0
0.0;169.1;0.0;0.0
0.0;169.1;0.0;0.0
0.0;169.1;0.0;0.0
0.0;169.1;0.0;0.0
0.0;169.1;0.0;0.0
0.0;169.1;0.0;0.0
0.0;169.1;0.0;0.0
0.0;169.1;0.0;0.0
0.0;169.1;0.0;0.0
0.0;169.1;0.0;0.0
0.0;169.1;0.0;0.0
0.0;169.1;0.0;0.0
0.0;169.1;0.0;0.0
0.0;169.1;0.0;0.0
0.0;169.1;0.0;0.0
0.0;169.1;0.0;0.0
0.0;169.1;0.0;0.0
0.0;169.1;0.0;0.0
0.0;169.1;0.0;0.0
0.0;169.1;0.0;0.0
0.0;169.1;0.0;0.0
0.0;169.1;0.0;0.0
0.0;169.1;0.0;0.0
0.0;169.1;0.0;0.0
0.0;169.1;0.0;0.0
0.0;169.1;0.0;0.0
0.0;169.1;0.0;0.0
0.0;169.1;0.0;0.0
0.0;169.1;0.0;0.0
0.0;169.1;0.0;0.0
0.0;169.1;0.0;0.0
0.0;169.1;0.0;0.0
0.0;169.1;0.0;0.0
0.0;169.1;0.0;0.0
0.0;169.1;0.0;0.0
0.0;169.1;0.0;0.0
0.0;169.1;0.0;0.0
0.0;169.1;0.0;0.0
0.0;169.1;0.0;0.0
0.0;169.1;0.0;0.0
0.0;169.1;0.0;0.0
0.0;169.1;0.0;0.0
0.0;169.1;0.0;0.0
0.0;169.1;0.0;0.0
0.0;169.1;0.0;0.0
0.0;169.1;0.0;0.0
0.0;169.1;0.0;0.0
