499.0;945.0;359.9;0.0
188.9;744.1;701.8;0.0
169.8;556.1;812.0;0.0
281.0;402.1;397.0;0.0
248.8;239.1;400.0;0.0
548.9;239.1;19.0;0.0
548.9;239.1;0.0;0.0
603.9;244.6;14.3;0.0
108.9;274.3;378.4;0.0
1092.3;291.9;99.0;0.0
321.2;291.9;0.0;0.0
0.0;291.9;0.0;0.0
0.0;291.9;0.0;0.0
0.0;291.9;125.0;0.0
149.0;254.9;149.0;0.0
526.0;227.9;0.0;0.0
497.0;224.9;0.0;0.0
488.0;224.9;0.0;0.0
525.0;224.9;0.0;0.0
496.0;224.9;0.0;0.0
470.0;224.9;0.0;0.0
498.0;224.9;0.0;0.0
494.0;224.9;0.0;0.0
495.0;224.9;0.0;0.0
244.0;214.9;3.0;0.0
0.0;214.9;1.0;0.0
0.0;214.9;19.0;0.0
0.0;214.9;0.0;0.0
0.0;214.9;0.0;0.0
0.0;214.9;0.0;0.0
0.0;214.9;0.0;0.0
0.0;214.9;0.0;0.0
0.0;214.9;0.0;0.0
0.0;214.9;0.0;0.0
50.0;214.9;127.0;0.0
390.0;213.9;29.0;0.0
501.0;213.9;0.0;0.0
499.0;213.9;0.0;0.0
521.0;213.9;0.0;0.0
399.0;208.9;61.0;0.0
345.0;168.9;313.0;0.0
950.0;199.9;67.0;0.0
505.0;168.9;2.0;0.0
490.0;987.9;7318.0;40.0
501.0;1298.9;10521.0;0.0
450.0;1300.9;4.0;1320.0
514.0;1300.9;4.0;1280.0
500.0;997.9;7.0;1320.0
0.0;168.9;0.0;0.0
0.0;168.9;0.0;0.0
0.0;168.9;0.0;0.0
0.0;168.9;0.0;0.0
0.0;168.9;0.0;0.0
0.0;168.9;0.0;0.0
0.0;168.9;0.0;0.0
0.0;168.9;0.0;0.0
0.0;168.9;0.0;0.0
0.0;168.9;0.0;0.0
0.0;168.9;0.0;0.0
0.0;168.9;0.0;0.0
0.0;168.9;0.0;0.0
0.0;168.9;0.0;0.0
0.0;168.9;0.0;0.0
0.0;168.9;0.0;0.0
0.0;168.9;0.0;0.0
0.0;168.9;0.0;0.0
0.0;168.9;0.0;0.0
0.0;168.9;0.0;0.0
0.0;168.9;0.0;0.0
0.0;168.9;0.0;0.0
0.0;168.9;0.0;0.0
0.0;168.9;0.0;0.0
0.0;168.9;0.0;0.0
0.0;168.9;0.0;0.0
0.0;168.9;0.0;0.0
0.0;168.9;0.0;0.0
0.0;168.9;0.0;0.0
0.0;168.9;0.0;0.0
0.0;168.9;0.0;0.0
0.0;168.9;0.0;0.0
0.0;168.9;0.0;0.0
0.0;168.9;0.0;0.0
0.0;168.9;0.0;0.0
0.0;168.9;0.0;0.0
0.0;168.9;0.0;0.0
0.0;168.9;0.0;0.0
0.0;168.9;0.0;0.0
0.0;168.9;0.0;0.0
0.0;168.9;0.0;0.0
0.0;168.9;0.0;0.0
0.0;168.9;0.0;0.0
0.0;168.9;0.0;0.0
0.0;168.9;0.0;0.0
0.0;168.9;0.0;0.0
0.0;168.9;0.0;0.0
0.0;168.9;0.0;0.0
0.0;168.9;0.0;0.0
0.0;168.9;0.0;0.0
0.0;168.9;0.0;0.0
0.0;168.9;0.0;0.0
