66.3;228.7;249.2;0.0
109.7;156.6;185.1;0.0
93.5;433.1;267.1;0.0
654.9;310.5;273.6;0.0
201.9;156.8;179.3;0.0
473.0;212.7;146.7;0.0
237.8;181.9;96.0;0.0
70.1;163.0;0.0;0.0
49.9;163.0;0.0;0.0
73.5;163.0;0.0;0.0
71.0;163.0;0.0;0.0
73.9;163.0;0.0;0.0
110.8;163.0;0.0;0.0
95.7;163.0;0.0;0.0
79.5;163.0;0.0;0.0
150.0;164.4;2.3;0.0
0.0;164.4;10.9;0.0
67.4;164.6;18.5;0.0
115.4;164.6;0.0;0.0
80.4;164.6;0.0;0.0
160.9;164.6;64.0;0.0
98.8;205.6;370.0;0.0
560.0;239.1;13.3;0.0
445.0;209.6;334.4;0.0
372.7;341.8;403.5;40.0
58.9;983.3;7254.1;0.0
499.0;983.3;3336.0;0.0
489.0;983.3;4328.0;0.0
498.0;1298.3;2303.0;0.0
500.0;1298.3;4.0;1320.0
495.0;1298.3;6.0;1920.0
519.0;381.3;5.0;680.0
0.0;169.3;0.0;0.0
0.0;169.3;0.0;0.0
0.0;169.3;0.0;0.0
0.0;169.3;0.0;0.0
0.0;169.3;0.0;0.0
0.0;169.3;0.0;0.0
0.0;169.3;0.0;0.0
0.0;169.3;0.0;0.0
0.0;169.3;0.0;0.0
0.0;169.3;0.0;0.0
0.0;169.3;0.0;0.0
0.0;169.3;0.0;0.0
0.0;169.3;0.0;0.0
0.0;169.3;0.0;0.0
0.0;169.3;0.0;0.0
0.0;169.3;0.0;0.0
0.0;169.3;0.0;0.0
0.0;169.3;0.0;0.0
0.0;169.3;0.0;0.0
0.0;169.3;0.0;0.0
0.0;169.3;0.0;0.0
0.0;169.3;0.0;0.0
0.0;169.3;0.0;0.0
0.0;169.3;0.0;0.0
0.0;169.3;0.0;0.0
0.0;169.3;0.0;0.0
0.0;169.3;0.0;0.0
0.0;169.3;0.0;0.0
0.0;169.3;0.0;0.0
0.0;169.3;0.0;0.0
0.0;169.3;0.0;0.0
0.0;169.3;0.0;0.0
0.0;169.3;0.0;0.0
0.0;169.3;0.0;0.0
0.0;169.3;0.0;0.0
0.0;169.3;0.0;0.0
0.0;169.3;0.0;0.0
0.0;169.3;0.0;0.0
0.0;169.3;0.0;0.0
0.0;169.3;0.0;0.0
0.0;169.3;0.0;0.0
0.0;169.3;0.0;0.0
0.0;169.3;0.0;0.0
0.0;169.3;0.0;0.0
0.0;169.3;0.0;0.0
0.0;169.3;0.0;0.0
0.0;169.3;0.0;0.0
0.0;169.3;0.0;0.0
0.0;169.3;0.0;0.0
0.0;169.3;0.0;0.0
0.0;169.3;0.0;0.0
0.0;169.3;0.0;0.0
0.0;169.3;0.0;0.0
0.0;169.3;0.0;0.0
0.0;169.3;0.0;0.0
0.0;169.3;0.0;0.0
0.0;169.3;0.0;0.0
0.0;169.3;0.0;0.0
0.0;169.3;0.0;0.0
0.0;169.3;0.0;0.0
0.0;169.3;0.0;0.0
0.0;169.3;0.0;0.0
0.0;169.3;0.0;0.0
0.0;169.3;0.0;0.0
0.0;169.3;0.0;0.0
0.0;169.3;0.0;0.0
0.0;169.3;0.0;0.0
0.0;169.3;0.0;0.0
