108.9;114.3;117.2;0.0
84.0;187.9;242.1;0.0
114.7;181.1;246.6;0.0
200.0;270.4;284.2;0.0
223.9;156.0;210.0;0.0
312.0;224.0;130.9;0.0
450.0;243.0;187.0;0.0
50.0;237.6;114.5;0.0
173.5;196.2;146.1;0.0
111.0;184.5;0.0;0.0
50.0;183.6;0.0;0.0
65.0;183.6;0.0;0.0
87.0;188.6;6.0;0.0
195.6;188.6;94.0;0.0
198.9;225.6;281.0;0.0
138.9;264.6;49.0;0.0
98.9;252.6;13.0;40.0
89.4;412.1;507.0;0.0
64.2;1040.1;6381.0;0.0
309.9;1032.9;3373.3;0.0
518.0;1032.9;3404.3;0.0
193.0;1346.2;3974.9;0.0
59.9;1348.2;4.0;1320.0
64.5;1348.2;4.0;1280.0
50.0;1044.2;7.0;1360.0
50.0;164.2;0.0;0.0
56.2;164.7;1.1;0.0
9.8;164.7;0.0;0.0
0.0;164.7;0.0;0.0
0.0;164.7;0.0;0.0
0.0;164.7;0.0;0.0
0.0;164.7;0.0;0.0
0.0;164.7;0.0;0.0
0.0;164.7;0.0;0.0
0.0;164.7;0.0;0.0
0.0;164.7;0.0;0.0
0.0;164.7;0.0;0.0
0.0;164.7;0.0;0.0
0.0;164.7;0.0;0.0
0.0;164.7;0.0;0.0
0.0;164.7;0.0;0.0
0.0;164.7;0.0;0.0
0.0;164.7;0.0;0.0
0.0;164.7;0.0;0.0
0.0;164.7;0.0;0.0
0.0;164.7;0.0;0.0
0.0;164.7;0.0;0.0
0.0;164.7;0.0;0.0
0.0;164.7;0.0;0.0
0.0;164.7;0.0;0.0
0.0;164.7;0.0;0.0
0.0;164.7;0.0;0.0
0.0;164.7;0.0;0.0
0.0;164.7;0.0;0.0
0.0;164.7;0.0;0.0
0.0;164.7;0.0;0.0
0.0;164.7;0.0;0.0
0.0;164.7;0.0;0.0
0.0;164.7;0.0;0.0
0.0;164.7;0.0;0.0
0.0;164.7;0.0;0.0
0.0;164.7;0.0;0.0
0.0;164.7;0.0;0.0
0.0;164.7;0.0;0.0
0.0;164.7;0.0;0.0
0.0;164.7;0.0;0.0
0.0;164.7;0.0;0.0
0.0;164.7;0.0;0.0
0.0;164.7;0.0;0.0
0.0;164.7;0.0;0.0
0.0;164.7;0.0;0.0
0.0;164.7;0.0;0.0
0.0;164.7;0.0;0.0
0.0;164.7;0.0;0.0
0.0;164.7;0.0;0.0
0.0;164.7;0.0;0.0
0.0;164.7;4.0;0.0
24.9;168.0;30.8;0.0
75.2;168.9;8.5;0.0
0.0;168.9;0.0;0.0
0.0;168.9;0.0;0.0
0.0;168.9;0.0;0.0
0.0;168.9;0.0;0.0
0.0;168.9;0.0;0.0
0.0;168.9;0.0;0.0
0.0;168.9;0.0;0.0
0.0;168.9;0.0;0.0
0.0;168.9;0.0;0.0
0.0;168.9;0.0;0.0
0.0;168.9;0.0;0.0
0.0;168.9;0.0;0.0
0.0;168.9;0.0;0.0
0.0;168.9;0.0;0.0
0.0;168.9;0.0;0.0
0.0;168.9;0.0;0.0
0.0;168.9;0.0;0.0
0.0;168.9;0.0;0.0
0.0;168.9;0.0;0.0
0.0;168.9;0.0;0.0
0.0;168.9;0.0;0.0
