60.0;391.4;1255.5;0.0
515.0;491.7;82.1;0.0
256.0;551.4;522.2;0.0
987.8;354.3;468.3;0.0
215.0;286.2;216.3;0.0
401.0;224.4;195.8;0.0
435.0;221.8;215.6;0.0
176.0;161.8;86.9;0.0
85.6;163.1;0.0;0.0
76.5;163.1;0.0;0.0
65.5;163.1;0.0;0.0
60.8;163.1;0.0;0.0
84.0;164.7;1.1;0.0
505.0;164.7;20.1;0.0
270.6;164.8;88.4;0.0
199.9;164.8;93.0;0.0
104.9;164.8;0.0;0.0
49.8;164.8;0.0;0.0
57.0;164.8;0.0;0.0
76.5;165.3;1.1;0.0
170.9;165.3;166.1;0.0
498.9;207.9;210.1;0.0
533.7;169.6;290.8;0.0
809.9;194.6;42.0;0.0
592.0;199.6;0.0;0.0
462.0;169.6;2.0;0.0
501.0;987.6;11313.0;40.0
490.0;1294.6;6537.0;0.0
548.0;1299.6;4.0;1320.0
471.0;1299.6;4.0;1280.0
500.0;994.6;7.0;1360.0
0.0;169.6;0.0;0.0
0.0;169.6;0.0;0.0
0.0;169.6;0.0;0.0
0.0;169.6;0.0;0.0
0.0;169.6;0.0;0.0
0.0;169.6;0.0;0.0
0.0;169.6;0.0;0.0
0.0;169.6;0.0;0.0
0.0;169.6;0.0;0.0
0.0;169.6;0.0;0.0
0.0;169.6;0.0;0.0
0.0;169.6;0.0;0.0
0.0;169.6;0.0;0.0
0.0;169.6;0.0;0.0
0.0;169.6;0.0;0.0
0.0;169.6;0.0;0.0
0.0;169.6;0.0;0.0
0.0;169.6;0.0;0.0
0.0;169.6;0.0;0.0
0.0;169.6;0.0;0.0
0.0;169.6;0.0;0.0
0.0;169.6;0.0;0.0
0.0;169.6;0.0;0.0
0.0;169.6;0.0;0.0
0.0;169.6;0.0;0.0
0.0;169.6;0.0;0.0
0.0;169.6;0.0;0.0
0.0;169.6;0.0;0.0
0.0;169.6;0.0;0.0
0.0;169.6;0.0;0.0
0.0;169.6;0.0;0.0
0.0;169.6;0.0;0.0
0.0;169.6;0.0;0.0
0.0;169.6;0.0;0.0
0.0;169.6;0.0;0.0
0.0;169.6;0.0;0.0
0.0;169.6;0.0;0.0
0.0;169.6;0.0;0.0
0.0;169.6;0.0;0.0
0.0;169.6;0.0;0.0
0.0;169.6;0.0;0.0
0.0;169.6;0.0;0.0
0.0;169.6;0.0;0.0
0.0;169.6;0.0;0.0
0.0;169.6;0.0;0.0
0.0;169.6;0.0;0.0
0.0;169.6;0.0;0.0
0.0;169.6;0.0;0.0
0.0;169.6;0.0;0.0
0.0;169.6;0.0;0.0
0.0;169.6;0.0;0.0
0.0;169.6;0.0;0.0
0.0;169.6;0.0;0.0
0.0;169.6;0.0;0.0
0.0;169.6;0.0;0.0
0.0;169.6;0.0;0.0
0.0;169.6;0.0;0.0
0.0;169.6;0.0;0.0
0.0;169.6;0.0;0.0
0.0;169.6;0.0;0.0
0.0;169.6;0.0;0.0
0.0;169.6;0.0;0.0
0.0;169.6;0.0;0.0
0.0;169.6;0.0;0.0
0.0;169.6;0.0;0.0
0.0;169.6;0.0;0.0
0.0;169.6;0.0;0.0
0.0;169.6;0.0;0.0
0.0;169.6;0.0;0.0
