90.9;263.6;1018.2;0.0
262.9;558.9;212.1;0.0
988.9;354.4;625.6;0.0
498.9;237.8;155.5;0.0
374.0;223.4;169.7;0.0
466.0;229.7;213.5;0.0
403.2;187.4;6.4;0.0
294.9;162.7;114.0;0.0
57.0;162.7;0.0;0.0
79.9;162.7;0.0;0.0
67.1;162.7;0.0;0.0
79.8;181.7;11.0;0.0
251.0;181.7;181.0;0.0
62.5;250.7;269.0;0.0
102.9;231.7;1.0;0.0
104.0;409.2;538.0;40.0
65.0;1029.2;6375.0;0.0
494.0;1029.2;3145.3;0.0
320.0;1028.3;3854.2;0.0
120.0;1236.3;3723.0;0.0
50.0;1344.3;22.0;1320.0
62.0;1344.3;4.0;1280.0
57.0;1041.3;7.0;1320.0
54.6;164.7;1.1;0.0
14.9;165.2;31.5;0.0
89.4;168.7;11.8;0.0
35.0;169.0;0.0;0.0
0.0;169.0;0.0;0.0
0.0;169.0;0.0;0.0
0.0;169.0;0.0;0.0
0.0;169.0;0.0;0.0
0.0;169.0;0.0;0.0
0.0;169.0;0.0;0.0
0.0;169.0;0.0;0.0
0.0;169.0;0.0;0.0
0.0;169.0;0.0;0.0
0.0;169.0;0.0;0.0
0.0;169.0;0.0;0.0
0.0;169.0;0.0;0.0
0.0;169.0;0.0;0.0
0.0;169.0;0.0;0.0
0.0;169.0;0.0;0.0
0.0;169.0;0.0;0.0
0.0;169.0;0.0;0.0
0.0;169.0;0.0;0.0
0.0;169.0;0.0;0.0
0.0;169.0;0.0;0.0
0.0;169.0;0.0;0.0
0.0;169.0;0.0;0.0
0.0;169.0;0.0;0.0
0.0;169.0;0.0;0.0
0.0;169.0;0.0;0.0
0.0;169.0;0.0;0.0
0.0;169.0;0.0;0.0
0.0;169.0;0.0;0.0
0.0;169.0;0.0;0.0
0.0;169.0;0.0;0.0
0.0;169.0;0.0;0.0
0.0;169.0;0.0;0.0
0.0;169.0;0.0;0.0
0.0;169.0;0.0;0.0
0.0;169.0;0.0;0.0
0.0;169.0;0.0;0.0
0.0;169.0;0.0;0.0
0.0;169.0;0.0;0.0
0.0;169.0;0.0;0.0
0.0;169.0;0.0;0.0
0.0;169.0;0.0;0.0
0.0;169.0;0.0;0.0
0.0;169.0;0.0;0.0
0.0;169.0;0.0;0.0
0.0;169.0;0.0;0.0
0.0;169.0;0.0;0.0
0.0;169.0;0.0;0.0
0.0;169.0;0.0;0.0
0.0;169.0;0.0;0.0
0.0;169.0;0.0;0.0
0.0;169.0;0.0;0.0
0.0;169.0;0.0;0.0
0.0;169.0;0.0;0.0
0.0;169.0;0.0;0.0
0.0;169.0;0.0;0.0
0.0;169.0;0.0;0.0
0.0;169.0;0.0;0.0
0.0;169.0;0.0;0.0
0.0;169.0;0.0;0.0
0.0;169.0;0.0;0.0
0.0;169.0;0.0;0.0
0.0;169.0;0.0;0.0
0.0;169.0;0.0;0.0
0.0;169.0;0.0;0.0
0.0;169.0;0.0;0.0
0.0;169.0;0.0;0.0
0.0;169.0;0.0;0.0
0.0;169.0;0.0;0.0
0.0;169.0;0.0;0.0
0.0;169.0;0.0;0.0
0.0;169.0;0.0;0.0
0.0;169.0;0.0;0.0
0.0;169.0;0.0;0.0
