138.9;140.3;234.3;0.0
50.0;200.4;167.3;0.0
130.8;189.3;263.4;0.0
255.9;282.4;284.2;0.0
223.9;156.2;244.2;0.0
436.0;227.2;115.1;0.0
442.0;227.2;181.5;0.0
278.9;186.7;123.2;0.0
50.0;162.6;0.0;0.0
74.7;162.9;0.0;0.0
59.6;180.9;0.0;0.0
500.0;180.9;99.0;0.0
262.8;184.9;76.0;0.0
94.6;184.9;0.0;0.0
68.0;184.9;0.0;0.0
49.8;184.9;0.0;0.0
85.9;189.9;11.0;0.0
347.8;189.9;186.0;0.0
100.5;219.0;233.0;0.0
573.0;231.0;17.4;0.0
467.0;419.0;421.0;40.0
319.9;1034.0;6393.2;0.0
63.8;1034.0;3811.0;0.0
51.0;1034.0;3686.0;0.0
49.8;1349.0;3351.0;0.0
50.0;1220.0;15.0;3920.0
77.5;397.5;12.1;0.0
20.0;164.5;4.0;0.0
19.9;167.7;33.7;0.0
80.2;168.7;6.6;0.0
19.9;168.7;0.0;0.0
0.0;168.7;0.0;0.0
0.0;168.7;0.0;0.0
0.0;168.7;0.0;0.0
0.0;168.7;0.0;0.0
0.0;168.7;0.0;0.0
0.0;168.7;0.0;0.0
0.0;168.7;0.0;0.0
0.0;168.7;0.0;0.0
0.0;168.7;0.0;0.0
0.0;168.7;0.0;0.0
0.0;168.7;0.0;0.0
0.0;168.7;0.0;0.0
0.0;168.7;0.0;0.0
0.0;168.7;0.0;0.0
0.0;168.7;0.0;0.0
0.0;168.7;0.0;0.0
0.0;168.7;0.0;0.0
0.0;168.7;0.0;0.0
0.0;168.7;0.0;0.0
0.0;168.7;0.0;0.0
0.0;168.7;0.0;0.0
0.0;168.7;0.0;0.0
0.0;168.7;0.0;0.0
0.0;168.7;0.0;0.0
0.0;168.7;0.0;0.0
0.0;168.7;0.0;0.0
0.0;168.7;0.0;0.0
0.0;168.7;0.0;0.0
0.0;168.7;0.0;0.0
0.0;168.7;0.0;0.0
0.0;168.7;0.0;0.0
0.0;168.7;0.0;0.0
0.0;168.7;0.0;0.0
0.0;168.7;0.0;0.0
0.0;168.7;0.0;0.0
0.0;168.7;0.0;0.0
0.0;168.7;0.0;0.0
0.0;168.7;0.0;0.0
0.0;168.7;0.0;0.0
0.0;168.7;0.0;0.0
0.0;168.7;0.0;0.0
0.0;168.7;0.0;0.0
0.0;168.7;0.0;0.0
0.0;168.7;0.0;0.0
0.0;168.7;0.0;0.0
0.0;168.7;0.0;0.0
0.0;168.7;0.0;0.0
0.0;168.7;0.0;0.0
0.0;168.7;0.0;0.0
0.0;168.7;0.0;0.0
0.0;168.7;0.0;0.0
0.0;168.7;0.0;0.0
0.0;168.7;0.0;0.0
0.0;168.7;0.0;0.0
0.0;168.7;0.0;0.0
0.0;168.7;0.0;0.0
0.0;168.7;0.0;0.0
0.0;168.7;0.0;0.0
0.0;168.7;0.0;0.0
0.0;168.7;0.0;0.0
0.0;168.7;0.0;0.0
0.0;168.7;0.0;0.0
0.0;168.7;0.0;0.0
0.0;168.7;0.0;0.0
0.0;168.7;0.0;0.0
0.0;168.7;0.0;0.0
0.0;168.7;0.0;0.0
0.0;168.7;0.0;0.0
0.0;168.7;0.0;0.0
