93.9;190.7;294.6;0.0
98.8;154.2;89.7;0.0
167.8;181.1;352.6;0.0
99.0;178.9;71.9;0.0
109.0;156.1;105.2;0.0
5.0;156.9;60.6;0.0
105.0;161.7;69.0;0.0
88.4;163.0;0.0;0.0
50.0;163.0;0.0;0.0
70.9;163.0;0.0;0.0
71.6;163.0;0.0;0.0
55.5;163.0;0.0;0.0
70.0;163.0;0.0;0.0
61.4;163.0;0.0;0.0
108.9;163.0;3.0;0.0
534.6;163.0;80.0;0.0
203.9;163.0;98.0;0.0
298.0;164.1;24.2;0.0
395.9;164.2;168.3;0.0
49.9;164.2;0.0;0.0
104.3;164.2;11.0;0.0
220.8;164.2;66.0;0.0
138.9;204.2;313.0;0.0
247.0;221.7;52.3;0.0
386.0;235.2;376.2;0.0
455.5;203.7;100.1;0.0
128.0;169.0;0.0;0.0
499.0;357.0;532.0;40.0
478.0;984.0;6458.0;0.0
487.0;987.0;4287.0;0.0
513.0;987.0;3440.0;0.0
536.0;1297.0;3091.0;0.0
450.0;1300.0;4.0;1320.0
500.0;1300.0;6.0;1920.0
483.0;996.0;5.0;680.0
0.0;169.0;0.0;0.0
0.0;169.0;0.0;0.0
0.0;169.0;0.0;0.0
0.0;169.0;0.0;0.0
0.0;169.0;0.0;0.0
0.0;169.0;0.0;0.0
0.0;169.0;0.0;0.0
0.0;169.0;0.0;0.0
0.0;169.0;0.0;0.0
0.0;169.0;0.0;0.0
0.0;169.0;0.0;0.0
0.0;169.0;0.0;0.0
0.0;169.0;0.0;0.0
0.0;169.0;0.0;0.0
0.0;169.0;0.0;0.0
0.0;169.0;0.0;0.0
0.0;169.0;0.0;0.0
0.0;169.0;0.0;0.0
0.0;169.0;0.0;0.0
0.0;169.0;0.0;0.0
0.0;169.0;0.0;0.0
0.0;169.0;0.0;0.0
0.0;169.0;0.0;0.0
0.0;169.0;0.0;0.0
0.0;169.0;0.0;0.0
0.0;169.0;0.0;0.0
0.0;169.0;0.0;0.0
0.0;169.0;0.0;0.0
0.0;169.0;0.0;0.0
0.0;169.0;0.0;0.0
0.0;169.0;0.0;0.0
0.0;169.0;0.0;0.0
0.0;169.0;0.0;0.0
0.0;169.0;0.0;0.0
0.0;169.0;0.0;0.0
0.0;169.0;0.0;0.0
0.0;169.0;0.0;0.0
0.0;169.0;0.0;0.0
0.0;169.0;0.0;0.0
0.0;169.0;0.0;0.0
0.0;169.0;0.0;0.0
0.0;169.0;0.0;0.0
0.0;169.0;0.0;0.0
0.0;169.0;0.0;0.0
0.0;169.0;0.0;0.0
0.0;169.0;0.0;0.0
0.0;169.0;0.0;0.0
0.0;169.0;0.0;0.0
0.0;169.0;0.0;0.0
0.0;169.0;0.0;0.0
0.0;169.0;0.0;0.0
0.0;169.0;0.0;0.0
0.0;169.0;0.0;0.0
0.0;169.0;0.0;0.0
0.0;169.0;0.0;0.0
0.0;169.0;0.0;0.0
0.0;169.0;0.0;0.0
0.0;169.0;0.0;0.0
0.0;169.0;0.0;0.0
0.0;169.0;0.0;0.0
0.0;169.0;0.0;0.0
0.0;169.0;0.0;0.0
0.0;169.0;0.0;0.0
0.0;169.0;0.0;0.0
0.0;169.0;0.0;0.0
