86.8;262.8;1016.6;0.0
386.0;342.6;501.8;0.0
575.8;319.5;195.4;0.0
495.0;156.4;297.1;0.0
246.0;202.4;43.0;0.0
409.0;216.0;232.1;0.0
87.6;179.4;3.3;0.0
53.0;162.7;0.0;0.0
58.2;162.7;0.0;0.0
60.1;163.2;0.0;0.0
140.5;164.2;3.3;0.0
467.0;164.2;75.9;0.0
326.7;164.3;118.8;0.0
60.4;164.3;0.0;0.0
519.8;164.3;54.0;0.0
314.9;164.6;109.3;0.0
405.0;165.1;333.3;0.0
386.7;206.6;161.7;0.0
106.0;209.9;0.0;0.0
579.0;205.9;11.0;0.0
149.0;200.9;294.0;0.0
748.0;168.9;89.0;0.0
687.0;200.9;39.0;0.0
491.0;168.9;3.0;40.0
494.0;355.9;539.0;0.0
500.0;985.9;7851.0;0.0
505.0;988.9;3600.0;0.0
500.0;988.9;3108.0;0.0
530.0;1301.9;2675.0;0.0
495.0;1301.9;4.0;1320.0
469.0;1301.9;6.0;1920.0
486.0;997.9;5.0;680.0
0.0;168.9;0.0;0.0
0.0;168.9;0.0;0.0
0.0;168.9;0.0;0.0
0.0;168.9;0.0;0.0
0.0;168.9;0.0;0.0
0.0;168.9;0.0;0.0
0.0;168.9;0.0;0.0
0.0;168.9;0.0;0.0
0.0;168.9;0.0;0.0
0.0;168.9;0.0;0.0
0.0;168.9;0.0;0.0
0.0;168.9;0.0;0.0
0.0;168.9;0.0;0.0
0.0;168.9;0.0;0.0
0.0;168.9;0.0;0.0
0.0;168.9;0.0;0.0
0.0;168.9;0.0;0.0
0.0;168.9;0.0;0.0
0.0;168.9;0.0;0.0
0.0;168.9;0.0;0.0
0.0;168.9;0.0;0.0
0.0;168.9;0.0;0.0
0.0;168.9;0.0;0.0
0.0;168.9;0.0;0.0
0.0;168.9;0.0;0.0
0.0;168.9;0.0;0.0
0.0;168.9;0.0;0.0
0.0;168.9;0.0;0.0
0.0;168.9;0.0;0.0
0.0;168.9;0.0;0.0
0.0;168.9;0.0;0.0
0.0;168.9;0.0;0.0
0.0;168.9;0.0;0.0
0.0;168.9;0.0;0.0
0.0;168.9;0.0;0.0
0.0;168.9;0.0;0.0
0.0;168.9;0.0;0.0
0.0;168.9;0.0;0.0
0.0;168.9;0.0;0.0
0.0;168.9;0.0;0.0
0.0;168.9;0.0;0.0
0.0;168.9;0.0;0.0
0.0;168.9;0.0;0.0
0.0;168.9;0.0;0.0
0.0;168.9;0.0;0.0
0.0;168.9;0.0;0.0
0.0;168.9;0.0;0.0
0.0;168.9;0.0;0.0
0.0;168.9;0.0;0.0
0.0;168.9;0.0;0.0
0.0;168.9;0.0;0.0
0.0;168.9;0.0;0.0
0.0;168.9;0.0;0.0
0.0;168.9;0.0;0.0
0.0;168.9;0.0;0.0
0.0;168.9;0.0;0.0
0.0;168.9;0.0;0.0
0.0;168.9;0.0;0.0
0.0;168.9;0.0;0.0
0.0;168.9;0.0;0.0
0.0;168.9;0.0;0.0
0.0;168.9;0.0;0.0
0.0;168.9;0.0;0.0
0.0;168.9;0.0;0.0
0.0;168.9;0.0;0.0
0.0;168.9;0.0;0.0
0.0;168.9;0.0;0.0
0.0;168.9;0.0;0.0
