149.3;308.3;454.6;0.0
140.9;281.0;327.2;0.0
362.9;390.3;357.9;0.0
640.9;357.0;301.0;0.0
548.9;240.0;148.5;0.0
108.9;155.9;103.7;0.0
491.0;211.4;202.5;0.0
154.1;162.3;77.0;0.0
61.9;162.6;0.0;0.0
91.2;162.6;0.0;0.0
57.8;162.6;0.0;0.0
77.7;163.6;3.3;0.0
530.0;163.6;0.0;0.0
451.0;163.6;60.5;0.0
374.5;163.8;150.7;0.0
400.0;163.8;23.0;0.0
407.0;163.8;151.0;0.0
63.5;163.8;0.0;0.0
78.9;163.8;0.0;0.0
65.5;164.2;12.1;0.0
352.8;164.2;11.0;0.0
299.0;164.2;169.0;0.0
475.0;207.2;216.0;0.0
565.0;221.2;36.0;0.0
439.0;403.2;534.0;40.0
514.0;1031.2;7869.0;0.0
500.0;1034.2;3218.0;0.0
518.0;1034.2;4464.0;0.0
480.0;1345.2;1739.0;680.0
502.0;1345.2;6.0;1920.0
474.0;1042.2;7.0;1320.0
522.0;408.2;0.0;0.0
0.0;164.2;0.0;0.0
0.0;164.2;0.0;0.0
0.0;164.2;0.0;0.0
0.0;164.2;0.0;0.0
0.0;164.2;0.0;0.0
0.0;164.2;0.0;0.0
0.0;164.2;0.0;0.0
0.0;164.2;0.0;0.0
0.0;164.2;0.0;0.0
0.0;164.2;0.0;0.0
0.0;164.2;0.0;0.0
0.0;164.2;0.0;0.0
0.0;164.2;0.0;0.0
0.0;164.2;0.0;0.0
0.0;164.2;0.0;0.0
0.0;164.2;0.0;0.0
0.0;164.2;0.0;0.0
0.0;164.2;0.0;0.0
0.0;164.2;0.0;0.0
0.0;164.2;0.0;0.0
0.0;164.2;0.0;0.0
0.0;164.2;0.0;0.0
0.0;164.2;0.0;0.0
0.0;164.2;0.0;0.0
0.0;164.2;0.0;0.0
0.0;164.2;0.0;0.0
0.0;164.2;0.0;0.0
0.0;164.2;0.0;0.0
0.0;164.2;0.0;0.0
0.0;164.2;0.0;0.0
0.0;164.2;0.0;0.0
0.0;164.2;0.0;0.0
0.0;164.2;0.0;0.0
0.0;164.2;0.0;0.0
0.0;164.2;0.0;0.0
0.0;164.2;0.0;0.0
0.0;164.2;0.0;0.0
5.0;164.2;3.9;0.0
9.9;166.1;32.4;0.0
89.8;168.4;8.2;0.0
29.9;168.4;0.0;0.0
0.0;168.4;0.0;0.0
0.0;168.4;0.0;0.0
0.0;168.4;0.0;0.0
0.0;168.4;0.0;0.0
0.0;168.4;0.0;0.0
0.0;168.4;0.0;0.0
0.0;168.4;0.0;0.0
0.0;168.4;0.0;0.0
0.0;168.4;0.0;0.0
0.0;168.4;0.0;0.0
0.0;168.4;0.0;0.0
0.0;168.4;0.0;0.0
0.0;168.4;0.0;0.0
0.0;168.4;0.0;0.0
0.0;168.4;0.0;0.0
0.0;168.4;0.0;0.0
0.0;168.4;0.0;0.0
0.0;168.4;0.0;0.0
0.0;168.4;0.0;0.0
0.0;168.4;0.0;0.0
0.0;168.4;0.0;0.0
0.0;168.4;0.0;0.0
0.0;168.4;0.0;0.0
0.0;168.4;0.0;0.0
0.0;168.4;0.0;0.0
0.0;168.4;0.0;0.0
0.0;168.4;0.0;0.0
