92.9;268.9;1035.2;0.0
445.0;414.9;274.1;0.0
573.4;354.1;397.6;0.0
550.0;245.2;244.5;0.0
110.0;156.0;177.6;0.0
53.0;187.4;80.8;0.0
140.8;161.3;55.0;0.0
57.5;162.5;0.0;0.0
49.8;162.6;0.0;0.0
50.0;162.6;0.0;0.0
100.9;162.6;0.0;0.0
50.0;162.6;0.0;0.0
70.0;162.6;0.0;0.0
56.2;162.6;0.0;0.0
63.4;162.6;0.0;0.0
50.0;181.6;3.0;0.0
550.0;163.5;89.3;0.0
340.0;163.5;12.3;0.0
295.9;163.6;96.8;0.0
50.0;163.6;0.0;0.0
61.9;163.6;0.0;0.0
55.2;180.6;11.0;0.0
595.1;180.6;2.0;0.0
497.8;181.1;302.1;0.0
816.0;249.4;185.8;0.0
307.8;190.0;178.2;0.0
212.9;249.3;156.1;40.0
498.0;686.3;6299.0;0.0
510.0;994.3;3667.0;0.0
484.0;998.3;3338.0;0.0
499.0;1073.3;4333.0;0.0
500.0;1311.3;22.0;1320.0
474.0;1311.3;4.0;1280.0
500.0;1006.3;7.0;1320.0
548.0;360.3;0.0;0.0
0.0;168.3;0.0;0.0
0.0;168.3;0.0;0.0
0.0;168.3;0.0;0.0
0.0;168.3;0.0;0.0
0.0;168.3;0.0;0.0
0.0;168.3;0.0;0.0
0.0;168.3;0.0;0.0
0.0;168.3;0.0;0.0
0.0;168.3;0.0;0.0
0.0;168.3;0.0;0.0
0.0;168.3;0.0;0.0
0.0;168.3;0.0;0.0
0.0;168.3;0.0;0.0
0.0;168.3;0.0;0.0
0.0;168.3;0.0;0.0
0.0;168.3;0.0;0.0
0.0;168.3;0.0;0.0
0.0;168.3;0.0;0.0
0.0;168.3;0.0;0.0
0.0;168.3;0.0;0.0
0.0;168.3;0.0;0.0
0.0;168.3;0.0;0.0
0.0;168.3;0.0;0.0
0.0;168.3;0.0;0.0
0.0;168.3;0.0;0.0
0.0;168.3;0.0;0.0
0.0;168.3;0.0;0.0
0.0;168.3;0.0;0.0
0.0;168.3;0.0;0.0
0.0;168.3;0.0;0.0
0.0;168.3;0.0;0.0
0.0;168.3;0.0;0.0
0.0;168.3;0.0;0.0
0.0;168.3;0.0;0.0
0.0;168.3;0.0;0.0
0.0;168.3;0.0;0.0
0.0;168.3;0.0;0.0
0.0;168.3;0.0;0.0
0.0;168.3;0.0;0.0
0.0;168.3;0.0;0.0
0.0;168.3;0.0;0.0
0.0;168.3;0.0;0.0
0.0;168.3;0.0;0.0
0.0;168.3;0.0;0.0
0.0;168.3;0.0;0.0
0.0;168.3;0.0;0.0
0.0;168.3;0.0;0.0
0.0;168.3;0.0;0.0
0.0;168.3;0.0;0.0
0.0;168.3;0.0;0.0
0.0;168.3;0.0;0.0
0.0;168.3;0.0;0.0
0.0;168.3;0.0;0.0
0.0;168.3;0.0;0.0
0.0;168.3;0.0;0.0
0.0;168.3;0.0;0.0
0.0;168.3;0.0;0.0
0.0;168.3;0.0;0.0
0.0;168.3;0.0;0.0
0.0;168.3;0.0;0.0
0.0;168.3;0.0;0.0
0.0;168.3;0.0;0.0
0.0;168.3;0.0;0.0
0.0;168.3;0.0;0.0
0.0;168.3;0.0;0.0
