80.7;99.3;73.9;0.0
73.0;135.1;172.4;0.0
110.9;138.2;150.2;0.0
138.9;156.0;50.1;0.0
55.0;156.0;59.7;0.0
115.0;183.5;55.1;0.0
68.1;162.2;6.0;0.0
93.4;162.5;0.0;0.0
88.0;162.5;0.0;0.0
60.9;162.5;0.0;0.0
126.6;162.5;0.0;0.0
60.0;162.5;0.0;0.0
51.8;162.5;0.0;0.0
77.2;162.5;0.0;0.0
50.0;183.5;0.0;0.0
437.8;186.5;3.0;0.0
440.0;163.4;3.3;0.0
55.0;163.4;66.1;0.0
117.1;163.5;59.9;0.0
129.6;184.5;32.0;0.0
490.1;189.5;333.0;0.0
393.9;240.5;77.0;0.0
129.0;233.5;2.0;0.0
98.9;406.0;525.3;40.0
353.1;1005.2;5793.0;0.0
438.9;997.1;4276.3;0.0
409.0;997.1;3238.0;0.0
505.0;1312.1;3591.0;0.0
468.0;1315.1;4.0;1320.0
549.0;1315.1;6.0;1920.0
500.0;1010.1;5.0;680.0
0.0;168.1;0.0;0.0
0.0;168.1;0.0;0.0
0.0;168.1;0.0;0.0
0.0;168.1;0.0;0.0
0.0;168.1;0.0;0.0
0.0;168.1;0.0;0.0
0.0;168.1;0.0;0.0
0.0;168.1;0.0;0.0
0.0;168.1;0.0;0.0
0.0;168.1;0.0;0.0
0.0;168.1;0.0;0.0
0.0;168.1;0.0;0.0
0.0;168.1;0.0;0.0
0.0;168.1;0.0;0.0
0.0;168.1;0.0;0.0
0.0;168.1;0.0;0.0
0.0;168.1;0.0;0.0
0.0;168.1;0.0;0.0
0.0;168.1;0.0;0.0
0.0;168.1;0.0;0.0
0.0;168.1;0.0;0.0
0.0;168.1;0.0;0.0
0.0;168.1;0.0;0.0
0.0;168.1;0.0;0.0
0.0;168.1;0.0;0.0
0.0;168.1;0.0;0.0
0.0;168.1;0.0;0.0
0.0;168.1;0.0;0.0
0.0;168.1;0.0;0.0
0.0;168.1;0.0;0.0
0.0;168.1;0.0;0.0
0.0;168.1;0.0;0.0
0.0;168.1;0.0;0.0
0.0;168.1;0.0;0.0
0.0;168.1;0.0;0.0
0.0;168.1;0.0;0.0
0.0;168.1;0.0;0.0
0.0;168.1;0.0;0.0
0.0;168.1;0.0;0.0
0.0;168.1;0.0;0.0
0.0;168.1;0.0;0.0
0.0;168.1;0.0;0.0
0.0;168.1;0.0;0.0
0.0;168.1;0.0;0.0
0.0;168.1;0.0;0.0
0.0;168.1;0.0;0.0
0.0;168.1;0.0;0.0
0.0;168.1;0.0;0.0
0.0;168.1;0.0;0.0
0.0;168.1;0.0;0.0
0.0;168.1;0.0;0.0
0.0;168.1;0.0;0.0
0.0;168.1;0.0;0.0
0.0;168.1;0.0;0.0
0.0;168.1;0.0;0.0
0.0;168.1;0.0;0.0
0.0;168.1;0.0;0.0
0.0;168.1;0.0;0.0
0.0;168.1;0.0;0.0
0.0;168.1;0.0;0.0
0.0;168.1;0.0;0.0
0.0;168.1;0.0;0.0
0.0;168.1;0.0;0.0
0.0;168.1;0.0;0.0
0.0;168.1;0.0;0.0
0.0;168.1;0.0;0.0
0.0;168.1;0.0;0.0
0.0;168.1;0.0;0.0
0.0;168.1;0.0;0.0
