140.0;187.8;87.2;0.0
206.0;107.4;160.3;0.0
127.5;183.0;239.7;0.0
177.5;141.7;190.7;0.0
73.8;156.4;43.6;0.0
50.0;156.4;25.5;0.0
14.9;160.1;22.2;0.0
73.4;162.7;0.0;0.0
114.2;163.0;0.0;0.0
86.1;163.0;0.0;0.0
62.6;163.0;0.0;0.0
62.9;163.0;0.0;0.0
70.0;163.0;0.0;0.0
65.6;163.0;0.0;0.0
77.5;163.0;0.0;0.0
121.1;163.0;3.0;0.0
485.7;163.0;132.0;0.0
251.6;164.1;29.0;0.0
524.0;164.1;82.5;0.0
221.0;164.1;115.5;0.0
71.0;164.7;12.1;0.0
285.0;164.7;142.0;0.0
278.9;197.2;86.1;0.0
131.5;168.9;104.3;0.0
516.0;168.9;2.0;0.0
499.0;355.9;531.0;40.0
479.0;984.9;6423.0;0.0
549.0;984.9;3314.0;0.0
488.0;984.9;4624.0;0.0
505.0;1299.9;2923.0;680.0
502.0;1301.9;4.0;1280.0
481.0;1301.9;6.0;1920.0
500.0;378.9;3.0;80.0
0.0;168.9;0.0;0.0
0.0;168.9;0.0;0.0
0.0;168.9;0.0;0.0
0.0;168.9;0.0;0.0
0.0;168.9;0.0;0.0
0.0;168.9;0.0;0.0
0.0;168.9;0.0;0.0
0.0;168.9;0.0;0.0
0.0;168.9;0.0;0.0
0.0;168.9;0.0;0.0
0.0;168.9;0.0;0.0
0.0;168.9;0.0;0.0
0.0;168.9;0.0;0.0
0.0;168.9;0.0;0.0
0.0;168.9;0.0;0.0
0.0;168.9;0.0;0.0
0.0;168.9;0.0;0.0
0.0;168.9;0.0;0.0
0.0;168.9;0.0;0.0
0.0;168.9;0.0;0.0
0.0;168.9;0.0;0.0
0.0;168.9;0.0;0.0
0.0;168.9;0.0;0.0
0.0;168.9;0.0;0.0
0.0;168.9;0.0;0.0
0.0;168.9;0.0;0.0
0.0;168.9;0.0;0.0
0.0;168.9;0.0;0.0
0.0;168.9;0.0;0.0
0.0;168.9;0.0;0.0
0.0;168.9;0.0;0.0
0.0;168.9;0.0;0.0
0.0;168.9;0.0;0.0
0.0;168.9;0.0;0.0
0.0;168.9;0.0;0.0
0.0;168.9;0.0;0.0
0.0;168.9;0.0;0.0
0.0;168.9;0.0;0.0
0.0;168.9;0.0;0.0
0.0;168.9;0.0;0.0
0.0;168.9;0.0;0.0
0.0;168.9;0.0;0.0
0.0;168.9;0.0;0.0
0.0;168.9;0.0;0.0
0.0;168.9;0.0;0.0
0.0;168.9;0.0;0.0
0.0;168.9;0.0;0.0
0.0;168.9;0.0;0.0
0.0;168.9;0.0;0.0
0.0;168.9;0.0;0.0
0.0;168.9;0.0;0.0
0.0;168.9;0.0;0.0
0.0;168.9;0.0;0.0
0.0;168.9;0.0;0.0
0.0;168.9;0.0;0.0
0.0;168.9;0.0;0.0
0.0;168.9;0.0;0.0
0.0;168.9;0.0;0.0
0.0;168.9;0.0;0.0
0.0;168.9;0.0;0.0
0.0;168.9;0.0;0.0
0.0;168.9;0.0;0.0
0.0;168.9;0.0;0.0
0.0;168.9;0.0;0.0
0.0;168.9;0.0;0.0
0.0;168.9;0.0;0.0
0.0;168.9;0.0;0.0
