61.5;417.7;683.5;0.0
233.9;671.3;545.7;0.0
498.9;594.6;858.7;0.0
907.5;360.1;624.2;0.0
451.0;291.0;133.1;0.0
342.9;211.1;299.2;0.0
498.0;224.1;150.7;0.0
361.0;190.8;128.7;0.0
55.9;161.5;0.0;0.0
104.2;162.8;0.0;0.0
97.3;162.8;0.0;0.0
69.0;162.8;0.0;0.0
50.0;162.8;0.0;0.0
60.0;162.8;0.0;0.0
56.0;162.8;0.0;0.0
451.0;162.8;22.0;0.0
401.0;162.8;160.0;0.0
50.0;162.8;0.0;0.0
103.5;163.7;0.0;0.0
390.0;163.9;3.3;0.0
524.0;163.9;0.0;0.0
449.0;163.9;33.0;0.0
100.0;189.9;340.0;0.0
990.0;241.9;66.0;0.0
471.0;246.9;0.0;0.0
493.0;246.9;0.0;0.0
449.0;278.9;140.0;40.0
561.0;722.9;1217.0;0.0
468.0;1029.9;7641.0;0.0
504.0;1032.9;4226.0;0.0
497.0;1032.9;3820.0;0.0
548.0;1344.9;729.0;680.0
486.0;1344.9;4.0;1280.0
530.0;1344.9;6.0;1920.0
509.0;392.9;3.0;40.0
0.0;163.9;0.0;0.0
0.0;163.9;0.0;0.0
0.0;163.9;0.0;0.0
0.0;163.9;0.0;0.0
0.0;163.9;0.0;0.0
0.0;163.9;0.0;0.0
0.0;163.9;0.0;0.0
0.0;163.9;0.0;0.0
0.0;163.9;0.0;0.0
0.0;163.9;0.0;0.0
0.0;163.9;0.0;0.0
0.0;163.9;0.0;0.0
0.0;163.9;0.0;0.0
0.0;163.9;0.0;0.0
0.0;163.9;0.0;0.0
0.0;163.9;0.0;0.0
0.0;163.9;0.0;0.0
0.0;163.9;0.0;0.0
0.0;163.9;0.0;0.0
0.0;163.9;0.0;0.0
0.0;163.9;0.0;0.0
0.0;163.9;0.0;0.0
0.0;163.9;0.0;0.0
0.0;163.9;0.0;0.0
0.0;163.9;0.0;0.0
0.0;163.9;0.0;0.0
0.0;163.9;0.0;0.0
0.0;163.9;0.0;0.0
0.0;163.9;0.0;0.0
0.0;163.9;0.0;0.0
0.0;163.9;0.0;0.0
0.0;163.9;0.0;0.0
0.0;163.9;0.0;0.0
0.0;163.9;0.0;0.0
4.8;163.9;1.9;0.0
0.0;163.9;0.0;0.0
0.0;163.9;0.0;0.0
0.0;163.9;7.1;0.0
34.7;164.0;8.2;0.0
50.0;164.0;0.0;0.0
49.1;164.0;0.0;0.0
49.9;164.0;0.0;0.0
49.6;164.0;0.0;0.0
53.0;164.5;1.1;0.0
10.0;165.0;27.9;0.0
58.9;170.2;14.5;0.0
58.0;168.7;0.1;0.0
0.0;168.7;0.0;0.0
0.0;168.7;0.0;0.0
0.0;168.7;0.0;0.0
0.0;168.7;0.0;0.0
0.0;168.7;0.0;0.0
0.0;168.7;0.0;0.0
0.0;168.7;0.0;0.0
0.0;168.7;0.0;0.0
0.0;168.7;0.0;0.0
0.0;168.7;0.0;0.0
0.0;168.7;0.0;0.0
0.0;168.7;0.0;0.0
0.0;168.7;0.0;0.0
0.0;168.7;0.0;0.0
0.0;168.7;0.0;0.0
0.0;168.7;0.0;0.0
0.0;168.7;0.0;0.0
0.0;168.7;0.0;0.0
