59.8;141.6;86.0;0.0
95.2;209.3;689.4;0.0
196.0;470.1;232.9;0.0
835.5;319.3;480.3;0.0
440.6;156.1;205.1;0.0
488.0;212.1;24.3;0.0
426.0;225.1;212.3;0.0
235.6;183.7;114.4;0.0
61.0;162.5;0.0;0.0
61.0;162.8;0.0;0.0
49.2;162.8;0.0;0.0
64.7;162.8;0.0;0.0
55.4;162.8;0.0;0.0
68.0;162.8;0.0;0.0
266.9;179.8;3.0;0.0
506.6;179.8;170.0;0.0
84.5;181.8;11.0;0.0
78.6;181.8;0.0;0.0
287.9;163.8;3.3;0.0
545.0;163.8;106.5;0.0
86.0;163.9;106.4;0.0
88.0;242.9;267.0;0.0
586.0;251.9;1.0;0.0
65.1;226.9;0.0;0.0
62.0;1338.9;17853.0;40.0
114.5;1337.4;5.1;3920.0
498.0;387.4;203.5;0.0
59.0;168.1;24.9;0.0
69.8;168.6;1.1;0.0
0.0;168.6;0.0;0.0
0.0;168.6;0.0;0.0
0.0;168.6;0.0;0.0
0.0;168.6;0.0;0.0
0.0;168.6;0.0;0.0
0.0;168.6;0.0;0.0
0.0;168.6;0.0;0.0
0.0;168.6;0.0;0.0
0.0;168.6;0.0;0.0
0.0;168.6;0.0;0.0
0.0;168.6;0.0;0.0
0.0;168.6;0.0;0.0
0.0;168.6;0.0;0.0
0.0;168.6;0.0;0.0
0.0;168.6;0.0;0.0
0.0;168.6;0.0;0.0
0.0;168.6;0.0;0.0
0.0;168.6;0.0;0.0
0.0;168.6;0.0;0.0
0.0;168.6;0.0;0.0
0.0;168.6;0.0;0.0
0.0;168.6;0.0;0.0
0.0;168.6;0.0;0.0
0.0;168.6;0.0;0.0
0.0;168.6;0.0;0.0
0.0;168.6;0.0;0.0
0.0;168.6;0.0;0.0
0.0;168.6;0.0;0.0
0.0;168.6;0.0;0.0
0.0;168.6;0.0;0.0
0.0;168.6;0.0;0.0
0.0;168.6;0.0;0.0
0.0;168.6;0.0;0.0
0.0;168.6;0.0;0.0
0.0;168.6;0.0;0.0
0.0;168.6;0.0;0.0
0.0;168.6;0.0;0.0
0.0;168.6;0.0;0.0
0.0;168.6;0.0;0.0
0.0;168.6;0.0;0.0
0.0;168.6;0.0;0.0
0.0;168.6;0.0;0.0
0.0;168.6;0.0;0.0
0.0;168.6;0.0;0.0
0.0;168.6;0.0;0.0
0.0;168.6;0.0;0.0
0.0;168.6;0.0;0.0
0.0;168.6;0.0;0.0
0.0;168.6;0.0;0.0
0.0;168.6;0.0;0.0
0.0;168.6;0.0;0.0
0.0;168.6;0.0;0.0
0.0;168.6;0.0;0.0
0.0;168.6;0.0;0.0
0.0;168.6;0.0;0.0
0.0;168.6;0.0;0.0
0.0;168.6;0.0;0.0
0.0;168.6;0.0;0.0
0.0;168.6;0.0;0.0
0.0;168.6;0.0;0.0
0.0;168.6;0.0;0.0
0.0;168.6;0.0;0.0
0.0;168.6;0.0;0.0
0.0;168.6;0.0;0.0
0.0;168.6;0.0;0.0
0.0;168.6;0.0;0.0
0.0;168.6;0.0;0.0
0.0;168.6;0.0;0.0
0.0;168.6;0.0;0.0
0.0;168.6;0.0;0.0
0.0;168.6;0.0;0.0
