67.0;157.1;216.4;0.0
74.0;178.7;670.5;0.0
252.8;355.9;307.6;0.0
550.0;289.8;108.6;0.0
223.9;156.3;217.4;0.0
189.0;212.3;57.0;0.0
447.0;234.8;237.7;0.0
422.8;191.6;19.9;0.0
287.8;182.9;161.0;0.0
67.6;182.9;0.0;0.0
59.5;182.9;0.0;0.0
77.7;187.9;3.0;0.0
239.4;187.9;47.0;0.0
202.0;223.9;344.0;0.0
182.9;263.9;60.0;0.0
65.5;263.9;0.0;0.0
77.5;345.9;181.0;40.0
57.9;1357.9;17651.0;680.0
102.9;1345.3;10.3;3240.0
468.0;392.3;0.0;0.0
0.0;164.3;2.0;0.0
19.8;164.7;15.6;0.0
49.1;164.7;0.0;0.0
51.6;164.7;0.0;0.0
50.0;164.7;0.0;0.0
49.9;164.7;0.0;0.0
56.0;165.2;1.1;0.0
15.0;165.2;10.6;0.0
5.0;166.8;7.6;0.0
83.3;168.5;0.0;0.0
10.0;168.7;16.2;0.0
9.6;169.3;9.6;0.0
0.0;169.3;0.0;0.0
0.0;169.3;0.0;0.0
0.0;169.3;0.0;0.0
0.0;169.3;0.0;0.0
0.0;169.3;0.0;0.0
0.0;169.3;0.0;0.0
0.0;169.3;0.0;0.0
0.0;169.3;0.0;0.0
0.0;169.3;0.0;0.0
0.0;169.3;0.0;0.0
0.0;169.3;0.0;0.0
0.0;169.3;0.0;0.0
0.0;169.3;0.0;0.0
0.0;169.3;0.0;0.0
0.0;169.3;0.0;0.0
0.0;169.3;0.0;0.0
0.0;169.3;0.0;0.0
0.0;169.3;0.0;0.0
0.0;169.3;0.0;0.0
0.0;169.3;0.0;0.0
0.0;169.3;0.0;0.0
0.0;169.3;0.0;0.0
0.0;169.3;0.0;0.0
0.0;169.3;0.0;0.0
0.0;169.3;0.0;0.0
0.0;169.3;0.0;0.0
0.0;169.3;0.0;0.0
0.0;169.3;0.0;0.0
0.0;169.3;0.0;0.0
0.0;169.3;0.0;0.0
0.0;169.3;0.0;0.0
0.0;169.3;0.0;0.0
0.0;169.3;0.0;0.0
0.0;169.3;0.0;0.0
0.0;169.3;0.0;0.0
0.0;169.3;0.0;0.0
0.0;169.3;0.0;0.0
0.0;169.3;0.0;0.0
0.0;169.3;0.0;0.0
0.0;169.3;0.0;0.0
0.0;169.3;0.0;0.0
0.0;169.3;0.0;0.0
0.0;169.3;0.0;0.0
0.0;169.3;0.0;0.0
0.0;169.3;0.0;0.0
0.0;169.3;0.0;0.0
0.0;169.3;0.0;0.0
0.0;169.3;0.0;0.0
0.0;169.3;0.0;0.0
0.0;169.3;0.0;0.0
0.0;169.3;0.0;0.0
0.0;169.3;0.0;0.0
0.0;169.3;0.0;0.0
0.0;169.3;0.0;0.0
0.0;169.3;0.0;0.0
0.0;169.3;0.0;0.0
0.0;169.3;0.0;0.0
0.0;169.3;0.0;0.0
0.0;169.3;0.0;0.0
0.0;169.3;0.0;0.0
0.0;169.3;0.0;0.0
0.0;169.3;0.0;0.0
0.0;169.3;0.0;0.0
0.0;169.3;0.0;0.0
0.0;169.3;0.0;0.0
0.0;169.3;0.0;0.0
0.0;169.3;0.0;0.0
0.0;169.3;0.0;0.0
