94.9;159.3;153.5;0.0
62.0;143.9;408.6;0.0
297.2;337.8;462.5;0.0
86.0;158.2;404.0;0.0
113.4;159.7;45.1;0.0
284.4;160.6;125.5;0.0
397.2;160.6;159.0;0.0
58.8;160.8;0.0;0.0
86.8;160.8;0.0;0.0
54.9;160.8;0.0;0.0
84.7;160.8;0.0;0.0
71.7;160.8;0.0;0.0
56.8;160.8;0.0;0.0
57.0;160.8;0.0;0.0
65.0;160.8;0.0;0.0
50.0;160.8;0.0;0.0
49.5;160.8;0.0;0.0
59.8;160.8;0.0;0.0
84.8;160.8;0.0;0.0
91.7;160.8;0.0;0.0
75.0;160.8;0.0;0.0
84.9;160.8;0.0;0.0
113.2;160.8;0.0;0.0
96.0;160.8;0.0;0.0
60.4;160.8;0.0;0.0
62.8;160.8;0.0;0.0
85.1;160.8;0.0;0.0
61.8;160.8;0.0;0.0
85.0;160.8;0.0;0.0
74.9;160.8;0.0;0.0
70.0;160.8;0.0;0.0
81.4;161.1;0.0;0.0
274.0;162.4;30.8;0.0
204.9;180.6;160.6;0.0
68.3;207.0;169.4;44.0
49.9;418.2;423.5;0.0
90.5;453.4;0.0;0.0
101.7;487.5;0.0;0.0
89.5;836.2;12502.6;0.0
100.8;836.2;15995.1;0.0
70.0;838.4;15093.1;0.0
61.6;838.4;15534.2;0.0
67.8;838.4;12214.4;0.0
63.0;1178.9;1278.3;0.0
231.4;1165.9;3997.8;0.0
543.4;1165.9;4012.8;0.0
550.0;1165.9;3713.6;0.0
557.7;1165.9;3972.1;0.0
550.0;1165.9;3738.9;0.0
532.4;1165.9;3658.6;0.0
576.4;1165.9;3962.2;0.0
550.0;1165.9;4012.8;0.0
568.7;1165.9;4216.3;0.0
536.8;1165.9;3831.3;0.0
550.0;1165.9;3867.6;0.0
550.0;1165.9;3737.8;0.0
545.6;1165.9;4131.6;0.0
545.6;1165.9;3916.0;0.0
545.6;1165.9;4173.4;0.0
550.0;1165.9;3828.0;0.0
550.0;1165.9;3385.8;0.0
566.5;1165.9;4382.4;0.0
548.9;1165.9;3755.4;0.0
557.7;1165.9;4155.8;0.0
567.6;1165.9;3889.6;0.0
544.5;1165.9;3966.6;0.0
548.9;1165.9;3836.8;0.0
540.1;1165.9;3874.2;0.0
574.2;1165.9;4125.0;0.0
528.0;1165.9;4512.2;0.0
531.3;1165.9;4250.4;0.0
550.0;1165.9;4257.0;0.0
580.8;1165.9;4481.4;0.0
550.0;1165.9;4030.4;0.0
550.0;1165.9;4217.4;0.0
550.0;1165.9;4174.5;0.0
530.2;1165.9;4658.5;0.0
550.0;1165.9;4386.8;0.0
581.9;1513.5;623.7;1452.0
544.5;1513.5;8.8;2816.0
537.9;1513.5;2.2;704.0
550.0;1179.1;3.3;704.0
