71.4;100.6;116.7;0.0
102.9;133.0;146.3;0.0
198.0;139.2;55.1;0.0
76.4;158.7;40.4;0.0
63.6;158.9;0.0;0.0
192.0;160.6;26.2;0.0
177.6;161.5;146.3;0.0
580.8;161.6;0.0;0.0
551.1;161.6;0.0;0.0
544.5;161.6;0.0;0.0
567.6;161.9;9.9;0.0
762.3;192.2;40.7;0.0
376.2;205.4;146.3;0.0
537.9;274.7;162.8;44.0
492.8;445.2;423.5;0.0
550.0;483.7;0.0;0.0
547.8;511.2;0.0;0.0
581.9;862.1;12309.0;0.0
544.5;862.1;15162.4;0.0
526.9;864.3;15678.3;0.0
544.5;864.3;14927.0;0.0
594.0;864.3;13066.9;0.0
550.0;1205.3;841.5;0.0
522.5;1205.3;3905.0;0.0
587.4;1205.3;3709.2;0.0
537.9;1205.3;4279.0;0.0
543.4;1205.3;3616.8;0.0
531.3;1205.3;3715.8;0.0
548.9;1205.3;3542.0;0.0
587.4;1205.3;4028.2;0.0
544.5;1205.3;3630.0;0.0
547.8;1205.3;3643.2;0.0
544.5;1205.3;3935.8;0.0
540.1;1205.3;3883.0;0.0
581.9;1205.3;3863.2;0.0
561.0;1205.3;3982.0;0.0
495.0;1205.3;3790.6;0.0
599.5;1205.3;3820.3;0.0
533.5;1205.3;4093.1;0.0
539.0;1205.3;3685.0;0.0
537.9;1205.3;4932.4;0.0
550.0;1205.3;3755.4;0.0
545.6;1205.3;3544.2;0.0
539.6;1205.3;3972.4;0.0
503.3;1199.8;3853.6;0.0
53.8;1196.8;4100.8;0.0
49.9;1196.8;3709.2;0.0
79.7;1196.8;4043.6;0.0
105.6;1196.8;4096.4;0.0
50.0;1196.8;4012.8;0.0
64.3;1196.8;4712.4;0.0
56.3;1196.8;4317.5;0.0
76.1;1196.8;4270.2;0.0
73.1;1196.8;4519.9;0.0
94.0;1196.8;4195.4;0.0
63.8;1196.8;4822.4;0.0
50.0;1196.8;4356.0;0.0
50.0;1543.3;1318.9;1452.0
55.8;1543.3;8.8;2816.0
57.7;1543.3;2.2;704.0
49.9;1210.0;5.5;836.0
