118.0;160.1;203.4;600.0
141.0;208.1;505.6;0.0
69.3;435.8;223.3;0.0
299.0;336.2;434.1;0.0
80.4;184.7;421.4;0.0
399.2;190.4;148.0;0.0
101.9;160.1;24.2;0.0
350.9;160.1;101.2;0.0
59.8;161.2;67.1;0.0
50.0;161.2;0.0;0.0
65.2;161.2;0.0;0.0
73.4;161.5;1.1;0.0
429.8;162.8;49.5;0.0
261.1;185.9;135.3;0.0
98.9;185.9;0.0;0.0
54.9;325.6;187.0;44.0
62.5;425.7;405.9;0.0
66.0;457.6;0.0;0.0
70.7;479.6;0.0;0.0
100.7;840.4;6782.6;0.0
71.0;840.4;10945.0;0.0
49.6;840.4;13351.8;0.0
64.8;838.4;14977.6;0.0
64.0;840.6;13808.3;0.0
77.7;840.6;11111.1;0.0
49.9;1181.6;672.1;0.0
118.8;1181.6;3513.4;0.0
88.5;1181.6;3473.8;0.0
61.3;1181.6;3955.6;0.0
49.9;1181.6;3621.2;0.0
66.1;1181.6;3572.8;0.0
49.9;1181.6;3229.6;0.0
79.6;1181.6;2675.2;0.0
50.0;1181.6;3009.6;0.0
71.0;1181.6;3379.2;0.0
50.0;1181.6;3286.8;0.0
84.9;1181.6;3220.8;0.0
65.0;1181.6;3082.2;0.0
65.8;1163.6;3695.4;0.0
256.7;1161.6;3010.2;0.0
146.0;1143.6;3913.2;0.0
49.1;514.6;84515.0;40.0
50.0;305.6;31598.0;0.0
49.9;305.6;34171.4;0.0
62.0;305.6;34124.8;0.0
50.0;306.6;35299.6;0.0
50.0;616.6;18911.0;0.0
74.7;621.6;3664.0;3240.0
157.0;621.6;3892.4;1920.0
118.0;542.6;3455.6;1040.0
74.0;887.0;3929.2;0.0
49.5;255.0;303.2;0.0
50.0;255.0;350.4;0.0
49.2;255.0;382.2;0.0
55.0;255.0;356.8;0.0
49.8;255.0;405.4;0.0
49.6;255.0;372.8;0.0
50.0;255.0;375.0;0.0
50.0;255.0;374.7;0.0
48.8;255.0;391.7;0.0
50.0;255.0;370.0;0.0
49.7;255.0;419.8;0.0
49.9;255.0;379.6;0.0
49.5;286.5;35.1;196.0
50.0;286.5;0.6;192.0
49.9;286.5;0.2;64.0
50.0;256.3;0.3;68.0
