93.4;196.4;335.4;0.0
101.9;213.6;122.0;0.0
172.7;218.3;438.9;0.0
166.0;189.5;196.6;0.0
57.9;158.4;20.9;0.0
89.0;159.9;5.1;0.0
60.1;160.8;17.8;0.0
60.5;161.0;0.0;0.0
50.4;161.0;0.0;0.0
116.6;161.0;0.0;0.0
56.4;161.0;0.0;0.0
79.1;161.0;0.0;0.0
81.5;161.0;0.0;0.0
512.0;161.0;0.0;0.0
542.2;161.2;22.0;0.0
294.5;162.6;62.7;0.0
138.5;180.8;112.2;0.0
73.0;271.0;170.5;44.0
61.5;423.9;423.5;0.0
63.0;465.7;0.0;0.0
49.5;606.5;0.0;0.0
62.0;835.3;14329.7;0.0
61.9;835.3;16045.7;0.0
75.0;838.6;15310.9;0.0
104.0;838.6;15284.5;0.0
76.9;841.9;10194.8;0.0
62.0;1185.1;1657.7;0.0
50.0;1185.1;3653.1;0.0
79.7;1185.1;3884.1;0.0
49.9;1185.1;3579.4;0.0
70.1;1185.1;3781.8;0.0
68.9;1185.1;3624.5;0.0
70.5;1185.1;3876.4;0.0
66.1;1185.1;3979.8;0.0
90.9;1185.1;3622.3;0.0
59.0;1185.1;3612.4;0.0
118.1;1185.1;3909.4;0.0
70.4;1185.1;3942.4;0.0
49.8;1185.1;3647.6;0.0
66.0;1185.1;3821.4;0.0
84.0;1185.1;3913.8;0.0
55.6;1185.1;3616.8;0.0
68.7;1179.1;4186.6;0.0
252.6;1165.1;3444.4;0.0
224.0;1148.1;3732.8;0.0
56.1;1145.1;3975.6;0.0
72.0;900.1;3226.8;40.0
50.4;305.1;87504.1;0.0
49.7;305.1;33645.3;0.0
86.2;305.1;34377.8;0.0
95.9;305.1;34966.4;0.0
54.6;306.1;844.2;0.0
121.6;306.1;596.2;0.0
49.3;306.1;335.7;0.0
96.3;306.1;1126.4;0.0
49.9;306.1;2048.5;0.0
61.5;306.1;381.2;0.0
51.5;306.1;721.6;0.0
57.5;306.1;468.2;0.0
85.0;306.1;912.0;0.0
58.0;306.1;772.0;0.0
80.6;262.4;582.3;0.0
50.0;550.6;4135.4;2156.0
74.5;464.6;5479.6;2112.0
82.0;337.6;22.4;1448.0
54.9;609.4;6.3;2772.0
