51.0;292.4;296.1;0.0
101.0;229.0;309.2;0.0
450.8;337.6;370.9;0.0
483.9;338.0;182.3;0.0
143.6;175.7;444.4;0.0
130.9;177.3;22.0;0.0
494.5;160.0;104.0;0.0
173.9;177.0;14.1;0.0
316.9;160.9;149.6;0.0
50.0;160.9;0.0;0.0
49.9;160.9;0.0;0.0
79.2;160.9;0.0;0.0
308.3;191.9;28.0;0.0
256.9;207.9;150.0;0.0
114.0;212.9;0.0;0.0
109.0;838.9;87413.0;40.0
102.5;1147.9;2621.0;0.0
58.6;1147.9;5354.0;0.0
64.9;1147.9;4036.0;0.0
60.0;1147.9;4202.0;0.0
73.2;1146.1;3650.0;0.0
69.9;1146.1;4396.0;0.0
66.2;1146.1;4470.0;0.0
59.5;1146.1;4350.0;0.0
75.1;1146.1;3650.0;0.0
59.0;1146.1;3870.0;0.0
61.4;1146.1;3458.0;0.0
85.1;1146.1;3576.0;0.0
80.6;1146.1;4394.0;0.0
77.2;1146.1;4770.0;0.0
122.8;1146.1;4164.0;0.0
54.4;1146.1;4288.0;0.0
78.8;1146.1;5246.0;0.0
56.6;1146.1;4990.0;0.0
65.0;1146.1;4574.0;0.0
386.0;1131.7;4064.8;0.0
187.0;1129.0;4483.8;0.0
138.0;1120.9;3631.5;0.0
67.3;945.4;3701.4;44.0
76.0;887.8;4180.0;0.0
59.9;589.9;18561.2;0.0
49.5;308.2;66217.1;0.0
91.1;308.2;1108.0;0.0
59.1;308.2;1387.6;0.0
50.0;308.2;716.3;0.0
49.5;308.2;1242.5;0.0
82.0;308.2;1070.0;0.0
106.0;308.2;746.6;0.0
105.9;308.2;1905.4;0.0
50.5;308.2;778.8;0.0
106.0;308.2;1767.6;0.0
63.0;308.2;1403.8;0.0
71.0;308.2;1023.6;0.0
80.1;308.2;2321.2;0.0
58.8;308.2;3591.2;0.0
75.5;623.2;3464.4;3240.0
68.0;623.2;3815.6;2560.0
50.0;320.2;3635.8;360.0
74.3;883.7;3918.2;0.0
50.0;254.7;335.0;0.0
49.8;254.7;333.0;0.0
47.9;254.7;319.8;0.0
50.0;254.7;352.4;0.0
51.0;254.7;384.2;0.0
50.0;254.7;391.2;0.0
50.0;254.7;381.0;0.0
49.0;254.7;360.4;0.0
52.9;254.7;403.8;0.0
49.5;254.7;368.2;0.0
51.8;254.7;414.4;0.0
50.0;254.7;404.2;0.0
50.0;286.2;250.3;0.0
48.9;286.2;1.0;324.0
50.0;286.2;0.4;128.0
50.0;255.9;0.5;80.0
49.1;194.1;0.0;0.0
