117.6;280.0;1112.0;0.0
404.2;404.7;364.2;0.0
394.5;365.6;281.4;0.0
142.7;192.0;367.1;0.0
147.2;185.1;147.4;0.0
69.1;161.1;20.0;0.0
287.8;161.1;96.0;0.0
236.3;161.1;64.0;0.0
50.0;161.1;0.0;0.0
63.4;161.1;0.0;0.0
73.9;161.1;0.0;0.0
88.0;161.1;0.0;0.0
49.9;161.1;0.0;0.0
54.9;161.1;0.0;0.0
62.0;161.1;0.0;0.0
61.0;161.1;0.0;0.0
89.5;161.1;0.0;0.0
81.0;161.1;0.0;0.0
59.8;161.1;0.0;0.0
72.0;161.1;0.0;0.0
50.0;161.1;0.0;0.0
314.7;162.4;30.8;0.0
124.0;182.8;168.3;0.0
105.4;218.0;168.3;44.0
99.5;419.3;423.5;0.0
50.0;449.0;0.0;0.0
66.0;475.4;0.0;0.0
98.0;836.2;8275.3;0.0
77.0;836.2;15837.8;0.0
74.0;836.2;15360.4;0.0
55.0;839.5;15342.8;0.0
49.7;837.5;15408.8;0.0
74.9;1178.5;992.2;0.0
50.0;1178.5;3612.4;0.0
55.4;1178.5;3766.4;0.0
64.9;1178.5;3709.2;0.0
75.2;1178.5;3927.0;0.0
88.0;1178.5;3720.2;0.0
50.0;1178.5;3546.4;0.0
50.0;1178.5;3572.8;0.0
75.5;1178.5;4048.0;0.0
81.0;1178.5;3498.0;0.0
86.0;1178.5;3746.6;0.0
79.0;1178.5;3819.2;0.0
75.5;1178.5;3825.8;0.0
118.8;1178.5;3572.8;0.0
95.0;1175.5;3845.6;0.0
313.0;1156.5;3608.6;0.0
296.0;1154.5;3718.4;0.0
113.0;1139.5;3686.2;0.0
53.1;927.5;3164.4;40.0
57.1;515.5;41534.6;0.0
54.4;309.5;60796.2;0.0
50.0;309.5;34168.9;0.0
65.4;309.5;34305.4;0.0
55.0;306.0;35956.1;0.0
50.0;619.0;31040.4;0.0
66.4;621.0;3747.4;2600.0
104.6;621.0;3672.6;2560.0
65.0;621.0;3953.6;640.0
63.0;802.0;4147.3;160.0
48.7;255.0;393.7;0.0
53.2;255.0;389.0;0.0
50.0;255.0;368.8;0.0
50.0;255.0;376.2;0.0
49.1;255.0;382.0;0.0
50.0;255.0;376.2;0.0
48.7;255.0;417.4;0.0
49.9;286.5;332.3;0.0
50.0;286.5;0.8;260.0
51.6;286.5;0.6;192.0
47.8;256.2;0.5;84.0
50.0;194.4;0.0;0.0
