134.0;114.7;131.4;0.0
57.0;152.2;122.3;0.0
272.2;313.5;358.6;0.0
58.9;180.8;436.1;0.0
100.0;179.6;90.0;40.0
132.9;177.4;67.0;0.0
231.8;177.4;73.7;0.0
270.9;161.2;97.9;0.0
97.5;161.2;0.0;0.0
50.0;161.2;0.0;0.0
489.1;180.2;8.0;0.0
2484.9;193.2;65.0;0.0
70.7;211.2;109.0;0.0
85.0;275.2;154.0;40.0
76.0;431.2;385.0;0.0
61.0;473.2;0.0;0.0
57.0;1149.2;86998.0;0.0
67.0;1149.2;3949.0;0.0
50.0;1149.2;31956.0;0.0
55.1;1146.5;37290.0;0.0
78.1;1146.5;37207.0;0.0
100.0;1147.5;39211.0;0.0
75.5;1462.5;19095.0;680.0
402.0;1159.5;19.0;5400.0
711.2;465.5;0.0;0.0
48.0;161.5;0.0;0.0
49.0;161.5;0.0;0.0
50.0;161.5;0.0;0.0
50.0;161.5;0.0;0.0
49.9;161.5;0.0;0.0
49.9;161.5;0.0;0.0
51.6;161.5;0.0;0.0
48.5;161.5;0.0;0.0
50.0;161.5;0.0;0.0
58.7;162.9;2.7;0.0
69.0;163.1;2.0;0.0
38.9;165.2;16.0;4.0
44.4;185.3;52.8;0.0
44.9;187.2;0.0;0.0
54.5;190.7;0.0;0.0
49.5;223.4;463.7;0.0
47.0;223.4;1503.9;0.0
50.0;223.7;1414.0;0.0
55.0;223.7;1419.4;0.0
48.6;223.7;1452.5;0.0
53.3;254.8;216.1;0.0
44.6;255.2;335.5;0.0
49.2;255.2;342.4;0.0
54.9;255.2;346.8;0.0
49.7;255.2;335.2;0.0
49.6;255.2;334.4;0.0
49.8;255.2;327.6;0.0
46.6;255.2;373.0;0.0
55.0;255.2;330.6;0.0
50.0;255.2;333.9;0.0
49.4;255.2;351.5;0.0
50.0;255.2;348.0;0.0
53.9;255.2;380.6;0.0
44.3;255.2;325.2;0.0
53.2;255.2;364.8;0.0
49.9;255.2;346.2;0.0
49.2;255.2;404.2;0.0
50.0;255.2;329.2;0.0
49.2;255.2;391.4;0.0
49.6;255.2;366.4;0.0
53.0;255.2;348.2;0.0
49.6;255.2;366.0;0.0
48.3;255.2;345.8;0.0
50.0;255.2;342.8;0.0
54.2;255.2;362.6;0.0
50.0;255.2;342.0;0.0
49.4;255.2;369.4;0.0
46.6;255.2;383.0;0.0
49.6;255.2;397.3;0.0
49.9;255.2;387.3;0.0
52.1;255.2;400.8;0.0
50.0;255.2;388.8;0.0
49.5;255.2;386.5;0.0
55.0;255.2;385.9;0.0
48.6;255.2;423.6;0.0
44.9;286.7;311.9;0.0
50.0;286.7;0.8;260.0
54.9;286.7;0.6;192.0
46.4;256.5;0.5;80.0
53.5;194.7;0.0;0.0
