50.0;195.7;328.1;0.0
102.9;185.6;275.4;0.0
98.9;181.5;276.2;0.0
60.0;157.5;89.4;0.0
72.1;158.5;0.0;0.0
151.7;160.2;24.0;0.0
25.0;160.2;76.2;0.0
274.0;161.1;108.9;0.0
50.0;161.1;0.0;0.0
80.0;161.3;0.0;0.0
56.0;161.3;0.0;0.0
48.9;161.3;0.0;0.0
75.0;161.3;0.0;0.0
104.2;161.3;0.0;0.0
75.0;161.3;0.0;0.0
49.6;161.3;0.0;0.0
66.2;161.3;0.0;0.0
61.6;161.3;0.0;0.0
49.9;161.3;0.0;0.0
55.4;161.3;0.0;0.0
50.0;161.3;0.0;0.0
70.0;161.3;0.0;0.0
85.2;161.3;0.0;0.0
49.3;161.3;0.0;0.0
49.6;161.3;0.0;0.0
60.0;161.3;0.0;0.0
77.4;161.3;0.0;0.0
50.0;161.3;0.0;0.0
97.0;161.3;0.0;0.0
63.2;161.3;0.0;0.0
60.0;161.3;0.0;0.0
49.6;161.3;0.0;0.0
49.6;161.3;0.0;0.0
67.1;161.3;0.0;0.0
50.0;161.3;0.0;0.0
193.9;162.8;29.7;0.0
208.9;163.0;143.0;0.0
92.1;186.2;31.9;0.0
103.0;371.0;194.7;44.0
86.2;430.4;398.2;0.0
50.0;478.8;0.0;0.0
101.7;837.4;1552.1;0.0
57.8;837.4;15171.2;0.0
102.0;840.7;15114.0;0.0
105.0;841.8;15062.3;0.0
50.0;841.8;14162.5;0.0
234.6;823.8;10051.3;0.0
109.6;1154.2;1306.1;0.0
114.4;1133.2;3665.6;40.0
94.0;941.2;3187.8;0.0
50.0;923.2;3755.4;0.0
88.9;890.2;3784.0;0.0
50.0;846.2;3473.8;0.0
76.0;532.2;9205.6;0.0
50.0;532.2;12730.4;0.0
63.6;529.2;14153.5;0.0
77.0;529.2;12402.3;0.0
51.4;529.2;12074.2;0.0
70.0;526.2;7862.2;0.0
56.2;297.2;2932.4;0.0
49.9;297.2;594.3;0.0
103.0;297.2;519.7;0.0
74.0;297.2;613.9;0.0
93.7;297.2;565.9;0.0
105.0;297.2;491.5;0.0
104.4;297.2;613.9;0.0
63.4;297.2;546.8;0.0
59.9;297.2;389.7;0.0
59.9;297.2;439.0;0.0
49.9;297.2;707.9;0.0
69.4;297.2;462.1;0.0
60.8;297.2;547.9;0.0
55.0;297.2;824.7;0.0
56.8;297.2;738.3;0.0
63.0;297.2;364.8;0.0
101.3;297.2;920.8;0.0
80.0;297.2;470.8;0.0
54.9;297.2;588.3;0.0
63.9;297.2;1157.5;0.0
101.0;297.2;794.8;0.0
62.9;297.2;527.2;0.0
74.5;297.2;864.5;0.0
70.0;297.2;616.5;0.0
53.1;559.7;3125.7;1452.0
80.2;559.7;4123.8;2816.0
64.0;559.7;3698.2;704.0
100.0;285.5;3839.3;660.0
