120.5;107.5;174.5;0.0
82.0;202.0;264.1;0.0
93.2;191.3;322.5;0.0
92.1;194.3;115.3;0.0
205.5;159.7;3.0;0.0
328.9;159.7;79.9;0.0
216.9;160.6;99.2;0.0
75.9;160.6;0.0;0.0
66.0;160.8;0.0;0.0
90.5;160.8;0.0;0.0
90.0;160.8;0.0;0.0
78.0;160.8;0.0;0.0
117.7;160.8;0.0;0.0
74.0;160.8;0.0;0.0
50.0;160.8;0.0;0.0
60.8;160.8;0.0;0.0
99.0;160.8;0.0;0.0
550.0;180.8;3.0;0.0
848.0;193.8;44.0;0.0
52.0;211.8;134.0;0.0
58.6;385.8;170.0;40.0
80.6;832.8;29315.0;0.0
50.0;1150.8;75468.0;0.0
50.0;1150.8;36916.0;0.0
50.0;1150.8;37508.0;0.0
49.8;1151.8;38490.0;0.0
545.6;1463.8;38453.0;0.0
4415.5;1466.8;10.0;3240.0
133.3;1466.8;8.0;2560.0
78.0;480.8;3.0;360.0
48.9;160.8;0.0;0.0
50.0;160.8;0.0;0.0
54.7;160.8;0.0;0.0
49.7;161.1;0.1;0.0
68.8;162.4;4.6;0.0
34.7;163.6;13.1;0.0
49.6;176.7;16.3;4.0
49.3;192.2;37.5;0.0
49.9;254.4;8039.7;0.0
50.0;254.4;3530.1;0.0
50.1;254.8;3502.5;0.0
50.0;254.8;3910.6;0.0
48.2;286.6;141.5;196.0
43.9;286.6;0.8;256.0
58.6;256.1;0.5;88.0
51.2;189.1;0.0;0.0
