80.1;204.2;329.6;0.0
157.9;230.2;105.4;0.0
122.3;232.4;423.3;0.0
198.4;293.9;157.4;0.0
87.9;158.6;388.3;0.0
59.9;160.3;4.0;0.0
178.9;160.3;86.3;0.0
71.4;161.5;88.2;0.0
50.0;161.5;0.0;0.0
50.3;161.7;0.0;0.0
373.5;163.0;70.4;0.0
120.0;188.2;130.9;0.0
55.9;282.8;169.4;44.0
65.6;424.3;420.5;0.0
323.8;458.6;25.0;0.0
344.0;804.2;146.0;0.0
49.5;803.6;15906.0;0.0
49.9;597.8;14979.8;40.0
49.9;574.9;15790.5;0.0
57.5;543.9;16507.7;0.0
57.9;332.2;7433.8;0.0
49.9;294.9;87723.1;0.0
49.9;294.9;33256.8;0.0
74.2;298.9;33704.4;0.0
79.0;298.9;1127.2;0.0
80.0;298.9;2948.6;0.0
75.4;298.9;1882.8;0.0
81.9;298.9;1303.8;0.0
67.0;298.9;14261.8;0.0
49.5;299.9;36283.4;0.0
72.0;611.9;12102.8;0.0
120.1;614.9;4016.6;5160.0
86.0;885.9;3798.8;960.0
50.0;254.9;325.3;0.0
50.0;254.9;351.4;0.0
49.9;254.9;339.6;0.0
49.9;254.9;354.8;0.0
50.0;254.9;339.1;0.0
53.6;254.9;336.6;0.0
49.9;254.9;372.3;0.0
46.8;254.9;352.9;0.0
52.9;254.9;369.6;0.0
48.0;254.9;354.4;0.0
50.6;255.3;380.4;0.0
50.0;255.3;295.8;0.0
51.5;255.3;363.9;0.0
49.4;255.3;365.6;0.0
48.1;255.3;408.5;0.0
53.6;255.3;413.1;0.0
49.6;255.3;379.7;0.0
49.6;255.3;396.4;0.0
49.6;255.3;413.2;0.0
49.4;255.3;393.3;0.0
49.5;255.3;379.9;0.0
49.9;255.3;412.1;0.0
48.0;280.2;437.4;0.0
54.0;287.0;2.6;260.0
48.8;287.0;0.6;192.0
49.6;271.1;0.5;92.0
48.8;195.5;0.0;0.0
