93.0;99.3;76.4;0.0
50.0;112.1;113.6;0.0
97.5;137.8;98.8;0.0
101.6;157.1;40.4;0.0
71.0;158.4;0.0;0.0
58.5;160.4;2.0;0.0
57.4;160.4;120.3;0.0
355.9;160.4;131.6;0.0
172.6;161.2;1.1;0.0
50.0;161.2;0.0;0.0
60.9;161.2;0.0;0.0
49.9;161.2;0.0;0.0
49.5;161.2;0.0;0.0
88.5;161.2;0.0;0.0
75.1;161.2;0.0;0.0
84.1;161.2;0.0;0.0
50.0;161.2;0.0;0.0
78.3;161.2;0.0;0.0
97.2;161.2;0.0;0.0
50.0;161.2;0.0;0.0
71.5;161.5;0.0;0.0
55.3;161.5;0.0;0.0
49.6;161.5;0.0;0.0
83.0;161.5;0.0;0.0
49.9;161.5;0.0;0.0
81.0;161.5;0.0;0.0
69.2;161.5;0.0;0.0
101.6;161.5;0.0;0.0
50.0;161.5;0.0;0.0
50.0;161.5;0.0;0.0
60.0;161.5;0.0;0.0
89.4;161.5;0.0;0.0
54.4;161.5;0.0;0.0
59.4;161.5;0.0;0.0
66.0;161.9;0.0;0.0
228.9;163.1;29.7;0.0
320.0;163.1;20.9;0.0
285.8;187.3;146.3;0.0
59.0;274.2;169.4;44.0
57.8;839.6;7465.7;0.0
49.5;1183.9;83675.9;0.0
63.2;1183.9;6672.6;0.0
91.0;1183.9;4347.2;0.0
68.6;1183.9;6573.6;0.0
49.6;1183.9;20836.2;0.0
50.0;1188.3;39351.4;0.0
49.6;1534.8;40824.3;0.0
109.4;1532.8;8.8;2860.0
358.9;1513.8;44.6;2112.0
56.6;1164.6;124.5;748.0
