45.0;200.9;316.4;0.0
50.0;183.1;251.8;0.0
276.8;244.0;450.1;0.0
265.0;318.5;139.4;0.0
95.0;158.4;441.1;0.0
112.5;158.6;20.0;0.0
357.6;160.4;3.3;0.0
110.0;160.4;160.6;0.0
548.9;161.2;31.8;0.0
299.9;161.2;106.0;0.0
94.0;161.2;0.0;0.0
54.0;161.2;0.0;0.0
56.3;161.2;0.0;0.0
69.0;161.2;0.0;0.0
55.4;161.2;0.0;0.0
49.9;161.2;0.0;0.0
60.9;161.2;0.0;0.0
50.0;161.2;0.0;0.0
82.6;161.2;0.0;0.0
100.0;161.2;0.0;0.0
99.0;161.4;0.0;0.0
100.0;161.4;0.0;0.0
99.0;161.4;0.0;0.0
49.6;161.4;0.0;0.0
63.2;161.4;0.0;0.0
50.0;161.4;0.0;0.0
50.0;161.4;0.0;0.0
60.6;161.4;0.0;0.0
49.9;161.4;0.0;0.0
101.8;161.4;0.0;0.0
64.0;161.4;0.0;0.0
49.5;161.4;0.0;0.0
49.3;161.4;0.0;0.0
50.0;161.4;0.0;0.0
50.0;161.4;0.0;0.0
300.7;162.9;30.8;0.0
101.2;186.0;171.6;0.0
50.0;199.2;11.0;44.0
65.0;843.8;63915.5;0.0
49.9;1189.2;40485.5;0.0
49.5;1189.2;39069.8;0.0
79.0;1189.2;40532.8;0.0
59.0;1532.4;27523.1;0.0
69.2;1537.9;8.8;2860.0
59.1;1537.9;8.8;2816.0
