50.3;188.9;300.0;0.0
98.6;116.0;584.9;0.0
108.0;139.3;55.1;0.0
76.4;158.4;40.4;0.0
66.9;160.1;24.2;0.0
270.9;160.1;72.7;0.0
376.7;161.1;102.9;0.0
50.0;161.1;0.0;0.0
83.2;161.1;0.0;0.0
92.9;161.1;0.0;0.0
74.6;161.1;0.0;0.0
74.7;161.4;8.8;0.0
331.6;162.6;42.9;0.0
189.5;182.8;141.9;0.0
64.4;256.5;168.3;44.0
49.9;421.5;423.5;0.0
62.8;462.2;0.0;0.0
60.0;493.0;0.0;0.0
93.0;835.1;13150.5;0.0
49.5;835.1;15436.3;0.0
59.9;838.4;16493.4;0.0
57.1;838.4;15617.8;0.0
56.9;838.4;10480.8;0.0
64.0;1183.8;1453.1;0.0
105.5;1183.8;3748.8;0.0
59.0;1183.8;3906.1;0.0
49.9;1181.8;3796.1;0.0
58.8;1181.8;3894.0;0.0
91.4;1181.8;3993.0;0.0
59.0;1181.8;3634.4;0.0
55.4;1181.8;3810.4;0.0
49.9;1181.8;3691.6;0.0
55.4;1181.8;3647.6;0.0
49.6;1181.8;3795.0;0.0
70.9;1181.8;4319.7;0.0
94.5;1181.8;3820.3;0.0
81.5;1181.8;3775.2;0.0
62.0;1181.8;3883.0;0.0
65.2;1181.8;3707.0;0.0
50.0;1181.8;3997.4;0.0
61.0;1181.8;3854.4;0.0
54.4;1181.8;4089.8;0.0
50.0;1181.8;3709.2;0.0
82.9;1181.8;3911.6;0.0
50.0;1181.8;3786.2;0.0
111.7;1182.9;4006.2;0.0
55.1;1182.9;4096.4;0.0
244.0;1162.9;3641.6;0.0
245.0;1149.9;3535.6;0.0
100.9;1144.9;4083.2;0.0
84.1;949.9;3540.2;40.0
80.9;922.9;4256.8;0.0
50.0;884.9;4199.8;0.0
100.2;843.9;4175.6;0.0
50.0;525.9;6659.0;0.0
69.9;525.9;11324.4;0.0
109.5;523.9;10436.1;0.0
50.0;523.9;10279.1;0.0
80.0;870.4;11859.3;0.0
85.2;870.4;14984.0;3564.0
56.9;864.4;4573.4;1408.0
65.0;292.1;1822.5;924.0
49.5;848.3;3486.0;0.0
