119.0;180.5;387.1;0.0
93.9;201.3;97.0;0.0
230.3;209.8;439.4;0.0
158.9;288.7;196.1;0.0
49.9;158.2;346.5;0.0
88.0;178.2;20.0;0.0
408.7;160.0;24.2;0.0
55.0;160.0;157.3;0.0
421.3;161.0;25.3;0.0
550.0;161.1;0.0;0.0
589.6;161.1;0.0;0.0
532.4;161.1;0.0;0.0
543.4;161.1;0.0;0.0
565.4;161.1;0.0;0.0
520.3;161.1;0.0;0.0
550.0;161.1;0.0;0.0
550.0;161.1;0.0;0.0
550.0;161.1;0.0;0.0
548.9;161.1;0.0;0.0
550.0;161.1;0.0;0.0
578.6;161.1;0.0;0.0
545.6;161.1;0.0;0.0
548.9;161.1;0.0;0.0
550.0;161.1;0.0;0.0
564.3;161.1;0.0;0.0
550.0;161.1;0.0;0.0
550.0;161.1;0.0;0.0
547.8;161.1;0.0;0.0
541.2;161.1;0.0;0.0
550.0;161.1;0.0;0.0
550.0;161.1;0.0;0.0
550.0;161.1;0.0;0.0
550.0;161.1;0.0;0.0
548.9;161.1;0.0;0.0
550.0;161.1;0.0;0.0
765.6;185.5;29.7;0.0
550.0;189.9;167.2;0.0
545.6;200.9;1.1;0.0
550.0;434.1;578.6;44.0
550.0;453.9;0.0;0.0
544.5;493.5;0.0;0.0
540.1;853.2;5056.7;0.0
548.9;853.2;15062.3;0.0
539.0;853.2;15667.3;0.0
550.0;856.5;14781.8;0.0
550.0;856.5;15227.3;0.0
628.1;859.8;5361.4;0.0
495.0;1201.9;2872.1;0.0
550.0;1201.9;3724.6;0.0
587.4;1201.9;3861.0;0.0
495.0;1201.9;3597.0;0.0
550.0;1201.9;3407.8;0.0
550.0;1201.9;3644.3;0.0
540.1;1201.9;3470.5;0.0
543.4;1201.9;3814.8;0.0
584.1;1201.9;3862.4;0.0
500.0;1192.9;3466.1;0.0
50.0;1190.9;3606.9;0.0
92.9;1190.9;4435.2;0.0
68.8;1190.9;3735.6;0.0
50.0;1190.9;3742.2;0.0
83.9;1190.9;3881.9;0.0
58.5;1190.9;3565.1;0.0
50.0;1190.9;3964.4;0.0
50.0;1190.9;3597.0;0.0
50.1;1187.9;4558.4;0.0
92.9;1187.9;3522.2;0.0
85.0;1187.9;3689.4;0.0
58.0;1187.9;3837.9;0.0
78.0;1187.9;3763.1;0.0
62.6;1189.0;4094.2;0.0
57.1;1189.0;3742.2;0.0
58.0;1189.0;3863.2;0.0
49.9;1189.0;3847.8;0.0
82.4;1189.0;4276.8;0.0
81.8;1189.0;4457.2;0.0
71.0;1189.0;4191.0;0.0
65.0;1189.0;4175.6;0.0
50.0;1189.0;4294.4;0.0
91.7;1189.0;4193.2;0.0
98.6;1189.0;4340.6;0.0
101.4;1189.0;4672.8;0.0
50.0;1535.5;2753.3;0.0
72.0;1535.5;11.0;3564.0
49.3;1535.5;4.4;1408.0
76.9;1202.2;5.5;924.0
58.1;522.4;0.0;0.0
