83.1;258.7;968.6;0.0
345.1;347.9;439.1;0.0
316.8;325.7;205.4;1280.0
65.4;158.3;441.1;2508.0
161.0;159.9;23.1;0.0
200.0;159.9;20.0;0.0
0.0;159.9;0.0;0.0
0.0;159.9;137.0;0.0
550.0;179.9;0.0;0.0
480.0;179.9;0.0;0.0
74.4;161.0;146.3;0.0
79.0;161.0;0.0;0.0
79.0;161.0;0.0;0.0
52.9;161.0;0.0;0.0
65.5;161.0;0.0;0.0
60.5;161.0;0.0;0.0
510.0;161.2;3.3;0.0
273.8;162.5;47.3;0.0
208.9;181.7;146.3;0.0
102.9;254.3;162.8;44.0
96.5;423.7;423.5;0.0
79.6;835.1;7344.7;0.0
88.9;1183.8;83669.3;0.0
101.8;1183.8;4209.7;0.0
75.0;1183.8;7522.9;0.0
50.5;1183.8;26275.7;0.0
93.2;1183.8;4584.8;0.0
50.3;1183.8;35125.2;0.0
58.0;1183.8;4012.8;0.0
54.5;1183.8;3946.8;0.0
73.6;1181.8;5056.7;0.0
59.8;1181.8;4720.1;0.0
48.2;1181.8;4716.8;0.0
90.5;1181.8;4342.8;0.0
49.9;1181.8;4221.8;0.0
129.5;1181.8;4502.3;0.0
56.0;1181.8;4581.5;0.0
65.0;1529.4;2075.7;748.0
72.2;1531.6;11.0;3520.0
55.0;1531.6;2.2;704.0
70.7;1197.2;5.5;748.0
