44.9;163.1;344.8;0.0
192.9;223.3;165.8;0.0
297.8;308.8;244.6;0.0
58.9;173.2;425.4;0.0
152.7;177.2;42.0;0.0
190.0;176.9;115.0;0.0
272.9;176.9;0.0;0.0
504.0;176.9;0.0;0.0
498.0;178.9;0.0;0.0
504.0;184.9;14.0;0.0
786.0;196.9;32.0;0.0
436.0;214.9;136.0;0.0
495.0;239.9;157.0;40.0
499.0;426.9;385.0;0.0
480.0;464.9;0.0;0.0
538.0;499.9;0.0;0.0
472.0;837.9;8719.0;0.0
499.0;837.9;14193.0;0.0
514.0;838.9;15345.0;0.0
501.0;838.9;19586.0;0.0
499.0;838.9;15793.0;0.0
509.0;842.9;13248.0;0.0
508.0;1155.9;845.0;0.0
482.0;1155.9;3990.0;0.0
492.0;1155.9;4528.0;0.0
524.0;1155.9;4854.0;0.0
491.0;1155.9;15522.0;0.0
501.0;1155.9;37302.0;0.0
480.0;1155.9;3316.0;0.0
494.0;1155.9;3926.0;0.0
539.0;1155.9;3675.0;0.0
470.0;1155.9;4059.0;0.0
500.0;1155.9;4164.0;0.0
524.0;1155.9;3992.0;0.0
477.0;1155.9;3586.0;0.0
511.0;1155.9;3933.0;0.0
485.0;1155.9;4297.0;0.0
498.0;1155.9;3587.0;0.0
511.0;1155.9;4009.0;0.0
496.0;1155.9;3696.0;0.0
525.0;1155.9;4292.0;0.0
485.0;1156.9;4726.0;0.0
499.0;1156.9;3866.0;0.0
499.0;1156.9;3770.0;0.0
510.0;1156.9;4514.0;0.0
498.0;1156.9;5880.0;0.0
499.0;1156.9;4354.0;0.0
502.0;1156.9;4752.0;0.0
499.0;1156.9;3972.0;0.0
498.0;1156.9;3708.0;0.0
524.0;1156.9;4330.0;0.0
490.0;1156.9;4239.0;0.0
490.0;1469.9;3716.0;0.0
510.0;1472.9;10.0;3240.0
511.0;1472.9;8.0;2560.0
498.0;1168.9;144.4;360.0
38.0;160.9;1.5;0.0
50.0;161.1;0.0;0.0
51.2;161.1;0.0;0.0
50.0;161.1;0.0;0.0
51.6;161.1;0.0;0.0
49.5;161.1;0.0;0.0
49.8;161.1;0.0;0.0
50.5;161.1;0.0;0.0
48.9;161.1;0.0;0.0
52.8;161.1;0.0;0.0
48.4;161.1;0.0;0.0
48.8;161.1;0.0;0.0
50.5;161.1;0.0;0.0
49.8;161.1;0.0;0.0
53.9;161.1;0.0;0.0
49.5;161.1;0.0;0.0
50.0;161.1;0.0;0.0
49.2;161.1;0.0;0.0
49.9;161.1;0.0;0.0
49.3;161.1;0.0;0.0
51.9;161.1;0.0;0.0
49.2;161.1;0.0;0.0
50.0;161.1;0.0;0.0
49.9;161.1;0.0;0.0
52.5;161.1;0.0;0.0
49.9;161.1;0.0;0.0
54.1;162.6;2.7;0.0
65.0;162.8;9.3;0.0
31.6;164.0;6.5;0.0
51.6;223.2;2132.7;4.0
49.4;255.0;6465.9;0.0
50.6;255.0;3531.6;0.0
49.5;255.0;3573.2;0.0
49.9;286.5;3425.9;0.0
45.8;286.7;1.0;324.0
50.9;189.2;0.9;208.0
