161.0;122.9;167.8;0.0
146.0;170.2;140.0;0.0
139.9;152.4;166.3;0.0
72.0;156.9;48.1;0.0
49.9;158.7;0.0;0.0
100.2;160.6;4.0;0.0
74.9;160.6;60.9;0.0
121.2;161.5;69.2;0.0
50.0;161.5;0.0;0.0
49.6;161.5;0.0;0.0
50.0;161.7;0.0;0.0
68.2;161.7;0.0;0.0
78.1;161.7;7.0;0.0
230.9;183.7;40.0;0.0
147.1;201.7;139.0;0.0
59.6;223.7;155.0;40.0
86.8;413.7;385.0;0.0
50.0;440.7;0.0;0.0
73.6;473.7;0.0;0.0
92.0;820.7;1057.0;0.0
50.0;824.7;13965.0;0.0
50.0;824.7;13813.0;0.0
114.9;825.7;14054.0;0.0
114.1;825.7;15338.0;0.0
50.0;825.7;15395.0;0.0
71.8;825.7;13236.0;0.0
62.8;1055.7;0.0;0.0
49.5;1142.7;3135.0;0.0
66.5;1142.7;3430.0;0.0
61.6;1142.7;3710.0;0.0
49.9;1142.7;3246.0;0.0
63.3;1142.7;3540.0;0.0
86.0;1142.7;3308.0;0.0
54.2;1142.7;3531.0;0.0
116.4;1130.1;3734.7;0.0
261.2;1127.4;3440.9;0.0
238.1;1117.5;3291.6;0.0
48.5;1043.7;3547.4;44.0
49.5;582.9;19104.6;0.0
49.8;302.1;67948.4;0.0
162.5;302.1;493.5;0.0
123.9;302.1;3235.7;0.0
56.1;302.1;22909.8;0.0
50.2;297.6;35040.4;0.0
56.6;560.1;36966.3;0.0
49.5;562.3;3482.8;2860.0
545.0;286.8;4098.1;3036.0
911.7;888.9;3592.0;0.0
