115.9;345.7;1213.4;0.0
237.0;582.2;151.8;0.0
299.2;418.5;892.9;0.0
169.9;326.7;260.5;0.0
251.0;158.7;318.2;0.0
222.8;186.8;66.0;0.0
98.1;160.6;22.0;0.0
495.0;160.6;3.3;0.0
454.0;161.5;178.2;0.0
65.0;161.5;0.0;0.0
49.5;161.5;0.0;0.0
50.0;161.7;0.0;0.0
66.0;161.7;0.0;0.0
70.0;161.7;0.0;0.0
55.1;161.7;0.0;0.0
58.1;161.7;0.0;0.0
59.0;161.7;0.0;0.0
50.0;161.7;0.0;0.0
49.9;161.7;0.0;0.0
80.8;161.7;0.0;0.0
50.0;161.7;0.0;0.0
79.8;161.7;0.0;0.0
66.2;161.7;0.0;0.0
85.0;161.7;0.0;0.0
61.0;161.7;0.0;0.0
70.0;161.7;0.0;0.0
66.2;161.7;0.0;0.0
58.0;161.7;0.0;0.0
58.1;161.7;0.0;0.0
77.5;161.7;0.0;0.0
90.4;161.7;0.0;0.0
79.9;161.7;0.0;0.0
59.0;161.7;0.0;0.0
71.8;161.7;0.0;0.0
63.6;161.7;0.0;0.0
50.0;161.7;0.0;0.0
239.1;163.2;2.7;0.0
559.0;163.5;63.6;0.0
140.3;164.4;39.9;0.0
49.1;331.7;438.1;4.0
121.2;187.6;385.0;0.0
91.0;192.0;0.0;0.0
58.6;863.1;83763.9;0.0
55.8;529.1;33623.0;0.0
94.0;534.6;25977.4;0.0
59.1;534.6;28634.6;0.0
49.6;878.1;10395.1;0.0
128.1;878.1;14054.0;3564.0
133.8;605.3;14680.9;2288.0
57.8;523.5;10437.0;0.0
