95.9;196.7;291.3;0.0
55.0;153.5;188.5;0.0
293.9;191.0;368.8;0.0
200.9;238.1;85.0;0.0
62.5;158.2;287.3;0.0
49.5;158.2;0.0;0.0
125.0;160.0;2.3;0.0
55.0;160.9;28.2;0.0
304.1;160.9;1.0;0.0
55.7;160.9;0.0;0.0
65.6;161.1;0.0;0.0
65.0;161.1;0.0;0.0
75.0;161.1;0.0;0.0
59.5;161.1;0.0;0.0
95.0;161.1;0.0;0.0
50.0;161.1;0.0;0.0
66.0;161.1;0.0;0.0
56.9;161.1;0.0;0.0
50.4;161.1;0.0;0.0
67.0;161.1;0.0;0.0
92.9;161.1;0.0;0.0
83.0;161.1;0.0;0.0
55.0;161.1;0.0;0.0
50.5;161.1;0.0;0.0
57.2;161.1;0.0;0.0
55.0;161.1;0.0;0.0
72.0;161.1;0.0;0.0
50.0;161.1;0.0;0.0
81.4;161.1;0.0;0.0
56.1;161.1;0.0;0.0
106.0;161.1;0.0;0.0
49.9;161.1;0.0;0.0
50.0;161.1;0.0;0.0
78.0;161.1;0.0;0.0
49.5;161.1;0.0;0.0
288.5;162.7;30.8;0.0
157.1;163.6;159.5;0.0
58.6;200.7;149.6;44.0
95.9;413.0;442.2;0.0
49.6;437.2;0.0;0.0
70.0;472.4;0.0;0.0
50.0;834.3;4030.4;0.0
80.0;834.3;15258.1;0.0
49.9;834.3;15419.8;0.0
55.0;836.5;15138.2;0.0
96.7;836.5;15605.7;0.0
81.9;839.8;5711.2;0.0
55.4;1181.9;2687.3;0.0
98.4;1179.9;3800.5;0.0
260.7;1162.9;3998.7;0.0
49.6;1144.9;3457.8;0.0
58.9;1129.9;3611.8;40.0
74.0;934.9;3266.4;0.0
57.9;906.9;3436.4;0.0
79.3;873.9;4131.6;0.0
67.2;525.9;12765.0;0.0
64.4;301.9;74011.9;0.0
105.0;301.9;33126.9;0.0
49.5;301.9;34362.4;0.0
109.0;301.9;34696.3;0.0
82.7;302.9;36702.5;0.0
50.0;614.9;8238.6;0.0
84.5;617.9;3807.0;3240.0
58.0;314.9;3844.5;2880.0
108.8;884.9;3747.7;0.0
49.1;254.9;379.4;0.0
49.0;254.9;351.8;0.0
49.5;254.9;353.6;0.0
55.0;254.9;336.8;0.0
49.0;255.1;358.0;0.0
44.9;255.1;312.0;0.0
50.0;255.1;328.8;0.0
54.1;255.1;364.2;0.0
47.4;255.1;388.9;0.0
53.2;255.1;366.3;0.0
50.0;255.1;379.0;0.0
50.0;255.1;387.9;0.0
50.0;255.1;364.8;0.0
50.2;255.1;408.3;0.0
50.0;255.1;382.4;0.0
49.8;255.1;438.2;0.0
49.6;255.1;409.2;0.0
50.0;286.6;185.5;0.0
50.0;286.6;1.2;388.0
55.0;286.6;0.2;64.0
44.3;256.3;0.5;76.0
52.4;193.5;0.0;0.0
