49.4;113.3;139.2;0.0
160.6;158.4;91.3;0.0
193.1;138.9;108.3;0.0
91.8;157.3;39.1;0.0
159.0;159.2;2.0;0.0
0.0;159.2;0.0;0.0
53.9;159.2;0.1;0.0
0.0;159.2;0.0;0.0
0.0;159.2;14.3;0.0
0.0;159.2;13.0;0.0
0.0;159.2;7.7;0.0
0.0;159.2;7.0;0.0
55.0;159.2;6.6;0.0
0.0;159.2;5.0;0.0
218.9;160.0;5.5;0.0
448.0;160.0;3.1;0.0
296.9;160.4;14.3;0.0
399.0;160.4;14.0;0.0
0.0;160.4;1.1;0.0
0.0;160.4;1.0;0.0
0.0;160.4;14.3;0.0
0.0;160.4;13.0;0.0
0.0;160.4;7.7;0.0
0.0;160.4;7.0;0.0
52.8;160.4;7.7;0.0
0.0;160.4;6.0;0.0
235.4;183.7;100.1;44.0
285.6;398.4;492.2;0.0
120.7;878.6;15660.5;40.0
51.1;895.1;3618.3;0.0
82.8;589.3;3406.6;2156.0
53.2;589.3;3840.6;2112.0
74.6;245.9;3519.3;660.0
