49.9;182.3;188.0;0.0
105.0;107.5;267.6;0.0
226.0;207.3;230.6;0.0
201.0;256.3;86.3;0.0
140.0;159.3;283.7;0.0
50.0;159.3;20.0;0.0
0.0;159.3;1.1;0.0
50.0;159.3;1.0;0.0
0.0;159.3;14.3;0.0
0.0;159.3;0.0;0.0
0.0;159.3;7.7;0.0
0.0;159.3;0.0;0.0
0.0;159.3;6.6;0.0
0.0;159.3;0.0;0.0
101.2;160.2;5.5;0.0
533.5;160.2;0.0;0.0
575.3;160.2;13.2;0.0
273.9;160.6;2.2;0.0
0.0;160.6;8.0;0.0
0.0;160.6;1.1;0.0
0.0;160.6;7.0;0.0
0.0;160.6;14.3;0.0
0.0;160.6;7.0;0.0
0.0;160.6;7.7;0.0
496.0;160.6;5.0;0.0
199.0;160.6;8.5;0.0
0.0;160.6;0.0;0.0
199.1;350.0;183.8;44.0
767.8;747.1;3371.5;0.0
544.5;1087.0;8158.9;0.0
586.3;1087.0;3619.0;0.0
498.9;1087.0;3660.4;0.0
542.3;1088.1;3680.6;0.0
547.8;1088.1;3950.8;0.0
547.8;1432.4;795.3;748.0
304.9;1420.4;9.8;2820.0
49.8;585.4;21157.2;704.0
104.0;1079.2;3298.3;616.0
