51.6;102.4;183.7;0.0
54.8;120.4;108.6;0.0
78.8;139.6;47.2;0.0
49.6;157.8;39.2;0.0
149.0;159.1;2.9;0.0
0.0;159.1;0.0;0.0
0.0;159.1;0.1;0.0
0.0;159.1;0.0;0.0
50.0;159.1;2.2;0.0
0.0;159.1;0.0;0.0
0.0;159.1;0.7;0.0
0.0;159.1;0.0;0.0
0.0;159.1;1.5;0.0
0.0;159.1;0.0;0.0
146.5;159.9;1.4;0.0
490.6;159.9;8.0;0.0
860.6;159.9;7.2;0.0
218.9;160.4;2.2;0.0
0.0;160.4;1.0;0.0
0.0;160.4;1.1;0.0
0.0;160.4;13.0;0.0
0.0;160.4;14.3;0.0
0.0;160.4;7.0;0.0
0.0;160.4;7.7;0.0
0.0;160.4;5.0;0.0
0.0;160.4;5.5;0.0
248.0;197.4;151.0;40.0
257.7;964.7;23471.7;44.0
54.6;1122.0;376.5;680.0
56.5;568.5;12540.8;2560.0
97.7;568.5;3657.7;640.0
104.5;870.0;3649.2;720.0
49.4;245.0;542.8;0.0
54.0;276.2;91.9;68.0
49.1;276.2;1.0;320.0
44.5;184.1;0.3;52.0
