103.0;167.4;299.2;0.0
50.0;181.1;142.0;0.0
125.7;191.8;483.1;0.0
161.0;265.9;168.7;0.0
301.0;159.6;267.1;0.0
0.0;159.6;0.0;0.0
50.0;159.6;1.0;0.0
0.0;159.6;1.1;0.0
0.0;159.6;13.0;0.0
0.0;159.6;13.2;0.0
0.0;159.6;7.0;0.0
0.0;159.6;7.7;0.0
0.0;159.6;5.0;0.0
0.0;159.6;5.5;0.0
48.0;159.6;5.0;0.0
111.1;160.6;6.6;0.0
301.0;160.6;2.0;0.0
550.0;160.6;0.0;0.0
323.4;161.1;14.4;0.0
0.0;161.1;0.0;0.0
0.0;161.1;1.1;0.0
0.0;161.1;0.0;0.0
0.0;161.1;12.1;0.0
0.0;161.1;0.0;0.0
0.0;161.1;7.7;0.0
0.0;161.1;0.0;0.0
0.0;161.1;6.6;0.0
0.0;161.1;13.0;0.0
265.1;161.6;5.5;0.0
495.0;403.0;584.8;44.0
544.5;750.6;8998.0;0.0
596.2;1089.4;2884.7;0.0
495.0;1089.4;3337.4;0.0
366.1;1084.4;3849.4;0.0
60.2;557.6;21375.0;40.0
65.0;276.6;3453.3;4480.0
53.6;276.9;0.4;132.0
53.0;276.9;0.6;192.0
50.0;246.5;0.5;116.0
