120.0;117.2;127.3;0.0
89.9;141.5;133.2;0.0
134.9;138.6;74.2;0.0
50.0;157.7;39.1;0.0
76.0;159.5;2.0;0.0
0.0;159.5;0.0;0.0
0.0;159.5;0.1;0.0
0.0;159.5;0.0;0.0
0.0;159.5;13.0;0.0
0.0;159.5;0.0;0.0
0.0;159.5;7.0;0.0
0.0;159.5;13.2;0.0
0.0;159.5;6.0;0.0
0.0;159.5;7.7;0.0
196.0;159.5;5.0;0.0
486.0;159.5;5.5;0.0
526.0;159.5;0.0;0.0
215.6;160.5;9.5;0.0
550.6;160.5;0.0;0.0
493.9;160.5;1.0;0.0
440.0;161.0;15.4;0.0
0.0;161.0;0.0;0.0
0.0;161.0;12.1;0.0
0.0;161.0;0.0;0.0
0.0;161.0;7.3;0.0
0.0;161.0;0.0;0.0
0.0;161.0;2.7;0.0
0.0;161.0;0.0;0.0
458.0;299.0;169.6;40.0
495.0;1058.0;24757.0;0.0
384.2;1313.5;16.4;680.0
55.0;1120.9;583.8;2524.0
76.4;839.2;9165.4;640.0
111.8;850.0;2734.9;440.0
49.5;245.0;319.4;0.0
49.4;245.4;313.4;0.0
50.5;245.4;360.6;0.0
49.9;259.5;362.7;0.0
49.9;276.7;2.2;132.0
50.0;276.7;0.6;192.0
47.1;260.8;0.5;108.0
48.5;184.5;0.0;0.0
