94.0;159.1;153.1;0.0
99.0;159.1;20.0;0.0
0.0;159.1;0.0;0.0
0.0;159.1;0.1;0.0
0.0;159.1;0.0;0.0
55.0;159.1;1.3;0.0
0.0;159.1;0.0;0.0
0.0;159.1;0.7;0.0
0.0;159.1;0.0;0.0
0.0;159.1;1.6;0.0
0.0;159.1;0.0;0.0
91.0;160.0;1.6;0.0
64.0;160.0;0.0;0.0
100.0;160.0;1.1;0.0
133.1;160.4;2.3;0.0
0.0;160.4;0.0;0.0
0.0;160.4;0.1;0.0
0.0;160.4;0.0;0.0
0.0;160.4;1.3;0.0
0.0;160.4;0.0;0.0
0.0;160.4;0.7;0.0
0.0;160.4;0.0;0.0
0.0;160.4;1.6;0.0
0.0;160.4;0.0;0.0
91.9;160.7;1.5;0.0
90.9;1152.1;24613.2;4.0
148.2;845.7;6972.2;1320.0
69.2;567.6;4636.0;1920.0
77.3;283.6;3589.8;1080.0
48.1;244.6;325.5;0.0
48.5;244.8;342.2;0.0
52.8;276.1;359.4;0.0
50.0;276.1;0.4;132.0
47.0;276.1;0.6;192.0
51.5;245.7;0.5;124.0
