66.0;100.1;82.9;0.0
50.0;113.1;90.8;0.0
143.9;138.4;68.0;0.0
50.0;157.6;39.1;0.0
78.9;159.3;2.0;0.0
0.0;159.3;0.0;0.0
0.0;159.3;0.1;0.0
0.0;159.3;0.0;0.0
50.0;159.3;12.0;0.0
0.0;159.3;14.3;0.0
0.0;159.3;7.0;0.0
0.0;159.3;7.7;0.0
0.0;159.3;6.0;0.0
0.0;159.3;6.6;0.0
95.0;159.3;4.0;0.0
93.0;160.3;6.6;0.0
66.6;160.3;0.0;0.0
183.0;160.7;1.4;0.0
0.0;160.7;0.0;0.0
0.0;160.7;1.0;0.0
0.0;160.7;1.1;0.0
0.0;160.7;12.0;0.0
0.0;160.7;12.1;0.0
0.0;160.7;7.0;0.0
0.0;160.7;7.7;0.0
0.0;160.7;7.0;0.0
0.0;160.7;6.6;0.0
99.0;160.7;4.0;0.0
224.9;331.0;139.6;4.0
74.0;502.8;6859.6;0.0
150.0;310.4;5549.0;0.0
73.5;244.6;704.9;0.0
97.1;244.6;814.6;0.0
49.5;245.0;599.6;0.0
114.9;245.0;1567.0;0.0
65.3;276.0;487.9;68.0
95.0;276.3;0.8;256.0
57.1;345.3;5.7;812.0
