97.0;100.4;99.4;0.0
74.0;114.8;124.2;0.0
85.0;138.9;55.2;0.0
74.9;157.8;39.1;0.0
28.9;159.6;2.0;0.0
0.0;159.6;0.0;0.0
0.0;159.6;0.1;0.0
0.0;159.6;0.0;0.0
0.0;159.6;13.0;0.0
0.0;159.6;13.2;0.0
0.0;159.6;7.0;0.0
0.0;159.6;7.7;0.0
0.0;159.6;6.0;0.0
0.0;159.6;5.5;0.0
100.0;159.6;4.0;0.0
114.0;160.4;4.4;0.0
86.2;160.4;0.0;0.0
245.5;160.4;14.0;0.0
385.0;160.9;15.4;0.0
0.0;160.9;1.0;0.0
0.0;160.9;1.1;0.0
0.0;160.9;13.0;0.0
0.0;160.9;14.3;0.0
0.0;160.9;7.0;0.0
0.0;160.9;7.7;0.0
0.0;160.9;6.0;0.0
0.0;160.9;6.6;0.0
287.0;160.9;17.0;40.0
265.0;377.4;520.5;0.0
86.0;807.8;8593.9;44.0
48.6;526.1;5324.8;0.0
75.9;244.9;667.3;0.0
77.2;244.9;511.2;0.0
57.8;245.3;768.6;0.0
71.2;559.3;2241.0;680.0
112.0;423.6;4005.7;1920.0
94.0;577.5;17.2;612.0
95.0;1194.5;6.6;2112.0
50.0;276.5;0.4;128.0
49.9;184.4;0.3;4.0
