45.0;87.4;49.0;0.0
50.0;107.0;71.8;0.0
131.8;127.2;104.1;0.0
69.9;141.2;49.6;0.0
96.4;158.1;73.6;0.0
113.9;159.9;2.0;0.0
0.0;159.9;0.0;0.0
0.0;159.9;0.1;0.0
0.0;159.9;0.0;0.0
0.0;159.9;2.2;0.0
0.0;159.9;0.0;0.0
0.0;159.9;0.7;0.0
0.0;159.9;0.0;0.0
0.0;159.9;0.5;0.0
0.0;159.9;0.0;0.0
162.4;160.7;0.5;0.0
75.3;160.7;0.0;0.0
49.4;160.7;14.0;0.0
243.0;161.2;15.4;0.0
0.0;161.2;0.0;0.0
0.0;161.2;0.1;0.0
0.0;161.2;0.0;0.0
0.0;161.2;2.3;0.0
0.0;161.2;0.0;0.0
0.0;161.2;0.7;0.0
0.0;161.2;2.0;0.0
0.0;161.2;1.5;0.0
0.0;161.2;0.0;0.0
398.8;237.4;145.5;40.0
114.0;563.2;1305.2;44.0
76.2;519.6;5470.3;0.0
62.5;245.4;2292.0;0.0
49.5;245.4;450.7;0.0
80.8;245.4;1038.2;0.0
138.1;552.6;1411.8;0.0
78.0;555.6;3921.0;1960.0
67.0;276.9;1189.7;1308.0
58.1;584.9;1.6;1352.0
49.9;276.9;0.4;128.0
53.8;185.2;0.3;44.0
