91.2;100.8;113.6;0.0
95.9;131.9;157.1;0.0
162.7;315.9;454.6;0.0
184.0;180.6;367.6;0.0
249.0;159.6;20.0;0.0
0.0;159.6;1.1;0.0
0.0;159.6;1.0;0.0
0.0;159.6;14.3;0.0
0.0;159.6;13.0;0.0
0.0;159.6;7.7;0.0
0.0;159.6;0.0;0.0
0.0;159.6;1.6;0.0
0.0;159.6;0.0;0.0
429.0;160.3;14.8;0.0
273.9;176.8;2.2;0.0
504.0;160.8;6.0;0.0
249.0;160.8;12.1;0.0
0.0;160.8;0.0;0.0
0.0;160.8;13.3;0.0
0.0;160.8;0.0;0.0
0.0;160.8;6.7;0.0
0.0;160.8;0.0;0.0
0.0;160.8;2.5;0.0
0.0;160.8;0.0;0.0
108.9;161.0;0.5;0.0
487.3;372.8;194.7;44.0
179.0;708.2;5397.4;40.0
48.7;556.0;6360.3;0.0
74.9;245.0;4084.8;0.0
86.5;245.4;2160.0;0.0
159.5;591.6;414.3;0.0
118.2;590.6;5688.4;1452.0
125.3;276.6;2625.8;2816.0
