69.0;338.8;1231.4;0.0
387.9;426.9;418.2;0.0
821.7;405.4;625.2;0.0
125.9;310.1;194.7;0.0
543.4;177.8;341.0;0.0
55.0;159.1;21.0;0.0
0.0;159.1;0.0;0.0
0.0;159.1;12.1;0.0
0.0;159.1;0.0;0.0
0.0;159.1;7.3;0.0
0.0;159.1;0.0;0.0
0.0;159.1;2.7;0.0
0.0;159.1;0.0;0.0
476.0;159.1;2.6;0.0
490.0;159.1;1.0;0.0
118.0;159.9;9.4;0.0
545.6;159.9;0.0;0.0
547.8;159.9;1.0;0.0
618.2;160.4;15.4;0.0
0.0;160.4;12.0;0.0
0.0;160.4;1.1;0.0
0.0;160.4;7.0;0.0
0.0;160.4;5.5;0.0
0.0;160.4;3.8;0.0
0.0;160.4;0.0;0.0
250.0;189.4;118.7;40.0
498.0;1319.4;24363.0;0.0
509.0;1285.4;10.5;4400.0
0.0;160.4;0.0;0.0
34.9;167.1;15.9;4.0
50.0;182.9;38.5;0.0
49.0;244.7;860.4;0.0
54.7;244.7;293.5;0.0
50.0;244.7;311.0;0.0
45.0;244.9;317.6;0.0
50.0;244.9;325.2;0.0
55.0;275.6;333.9;0.0
49.9;276.2;0.8;132.0
50.0;276.2;0.6;192.0
50.0;245.7;0.7;132.0
50.0;183.9;0.0;0.0
