95.9;174.3;263.0;0.0
50.0;158.5;142.4;0.0
201.0;217.0;372.4;0.0
160.9;283.2;130.9;0.0
328.6;159.4;313.3;0.0
0.0;159.7;12.1;0.0
0.0;159.7;1.0;0.0
0.0;159.7;1.1;0.0
0.0;159.7;14.0;0.0
0.0;159.7;13.2;0.0
0.0;159.7;7.0;0.0
0.0;159.7;7.7;0.0
0.0;159.7;5.0;0.0
0.0;159.7;7.7;0.0
99.0;159.7;4.0;0.0
140.5;160.5;5.5;0.0
66.0;160.5;0.0;0.0
57.2;160.5;14.0;0.0
440.0;161.0;15.4;0.0
0.0;161.0;1.0;0.0
0.0;161.0;1.1;0.0
50.0;161.0;13.0;0.0
0.0;161.0;14.3;0.0
0.0;161.0;7.0;0.0
0.0;161.0;7.7;0.0
0.0;161.0;6.0;0.0
0.0;161.0;6.6;0.0
0.0;161.0;5.0;0.0
412.3;269.2;151.4;40.0
70.8;502.7;5086.2;44.0
492.0;583.3;19600.8;0.0
3250.6;586.6;3217.4;1452.0
68.0;586.6;3655.8;2816.0
63.3;407.7;4268.3;660.0
