92.7;100.6;98.5;0.0
103.9;144.8;112.5;0.0
161.2;158.9;101.4;0.0
62.6;158.0;38.9;0.0
298.0;159.3;2.9;0.0
0.0;159.3;0.0;0.0
0.0;159.3;0.1;0.0
0.0;159.3;0.0;0.0
55.0;159.3;1.3;0.0
0.0;159.3;0.0;0.0
0.0;159.3;0.7;0.0
0.0;159.3;0.0;0.0
0.0;159.3;1.6;0.0
0.0;159.3;0.0;0.0
152.4;160.2;0.5;0.0
331.2;160.2;1.1;0.0
528.8;160.7;14.3;0.0
350.0;160.7;14.0;0.0
0.0;160.7;1.1;0.0
0.0;160.7;1.0;0.0
0.0;160.7;13.2;0.0
0.0;160.7;13.0;0.0
0.0;160.7;7.7;0.0
50.0;160.7;7.0;0.0
0.0;160.7;5.5;0.0
0.0;160.7;6.0;0.0
328.9;185.0;123.2;44.0
376.7;403.1;460.2;0.0
60.2;556.9;14544.7;40.0
59.2;276.5;14156.9;2628.0
60.5;1219.5;1.6;912.0
48.6;246.2;0.7;172.0
