76.0;229.2;917.6;0.0
257.3;319.7;390.7;0.0
447.9;326.3;151.3;0.0
251.0;178.7;410.1;0.0
220.0;159.3;22.0;0.0
0.0;159.3;1.0;0.0
0.0;159.3;1.1;0.0
0.0;159.3;12.0;0.0
0.0;159.3;14.3;0.0
0.0;159.3;7.0;0.0
0.0;159.3;7.7;0.0
0.0;159.3;5.0;0.0
0.0;159.3;4.4;0.0
367.0;159.3;5.0;0.0
126.8;160.1;10.4;0.0
537.9;160.1;0.0;0.0
577.5;160.1;12.2;0.0
202.4;160.7;2.2;0.0
50.0;160.7;13.0;0.0
0.0;160.7;1.1;0.0
0.0;160.7;7.0;0.0
0.0;160.7;14.3;0.0
0.0;160.7;6.0;0.0
0.0;160.7;7.7;0.0
249.0;186.7;134.0;40.0
492.0;1322.7;24799.5;40.0
535.0;1322.7;10.0;3200.0
117.6;1265.1;172.1;1124.0
62.6;183.2;423.5;0.0
45.0;245.0;840.7;0.0
50.0;245.0;282.4;0.0
52.6;245.0;321.8;0.0
49.9;245.1;297.4;0.0
50.0;245.1;315.0;0.0
50.0;245.1;342.7;0.0
49.4;276.4;42.2;68.0
47.7;276.4;0.8;256.0
49.8;276.4;0.2;64.0
50.0;184.2;0.3;56.0
