102.0;241.4;294.0;0.0
60.2;132.0;670.7;0.0
84.0;139.1;55.2;0.0
101.6;157.7;39.1;0.0
24.9;159.5;2.0;0.0
0.0;159.5;0.0;0.0
0.0;159.5;0.1;0.0
0.0;159.5;0.0;0.0
0.0;159.5;2.2;0.0
0.0;159.5;0.0;0.0
0.0;159.5;0.7;0.0
0.0;159.5;0.0;0.0
0.0;159.5;0.5;0.0
0.0;159.5;0.0;0.0
80.0;160.5;1.5;0.0
67.0;160.5;1.0;0.0
281.2;160.5;13.0;0.0
374.0;161.0;15.4;0.0
0.0;161.0;1.0;0.0
0.0;161.0;1.1;0.0
0.0;161.0;13.0;0.0
0.0;161.0;13.2;0.0
0.0;161.0;7.0;0.0
0.0;161.0;7.7;0.0
0.0;161.0;6.0;0.0
0.0;161.0;6.6;0.0
299.0;161.0;23.0;40.0
164.8;925.3;20161.9;44.0
99.5;843.2;2459.8;680.0
57.1;405.2;8494.4;3560.0
50.0;245.2;303.4;0.0
49.5;245.2;321.4;0.0
50.0;245.4;326.0;0.0
50.0;245.4;354.0;0.0
49.1;276.4;168.7;0.0
49.9;276.7;0.8;260.0
49.9;276.7;0.4;128.0
53.1;246.2;0.3;48.0
