50.0;193.7;336.4;0.0
106.0;180.9;99.4;0.0
181.1;213.2;414.9;0.0
111.0;272.8;132.7;0.0
357.0;159.6;300.1;0.0
0.0;159.6;0.0;0.0
0.0;159.6;1.0;0.0
0.0;159.6;1.1;0.0
0.0;159.6;13.0;0.0
0.0;159.6;14.3;0.0
0.0;159.6;7.0;0.0
0.0;159.6;7.7;0.0
0.0;159.6;5.0;0.0
0.0;159.6;6.6;0.0
141.0;159.6;5.0;0.0
215.9;160.3;4.4;0.0
63.5;160.3;0.0;0.0
101.0;160.3;14.0;0.0
495.0;160.8;15.4;0.0
0.0;160.8;1.0;0.0
0.0;160.8;1.1;0.0
0.0;160.8;12.0;0.0
0.0;160.8;14.3;0.0
0.0;160.8;7.0;0.0
0.0;160.8;7.7;0.0
0.0;160.8;6.0;0.0
0.0;160.8;5.5;0.0
138.0;160.8;5.0;0.0
357.7;348.0;397.5;40.0
146.0;532.6;5332.9;44.0
72.8;521.2;2903.2;0.0
71.0;245.0;3347.6;0.0
96.0;245.0;952.1;0.0
105.3;245.0;473.8;0.0
94.5;560.2;1468.5;0.0
49.1;560.2;3797.8;1960.0
102.0;276.5;2010.3;1920.0
78.8;1225.5;3.8;2180.0
49.8;276.5;0.4;128.0
50.0;246.0;0.3;60.0
