40.0;116.0;114.5;0.0
50.0;128.7;107.0;0.0
136.8;138.2;130.6;0.0
50.0;157.3;39.1;0.0
29.9;159.6;2.0;0.0
0.0;159.6;0.0;0.0
0.0;159.6;0.1;0.0
0.0;159.6;0.0;0.0
0.0;159.6;2.3;0.0
0.0;159.6;0.0;0.0
0.0;159.6;0.7;0.0
0.0;159.6;0.0;0.0
55.0;159.6;1.5;0.0
0.0;159.6;1.1;0.0
191.0;159.6;4.0;0.0
136.0;160.5;3.4;0.0
238.9;160.5;13.0;0.0
550.0;160.5;0.0;0.0
385.0;161.0;14.4;0.0
0.0;161.0;0.0;0.0
55.0;161.0;11.1;0.0
0.0;161.0;0.0;0.0
0.0;161.0;7.0;0.0
0.0;161.0;0.0;0.0
0.0;161.0;7.0;0.0
0.0;161.0;0.0;0.0
395.0;240.0;151.0;40.0
505.0;692.0;8565.0;0.0
496.0;1314.0;15757.2;0.0
513.0;1232.0;17.0;4560.0
500.0;366.0;7.7;0.0
0.0;161.0;0.0;0.0
0.0;161.0;0.4;0.0
0.0;161.0;0.0;0.0
0.0;161.2;0.5;0.0
49.1;178.4;16.6;4.0
48.3;214.2;710.5;0.0
55.1;245.0;496.5;0.0
48.9;276.3;1271.7;0.0
53.5;276.6;0.4;132.0
44.0;276.6;0.6;192.0
48.8;246.2;0.5;124.0
55.6;182.4;0.0;0.0
