45.0;232.6;291.1;0.0
103.8;182.9;289.6;0.0
254.9;245.7;420.4;0.0
165.0;184.9;307.1;0.0
76.9;159.6;8.0;0.0
0.0;159.6;0.0;0.0
0.0;159.6;0.1;0.0
0.0;159.6;0.0;0.0
0.0;159.6;1.2;0.0
0.0;159.6;0.0;0.0
0.0;159.6;0.7;0.0
0.0;159.6;0.0;0.0
0.0;159.6;2.4;0.0
0.0;159.6;1.1;0.0
278.0;159.6;5.0;0.0
49.6;160.4;3.4;0.0
235.5;160.4;13.0;0.0
534.6;160.4;13.2;0.0
273.9;160.9;1.2;0.0
0.0;160.9;0.0;0.0
0.0;160.9;12.1;0.0
0.0;160.9;0.0;0.0
0.0;160.9;7.3;0.0
0.0;160.9;0.0;0.0
0.0;160.9;1.7;0.0
0.0;160.9;0.0;0.0
249.0;187.9;110.6;40.0
506.0;386.9;413.0;0.0
300.9;994.1;8364.5;44.0
95.8;808.7;2526.7;0.0
100.2;244.9;4918.6;0.0
55.7;244.9;1234.3;0.0
56.7;244.9;449.2;0.0
90.9;564.9;2373.4;680.0
62.3;561.3;4334.8;2560.0
123.7;276.3;1871.3;640.0
95.0;1194.5;5.8;2340.0
50.4;276.5;0.4;128.0
52.4;246.1;0.3;60.0
