72.3;190.6;290.4;0.0
61.5;181.0;102.4;0.0
183.3;184.5;465.5;0.0
87.9;240.5;102.1;160.0
246.0;159.6;157.1;176.0
0.0;159.6;0.0;0.0
0.0;159.6;0.1;0.0
0.0;159.6;0.0;0.0
50.0;159.6;13.0;0.0
0.0;159.6;13.2;0.0
0.0;159.6;0.7;0.0
0.0;159.6;0.0;0.0
0.0;159.6;1.7;0.0
0.0;159.6;0.0;0.0
82.0;160.3;1.4;0.0
72.9;160.3;15.4;0.0
380.9;160.8;0.0;0.0
512.0;160.8;14.0;0.0
0.0;160.8;1.1;0.0
0.0;160.8;1.0;0.0
0.0;160.8;14.3;0.0
0.0;160.8;12.0;0.0
0.0;160.8;7.7;0.0
0.0;160.8;7.0;0.0
0.0;160.8;6.6;0.0
0.0;160.8;6.0;0.0
391.6;314.8;193.6;44.0
449.7;744.1;3084.8;0.0
59.5;898.1;7088.0;40.0
57.2;554.1;21830.4;0.0
50.0;560.1;3516.2;1960.0
55.0;560.1;3505.2;1920.0
120.0;874.3;3759.0;520.0
48.5;276.3;187.5;0.0
49.5;276.3;0.8;260.0
50.0;276.3;0.4;128.0
48.2;246.0;0.3;56.0
