45.6;324.9;1218.8;0.0
335.8;370.0;927.9;0.0
267.7;180.9;664.6;0.0
286.0;159.3;8.6;0.0
0.0;159.3;0.0;0.0
0.0;159.3;0.1;0.0
0.0;159.3;0.0;0.0
55.0;159.3;1.2;0.0
0.0;159.3;0.0;0.0
0.0;159.3;0.7;0.0
0.0;159.3;0.0;0.0
0.0;159.3;0.6;0.0
0.0;159.3;0.0;0.0
128.9;160.1;0.4;0.0
52.2;160.1;0.0;0.0
158.1;160.1;1.1;0.0
48.4;160.6;2.3;0.0
0.0;160.6;0.0;0.0
0.0;160.6;0.1;0.0
0.0;160.6;0.0;0.0
0.0;160.6;1.3;0.0
0.0;160.6;0.0;0.0
0.0;160.6;0.7;0.0
0.0;160.6;0.0;0.0
0.0;160.6;1.6;0.0
0.0;160.6;0.0;0.0
19.6;160.8;0.5;0.0
48.4;180.9;53.7;4.0
71.4;836.7;18163.2;0.0
97.7;564.5;10262.3;1320.0
75.8;275.9;8438.7;1920.0
59.0;576.2;1.6;996.0
51.8;262.2;0.9;228.0
43.8;183.9;0.0;0.0
