102.0;175.0;266.0;0.0
50.0;154.4;153.8;0.0
198.2;200.8;391.2;0.0
228.8;279.8;147.3;0.0
252.0;174.9;318.8;0.0
55.0;159.6;22.0;0.0
0.0;159.6;1.0;0.0
0.0;159.6;1.1;0.0
0.0;159.6;13.0;0.0
0.0;159.6;14.3;0.0
0.0;159.6;0.0;0.0
0.0;159.6;0.7;0.0
0.0;159.6;0.0;0.0
0.0;159.6;1.5;0.0
0.0;159.6;0.0;0.0
185.9;160.4;0.5;0.0
92.0;160.4;0.0;0.0
71.9;160.4;12.0;0.0
319.0;160.9;13.4;0.0
0.0;160.9;0.0;0.0
0.0;160.9;0.1;0.0
0.0;160.9;0.0;0.0
0.0;160.9;1.3;0.0
0.0;160.9;0.0;0.0
0.0;160.9;7.0;0.0
0.0;160.9;7.7;0.0
0.0;160.9;5.0;0.0
0.0;160.9;5.5;0.0
456.0;333.9;169.0;40.0
242.6;1283.6;24184.5;44.0
48.9;1119.1;413.5;3240.0
59.9;862.5;9166.8;1000.0
50.0;245.2;275.7;0.0
53.2;245.2;319.0;0.0
50.0;245.2;325.4;0.0
49.9;245.3;321.0;0.0
50.0;249.3;364.7;0.0
50.0;276.6;2.2;132.0
50.0;276.6;0.6;192.0
50.0;276.6;0.2;64.0
48.1;184.4;0.3;48.0
