139.0;239.0;966.8;0.0
387.0;356.7;435.8;0.0
497.8;335.8;215.2;0.0
492.3;176.9;411.1;0.0
275.0;159.6;22.0;0.0
0.0;159.6;1.0;0.0
0.0;159.6;1.1;0.0
0.0;159.6;13.0;0.0
0.0;159.6;3.3;0.0
0.0;159.6;0.0;0.0
50.0;159.6;3.7;0.0
499.0;159.6;1.0;0.0
248.0;159.6;7.6;0.0
0.0;159.6;0.0;0.0
158.4;160.4;3.4;0.0
539.0;160.4;0.0;0.0
380.0;160.4;13.0;0.0
657.8;160.9;15.4;0.0
0.0;160.9;7.0;0.0
0.0;160.9;0.0;0.0
0.0;160.9;4.1;0.0
0.0;160.9;0.0;0.0
246.0;195.9;128.3;40.0
537.0;385.9;393.0;0.0
500.0;1005.9;8502.7;0.0
474.0;1005.9;3594.0;0.0
499.0;1005.9;3124.5;0.0
495.0;1005.9;3431.0;0.0
210.0;950.3;3650.9;44.0
97.8;1057.2;1152.5;680.0
73.2;565.8;10948.9;1920.0
517.0;276.2;15896.5;1280.0
2387.6;1194.5;1.4;1012.0
44.1;276.5;0.6;192.0
