49.6;195.5;251.5;0.0
493.9;159.0;9.6;0.0
0.0;159.0;0.0;0.0
0.0;159.0;0.1;0.0
0.0;159.0;0.0;0.0
0.0;159.0;8.4;0.0
0.0;159.0;8.8;0.0
0.0;159.0;7.0;0.0
0.0;159.0;7.7;0.0
5.0;159.0;0.5;0.0
0.0;159.0;0.0;0.0
435.0;176.0;1.4;0.0
248.5;159.9;12.1;0.0
536.8;159.9;0.0;0.0
492.0;159.9;12.2;0.0
165.0;160.3;2.2;0.0
0.0;160.3;12.0;0.0
55.0;160.3;1.1;0.0
0.0;160.3;7.0;0.0
0.0;160.3;13.2;0.0
0.0;160.3;6.0;0.0
0.0;160.3;7.7;0.0
249.0;193.3;131.0;40.0
512.0;1010.3;13956.5;0.0
426.0;1010.3;3170.0;0.0
297.9;993.5;3592.1;44.0
88.0;817.1;3165.7;0.0
88.5;847.5;8748.0;1320.0
54.9;570.3;3026.7;1920.0
66.5;570.3;3685.2;640.0
82.5;864.8;3710.6;520.0
49.6;244.8;344.2;0.0
50.0;276.0;315.3;0.0
50.0;276.0;0.4;132.0
49.7;276.0;0.6;192.0
50.0;245.7;0.5;124.0
50.0;182.7;0.0;0.0
