71.0;393.4;1221.6;0.0
231.0;607.5;254.9;0.0
304.4;484.1;868.1;0.0
815.1;330.2;475.2;0.0
550.0;157.7;425.8;0.0
110.0;159.5;22.0;0.0
0.0;159.5;13.0;0.0
0.0;159.5;1.1;0.0
0.0;159.5;7.0;0.0
0.0;159.5;14.3;0.0
0.0;159.5;6.0;0.0
0.0;159.5;7.7;0.0
149.0;159.5;4.0;0.0
491.0;159.5;5.5;0.0
499.0;159.5;0.0;0.0
300.0;160.3;10.4;0.0
491.2;160.3;0.0;0.0
563.2;160.3;0.0;0.0
544.5;160.3;14.4;0.0
110.0;160.7;0.0;0.0
0.0;160.7;13.0;0.0
0.0;160.7;1.1;0.0
0.0;160.7;7.0;0.0
0.0;160.7;13.2;0.0
0.0;160.7;0.6;0.0
98.0;160.7;4.1;0.0
480.0;345.7;180.0;40.0
495.0;1004.7;11422.5;0.0
500.0;1314.7;12884.5;0.0
54.0;1190.7;177.5;4324.0
50.0;214.1;259.9;0.0
49.4;244.9;701.1;0.0
48.3;244.9;302.8;0.0
53.7;244.9;318.2;0.0
44.7;245.2;315.2;0.0
50.0;245.2;330.1;0.0
55.0;276.2;249.6;0.0
50.0;276.5;0.6;196.0
50.0;276.5;0.6;192.0
50.0;246.0;0.3;56.0
