76.0;253.5;1020.2;0.0
318.9;394.7;450.4;0.0
441.9;340.0;263.2;0.0
498.9;185.1;410.1;0.0
328.9;159.5;22.0;0.0
0.0;159.5;1.0;0.0
0.0;159.5;1.1;0.0
0.0;159.5;13.0;0.0
0.0;159.5;14.3;0.0
0.0;159.5;7.0;0.0
0.0;159.5;2.7;0.0
0.0;159.5;0.0;0.0
50.0;159.5;2.6;0.0
495.0;159.5;1.0;0.0
167.6;160.4;9.4;0.0
548.9;160.4;0.0;0.0
534.0;160.4;1.0;0.0
550.0;160.4;15.4;0.0
165.0;160.9;13.0;0.0
0.0;160.9;0.0;0.0
0.0;160.9;6.1;0.0
0.0;160.9;0.0;0.0
0.0;160.9;8.3;0.0
0.0;160.9;0.0;0.0
249.0;184.9;101.7;40.0
498.0;1004.9;17594.5;0.0
461.0;1317.9;6788.0;0.0
469.8;1157.2;10.5;4320.0
108.5;243.0;187.0;44.0
49.6;245.4;1552.6;0.0
49.8;276.6;925.5;0.0
47.6;276.8;0.6;196.0
48.3;276.8;0.6;192.0
53.0;246.4;0.3;60.0
