78.0;167.8;332.7;0.0
49.9;177.0;121.2;0.0
134.8;180.4;396.2;0.0
95.0;185.4;81.1;0.0
169.9;159.2;29.0;0.0
0.0;159.2;0.0;0.0
0.0;159.2;0.1;0.0
0.0;159.2;0.0;0.0
0.0;159.2;14.3;0.0
0.0;159.2;12.0;0.0
0.0;159.2;7.7;0.0
0.0;159.2;7.0;0.0
0.0;159.2;7.7;0.0
0.0;159.2;6.0;0.0
162.8;160.0;5.5;0.0
244.5;160.0;4.0;0.0
65.1;160.0;0.0;0.0
50.0;160.4;3.4;0.0
199.0;160.4;2.0;0.0
0.0;160.4;1.1;0.0
0.0;160.4;1.0;0.0
0.0;160.4;14.3;0.0
0.0;160.4;12.0;0.0
0.0;160.4;7.7;0.0
0.0;160.4;7.0;0.0
55.0;160.4;6.6;0.0
0.0;160.4;0.0;0.0
0.0;160.4;1.3;0.0
489.5;253.5;169.4;44.0
137.7;638.8;8984.3;40.0
49.5;548.7;4899.9;0.0
77.2;244.7;4407.6;0.0
183.9;588.4;2554.7;748.0
342.6;588.4;3136.6;2112.0
