77.2;181.1;685.1;0.0
196.8;221.5;460.0;0.0
199.0;263.6;80.5;0.0
244.9;159.5;272.6;0.0
0.0;159.5;0.0;0.0
0.0;159.5;1.0;0.0
0.0;159.5;1.1;0.0
0.0;159.5;13.0;0.0
0.0;159.5;13.2;0.0
0.0;159.5;7.0;0.0
0.0;159.5;7.7;0.0
0.0;159.5;7.0;0.0
0.0;159.5;6.6;0.0
50.0;159.5;4.0;0.0
148.1;160.5;6.6;0.0
312.4;160.5;1.1;0.0
489.9;161.0;2.3;0.0
0.0;161.0;0.0;0.0
0.0;161.0;0.1;0.0
0.0;161.0;0.0;0.0
0.0;161.0;1.2;0.0
0.0;161.0;0.0;0.0
0.0;161.0;0.7;0.0
0.0;161.0;0.0;0.0
0.0;161.0;1.6;0.0
0.0;161.0;0.0;0.0
276.4;191.1;153.4;44.0
54.1;215.3;258.3;40.0
92.8;549.0;4545.1;0.0
91.4;245.0;1614.2;0.0
75.9;245.4;3033.2;0.0
480.0;586.4;3249.7;0.0
771.0;585.7;3583.6;2156.0
448.9;442.8;4394.9;2728.0
