113.3;112.8;52.4;0.0
97.7;114.3;136.8;0.0
296.7;139.7;55.2;0.0
225.6;157.4;44.1;0.0
60.0;159.2;7.0;0.0
0.0;159.2;0.0;0.0
0.0;159.2;0.1;0.0
0.0;159.2;0.0;0.0
0.0;159.2;2.3;0.0
0.0;159.2;0.0;0.0
55.0;159.2;0.7;0.0
0.0;159.2;0.0;0.0
0.0;159.2;0.6;0.0
0.0;159.2;0.0;0.0
144.0;160.0;1.5;0.0
76.0;160.0;1.1;0.0
325.9;160.5;2.3;0.0
141.0;160.5;2.0;0.0
0.0;160.5;1.1;0.0
50.0;160.5;1.0;0.0
55.0;160.5;14.3;0.0
0.0;160.5;13.0;0.0
0.0;160.5;7.7;0.0
0.0;160.5;7.0;0.0
0.0;160.5;6.6;0.0
0.0;160.5;6.0;0.0
254.1;161.7;16.5;44.0
213.0;354.6;493.0;40.0
104.8;591.3;17036.4;0.0
106.0;275.9;17325.6;1960.0
67.5;276.1;3.6;756.0
81.2;1192.1;6.6;2112.0
