50.8;346.3;1212.6;0.0
401.9;341.4;953.8;0.0
375.5;340.7;197.2;0.0
446.1;176.0;429.1;0.0
161.7;159.7;22.0;0.0
0.0;159.7;1.0;0.0
0.0;159.7;1.1;0.0
0.0;159.7;0.0;0.0
0.0;159.7;14.3;0.0
0.0;159.7;0.0;0.0
0.0;159.7;7.7;0.0
0.0;159.7;0.0;0.0
0.0;159.7;5.5;0.0
0.0;159.7;0.0;0.0
155.1;160.4;4.4;0.0
221.1;160.4;7.7;0.0
1097.8;160.9;5.7;0.0
0.0;160.9;0.0;0.0
0.0;160.9;6.1;0.0
0.0;160.9;0.0;0.0
0.0;160.9;8.3;0.0
0.0;160.9;0.0;0.0
376.0;160.9;3.7;0.0
252.0;160.9;14.0;0.0
0.0;160.9;6.6;0.0
0.0;160.9;1.0;0.0
489.5;236.9;170.5;44.0
506.0;744.0;1517.0;0.0
550.0;1086.1;8703.2;0.0
540.1;1086.1;3378.8;0.0
547.8;1086.1;3454.0;0.0
550.0;1086.1;3643.8;0.0
586.3;1085.3;4283.9;0.0
74.2;1332.5;1600.0;40.0
67.7;897.5;3952.8;2860.0
47.8;589.5;6253.4;1408.0
66.9;788.8;3267.3;484.0
