126.8;155.3;183.0;0.0
45.2;120.3;390.7;0.0
199.5;188.9;173.3;0.0
240.4;158.3;72.6;0.0
75.8;159.6;6.5;0.0
0.0;159.6;0.0;0.0
0.0;159.6;0.1;0.0
0.0;159.6;0.0;0.0
55.0;159.6;1.3;0.0
0.0;159.6;0.0;0.0
0.0;159.6;7.7;0.0
0.0;159.6;7.0;0.0
0.0;159.6;5.5;0.0
0.0;159.6;6.0;0.0
434.5;160.5;4.4;0.0
99.4;160.5;6.0;0.0
57.0;160.5;0.0;0.0
209.2;160.9;3.4;0.0
106.0;160.9;2.0;0.0
0.0;160.9;0.1;0.0
0.0;160.9;0.0;0.0
0.0;160.9;2.2;0.0
0.0;160.9;0.0;0.0
0.0;160.9;0.7;0.0
0.0;160.9;0.0;0.0
49.0;160.9;1.5;0.0
0.0;160.9;0.0;0.0
24.9;195.4;154.6;40.0
91.0;182.7;206.8;44.0
50.0;522.3;1550.8;0.0
90.8;245.1;887.6;0.0
75.0;245.1;542.5;0.0
50.0;245.1;921.1;0.0
55.4;245.3;568.1;0.0
72.9;559.3;3235.8;680.0
69.1;276.5;54.5;732.0
95.0;276.5;2.6;832.0
71.8;853.1;2.5;1004.0
