74.0;191.6;318.4;0.0
54.9;207.7;143.2;0.0
111.7;386.0;155.7;0.0
660.0;274.1;299.0;0.0
275.0;156.1;354.2;0.0
0.0;156.1;1.0;0.0
0.0;156.1;1.1;0.0
50.0;156.1;13.0;0.0
0.0;156.1;13.2;0.0
0.0;156.1;7.0;0.0
0.0;156.1;7.7;0.0
0.0;156.1;6.0;0.0
0.0;156.1;5.5;0.0
0.0;156.1;9.0;0.0
0.0;156.1;4.4;0.0
186.0;185.1;2.0;0.0
299.0;191.1;2.7;0.0
199.0;199.1;57.0;0.0
344.9;159.0;2.2;0.0
167.0;159.6;5.5;0.0
408.0;160.3;67.1;0.0
49.7;160.3;0.0;0.0
76.0;160.3;0.0;0.0
62.0;160.3;0.0;0.0
387.8;160.3;30.0;0.0
356.4;160.3;41.0;0.0
550.0;160.3;1.0;0.0
550.0;160.3;0.0;0.0
55.0;160.3;21.1;0.0
273.9;161.2;45.1;0.0
0.0;161.2;1.1;0.0
0.0;161.2;7.0;0.0
0.0;161.2;13.2;0.0
0.0;161.2;5.0;0.0
0.0;161.2;7.7;0.0
50.0;161.2;6.0;0.0
0.0;161.2;6.6;0.0
299.0;185.2;83.0;40.0
495.0;1017.2;30779.4;0.0
494.0;1331.2;31399.0;0.0
511.0;1336.2;3.5;2600.0
489.0;1336.2;11.0;2680.0
216.8;395.3;171.6;44.0
50.0;183.2;38.5;0.0
49.4;215.3;485.6;0.0
45.0;215.3;1405.5;0.0
55.0;246.4;347.2;0.0
48.2;246.4;318.4;0.0
51.8;246.4;338.6;0.0
51.2;246.4;352.0;0.0
51.4;246.4;345.8;0.0
45.0;246.4;339.8;0.0
50.0;246.4;325.4;0.0
48.4;246.4;356.7;0.0
54.3;246.9;359.6;0.0
50.6;246.9;386.7;0.0
50.0;246.9;355.2;0.0
50.0;246.9;373.2;0.0
50.0;278.4;78.1;68.0
52.5;278.4;0.8;256.0
49.6;278.4;0.4;128.0
50.0;247.9;0.3;28.0
