100.9;129.2;136.8;0.0
94.0;161.3;154.0;0.0
89.9;183.9;199.3;0.0
100.0;177.6;73.1;0.0
0.0;156.0;20.9;0.0
0.0;156.0;1.0;0.0
0.0;156.0;1.1;0.0
0.0;156.0;0.0;0.0
0.0;156.0;2.2;0.0
0.0;156.0;0.0;0.0
0.0;156.0;0.7;0.0
0.0;156.0;5.0;0.0
0.0;156.0;4.4;0.0
0.0;156.0;8.0;0.0
0.0;156.0;4.4;0.0
92.0;193.0;3.0;0.0
398.0;199.0;2.5;0.0
0.0;199.0;2.0;0.0
383.2;176.9;54.3;0.0
351.0;159.5;6.6;0.0
145.9;160.1;62.8;0.0
498.9;160.1;29.1;0.0
133.8;160.7;36.1;0.0
105.6;161.0;0.1;0.0
0.0;161.0;0.0;0.0
0.0;161.0;12.0;0.0
0.0;161.0;13.2;0.0
0.0;161.0;7.0;0.0
0.0;161.0;7.7;0.0
0.0;161.0;6.0;0.0
0.0;161.0;7.7;0.0
0.0;161.0;9.0;0.0
0.0;161.0;5.5;0.0
400.0;200.0;152.5;40.0
475.0;393.0;385.0;0.0
398.0;705.5;7846.2;0.0
111.0;642.0;12830.3;44.0
67.5;815.0;2362.5;0.0
74.9;533.3;8928.9;0.0
120.0;246.4;7531.7;0.0
96.0;246.4;393.9;0.0
86.0;246.4;1603.5;0.0
51.0;246.4;558.5;0.0
57.0;246.4;1478.2;0.0
55.0;246.4;396.6;0.0
68.6;246.4;1051.4;0.0
76.8;246.4;462.4;0.0
69.5;568.4;461.8;0.0
81.0;567.7;3969.8;3240.0
50.0;567.7;4026.4;1280.0
74.0;246.7;3945.1;840.0
49.0;278.0;203.4;0.0
51.6;278.2;0.8;260.0
53.8;278.2;0.6;192.0
50.0;247.8;0.5;88.0
