69.4;148.8;231.0;0.0
70.4;115.9;379.8;0.0
82.0;139.6;55.2;0.0
80.9;156.1;40.1;0.0
0.0;156.1;0.0;0.0
0.0;156.1;1.1;0.0
0.0;156.1;1.0;0.0
0.0;156.1;14.3;0.0
0.0;156.1;13.0;0.0
0.0;156.1;7.7;0.0
0.0;156.1;7.0;0.0
0.0;156.1;0.0;0.0
0.0;156.1;0.6;0.0
0.0;156.1;6.1;0.0
0.0;156.1;4.4;0.0
268.0;190.1;2.1;0.0
249.0;196.1;2.4;0.0
252.0;204.1;60.0;0.0
107.3;159.8;6.6;0.0
422.4;160.1;66.0;0.0
63.1;160.1;0.0;0.0
79.0;160.1;0.0;0.0
135.9;160.3;12.1;0.0
487.0;160.6;62.7;0.0
175.4;161.2;26.0;0.0
246.0;161.2;42.1;0.0
0.0;161.2;1.0;0.0
0.0;161.2;13.2;0.0
0.0;161.2;13.0;0.0
0.0;161.2;7.7;0.0
0.0;161.2;7.0;0.0
0.0;161.2;6.6;0.0
0.0;161.2;6.0;0.0
0.0;161.2;7.7;0.0
0.0;161.2;8.0;0.0
0.0;161.2;6.6;0.0
50.0;161.2;3.0;0.0
202.0;254.2;24.5;4.0
94.4;824.3;31707.5;0.0
106.7;854.1;20388.1;0.0
69.0;577.2;12952.0;1960.0
70.0;246.6;31563.6;3520.0
45.6;246.6;515.3;0.0
45.5;277.8;477.2;0.0
57.9;278.1;0.6;196.0
48.9;278.1;0.8;256.0
48.1;247.7;0.5;80.0
