75.0;197.5;328.6;0.0
50.0;181.8;117.7;0.0
196.9;193.4;444.9;0.0
151.9;239.0;125.1;0.0
149.0;156.0;177.0;0.0
0.0;156.0;0.0;0.0
0.0;156.0;1.0;0.0
0.0;156.0;0.0;0.0
0.0;156.0;12.0;0.0
0.0;156.0;0.0;0.0
0.0;156.0;7.0;0.0
0.0;156.0;0.0;0.0
0.0;156.0;6.0;0.0
0.0;156.0;0.0;0.0
0.0;156.0;8.0;0.0
0.0;156.0;0.0;0.0
197.0;187.0;2.0;0.0
298.0;195.0;6.0;0.0
261.0;202.0;60.0;0.0
508.0;202.0;0.0;0.0
508.0;202.0;0.0;0.0
526.0;202.0;0.0;0.0
448.0;202.0;0.0;0.0
498.0;202.0;0.0;0.0
476.0;202.0;5.0;0.0
0.0;202.0;50.0;0.0
199.0;211.0;14.1;0.0
0.0;211.0;1.0;0.0
0.0;211.0;13.2;0.0
50.0;211.0;12.0;0.0
0.0;211.0;7.7;0.0
0.0;211.0;7.0;0.0
0.0;211.0;5.5;0.0
0.0;211.0;5.0;0.0
0.0;211.0;6.6;0.0
0.0;211.0;10.0;0.0
0.0;211.0;6.6;0.0
349.0;235.0;88.0;40.0
119.0;402.1;451.2;0.0
366.7;721.7;11413.6;0.0
179.5;1024.5;9834.7;0.0
59.1;1024.5;3422.0;0.0
49.6;1024.5;3338.0;0.0
87.9;1024.5;3578.0;0.0
91.9;1024.5;4330.0;0.0
103.1;1024.5;4116.0;0.0
69.0;1024.5;3522.0;0.0
373.0;1024.5;3785.2;0.0
260.9;1022.2;4512.7;0.0
450.0;1020.4;3758.1;0.0
515.0;1020.4;3861.0;0.0
532.0;1335.4;2116.2;0.0
449.0;1335.4;10.0;3240.0
527.0;1335.4;4.0;1280.0
483.0;412.4;2.7;680.0
0.0;161.4;0.0;0.0
0.0;161.4;0.4;0.0
0.0;161.4;0.0;0.0
0.0;161.4;0.4;0.0
0.0;161.4;0.0;0.0
0.0;161.4;0.6;0.0
0.0;161.4;0.0;0.0
50.1;178.8;17.4;4.0
48.5;184.5;36.7;0.0
48.5;215.5;1406.0;0.0
48.1;246.7;720.3;0.0
50.0;246.7;313.2;0.0
49.0;246.7;362.8;0.0
52.0;246.7;325.4;0.0
50.0;246.7;307.0;0.0
50.0;246.7;343.0;0.0
49.9;246.7;316.8;0.0
49.4;246.7;343.6;0.0
49.9;246.7;344.1;0.0
51.9;247.1;380.5;0.0
50.0;247.1;359.9;0.0
45.0;247.1;346.9;0.0
54.0;278.4;251.5;0.0
49.3;278.6;0.6;196.0
49.2;278.6;0.8;256.0
49.6;248.2;0.5;84.0
