89.9;195.5;281.4;0.0
98.0;164.5;186.6;0.0
313.9;225.3;356.8;0.0
199.0;187.0;182.1;0.0
50.0;156.0;73.0;0.0
0.0;156.0;0.0;0.0
0.0;156.0;0.1;0.0
0.0;156.0;0.0;0.0
0.0;156.0;1.2;0.0
0.0;156.0;0.0;0.0
0.0;156.0;0.7;0.0
0.0;156.0;0.0;0.0
0.0;156.0;1.5;0.0
0.0;156.0;0.0;0.0
0.0;156.0;2.5;0.0
0.0;156.0;0.0;0.0
351.0;199.0;2.5;0.0
43.0;204.0;25.0;0.0
165.0;176.1;3.3;0.0
390.0;160.1;39.3;0.0
551.0;160.1;0.0;0.0
470.0;160.1;0.0;0.0
481.0;160.1;0.0;0.0
549.0;160.1;0.0;0.0
461.0;160.1;0.0;0.0
537.0;160.1;7.0;0.0
0.0;160.1;59.0;0.0
299.0;179.1;6.0;0.0
0.0;179.1;1.0;0.0
0.0;179.1;0.0;0.0
0.0;179.1;13.0;0.0
0.0;179.1;0.0;0.0
0.0;179.1;7.0;0.0
0.0;179.1;0.0;0.0
0.0;179.1;5.0;0.0
0.0;179.1;0.0;0.0
0.0;179.1;6.0;0.0
0.0;179.1;0.0;0.0
250.0;184.1;3.0;0.0
499.0;397.1;520.0;40.0
498.0;721.1;4159.0;0.0
495.0;1032.1;16989.0;0.0
501.0;1032.1;3195.0;0.0
504.0;1032.1;5174.0;0.0
496.0;1032.1;3496.0;0.0
461.0;1032.1;3606.0;0.0
492.0;1032.1;3384.0;0.0
532.0;1032.1;3512.0;0.0
499.0;1032.1;4044.0;0.0
534.0;1035.1;4113.0;0.0
462.0;1035.1;4463.0;0.0
481.0;1035.1;3570.0;0.0
539.0;1350.1;2515.0;0.0
473.0;1350.1;10.0;3240.0
500.0;1350.1;4.0;1280.0
535.0;1046.1;5.0;760.0
0.0;160.1;0.0;0.0
0.0;160.1;0.0;0.0
0.0;160.1;0.0;0.0
0.0;160.1;0.0;0.0
0.0;160.1;0.0;0.0
0.0;160.1;0.0;0.0
0.0;160.1;0.0;0.0
0.0;160.1;0.0;0.0
0.0;160.1;0.0;0.0
0.0;160.1;0.0;0.0
0.0;160.1;0.0;0.0
0.0;160.1;0.0;0.0
0.0;160.1;0.0;0.0
0.0;160.1;2.2;0.0
39.0;160.4;3.9;0.0
48.4;160.4;0.0;0.0
50.0;160.4;0.0;0.0
50.0;160.4;0.0;0.0
53.0;160.4;0.0;0.0
50.0;160.4;0.0;0.0
46.5;160.4;0.0;0.0
10.0;160.6;1.1;0.0
0.0;160.6;0.0;0.0
0.0;160.6;0.1;0.0
0.0;160.6;0.0;0.0
0.0;160.6;1.3;0.0
0.0;160.6;0.0;0.0
0.0;160.6;0.7;0.0
0.0;160.6;0.0;0.0
0.0;160.6;0.7;0.0
0.0;160.6;0.0;0.0
0.0;160.6;0.4;0.0
0.0;160.6;0.0;0.0
0.0;160.6;0.6;0.0
0.0;160.6;0.0;0.0
23.2;161.4;0.2;0.0
5.0;161.6;0.0;0.0
0.0;161.6;0.0;0.0
0.0;161.6;0.0;0.0
0.0;161.6;0.0;0.0
0.0;161.6;0.0;0.0
0.0;161.6;0.0;0.0
0.0;161.6;0.0;0.0
0.0;161.6;0.0;0.0
