165.9;137.3;192.2;0.0
64.0;253.9;187.6;0.0
93.0;190.1;365.2;0.0
200.0;181.9;51.1;0.0
55.0;156.2;42.9;0.0
0.0;156.2;1.0;0.0
0.0;156.2;0.0;0.0
0.0;156.2;0.0;0.0
49.0;156.2;12.0;0.0
0.0;156.2;0.0;0.0
0.0;156.2;7.0;0.0
0.0;156.2;0.0;0.0
0.0;156.2;6.0;0.0
0.0;156.2;0.0;0.0
0.0;156.2;7.0;0.0
0.0;156.2;0.0;0.0
400.0;194.2;3.0;0.0
50.0;198.2;64.0;0.0
498.0;201.2;0.0;0.0
480.0;201.2;0.0;0.0
489.0;201.2;0.0;0.0
502.0;201.2;0.0;0.0
505.0;201.2;0.0;0.0
502.0;201.2;0.0;0.0
199.0;201.2;12.0;0.0
249.0;209.2;60.0;0.0
0.0;209.2;1.0;0.0
0.0;209.2;0.0;0.0
0.0;209.2;13.0;0.0
0.0;209.2;0.0;0.0
0.0;209.2;7.0;0.0
0.0;209.2;0.0;0.0
47.0;209.2;5.0;0.0
0.0;209.2;0.0;0.0
0.0;209.2;6.0;0.0
0.0;209.2;0.0;0.0
50.0;214.2;3.0;0.0
449.0;306.2;147.0;40.0
499.0;438.2;385.0;0.0
508.0;751.2;16516.0;0.0
509.0;1063.2;5875.0;0.0
489.0;1063.2;3568.0;0.0
529.0;1063.2;3818.0;0.0
500.0;1063.2;3854.0;0.0
492.0;1063.2;4688.0;0.0
501.0;1063.2;3580.0;0.0
499.0;1063.2;3858.0;0.0
491.0;1063.2;4050.0;0.0
500.0;1066.2;3702.0;0.0
550.0;1066.2;3674.0;0.0
500.0;1371.2;4011.0;0.0
460.0;1381.2;16.0;1960.0
528.0;1381.2;8.0;2560.0
494.0;1076.2;5.0;800.0
0.0;156.2;0.0;0.0
0.0;156.2;0.0;0.0
0.0;156.2;0.1;0.0
0.0;156.2;0.0;0.0
0.0;156.2;1.3;0.0
0.0;156.2;0.0;0.0
0.0;156.2;0.7;0.0
0.0;156.2;0.0;0.0
0.0;156.2;0.4;0.0
0.0;156.2;0.0;0.0
0.0;156.2;0.5;0.0
0.0;156.2;0.0;0.0
0.0;156.2;0.6;0.0
0.0;156.2;0.0;0.0
35.0;159.3;0.2;0.0
20.0;160.4;0.5;0.0
15.0;160.6;6.0;0.0
49.9;160.6;0.0;0.0
50.9;160.6;0.0;0.0
50.0;160.6;0.0;0.0
49.1;160.6;0.0;0.0
48.5;160.6;0.0;0.0
50.0;160.6;0.0;0.0
53.3;160.6;0.0;0.0
5.0;160.9;3.0;0.0
24.9;161.8;4.2;0.0
0.0;161.8;0.0;0.0
0.0;161.8;0.0;0.0
0.0;161.8;0.0;0.0
0.0;161.8;0.0;0.0
0.0;161.8;0.0;0.0
0.0;161.8;0.0;0.0
0.0;161.8;0.0;0.0
0.0;161.8;0.0;0.0
0.0;161.8;0.0;0.0
0.0;161.8;0.0;0.0
0.0;161.8;0.0;0.0
0.0;161.8;0.0;0.0
0.0;161.8;0.0;0.0
0.0;161.8;0.0;0.0
0.0;161.8;0.0;0.0
0.0;161.8;0.0;0.0
0.0;161.8;0.0;0.0
0.0;161.8;0.0;0.0
0.0;161.8;0.0;0.0
0.0;161.8;0.0;0.0
