55.1;207.1;804.8;0.0
213.6;451.9;185.1;0.0
709.0;172.5;883.1;0.0
0.0;156.0;20.9;0.0
0.0;156.0;1.0;0.0
0.0;156.0;1.1;0.0
0.0;156.0;13.0;0.0
0.0;156.0;14.3;0.0
0.0;156.0;7.0;0.0
0.0;156.0;7.7;0.0
0.0;156.0;5.0;0.0
0.0;156.0;7.7;0.0
0.0;156.0;7.0;0.0
0.0;156.0;4.4;0.0
320.0;195.0;4.0;0.0
47.0;202.0;59.5;0.0
495.0;202.0;0.0;0.0
50.0;202.0;10.1;0.0
438.9;159.7;59.1;0.0
152.9;178.7;26.5;0.0
510.4;160.5;42.9;0.0
563.2;160.5;0.0;0.0
550.0;160.5;0.0;0.0
493.9;160.5;12.1;0.0
0.0;160.5;38.5;0.0
273.9;161.4;28.6;0.0
0.0;161.4;1.1;0.0
0.0;161.4;0.0;0.0
0.0;161.4;13.2;0.0
0.0;161.4;0.0;0.0
0.0;161.4;7.7;0.0
0.0;161.4;0.0;0.0
0.0;161.4;4.4;0.0
0.0;161.4;0.0;0.0
0.0;161.4;4.4;0.0
0.0;161.4;0.0;0.0
0.0;161.4;5.5;0.0
0.0;161.4;0.0;0.0
380.6;182.5;96.8;44.0
493.9;402.5;497.2;0.0
573.1;755.6;4642.0;0.0
550.0;755.6;15405.5;0.0
550.0;1097.7;4430.8;0.0
550.0;1097.7;3506.8;0.0
539.0;1097.7;3682.8;0.0
546.7;1097.7;3515.6;0.0
550.0;1097.7;3867.6;0.0
550.0;1097.7;3884.1;0.0
548.9;1097.7;3521.1;0.0
541.2;1097.7;4276.8;0.0
550.0;1102.1;3933.6;0.0
562.1;1102.1;4716.8;0.0
588.5;1102.1;3894.0;0.0
510.4;1202.2;4546.3;0.0
598.4;1449.7;24.2;1452.0
550.0;1449.7;8.8;2816.0
550.0;1449.7;4.4;1408.0
550.0;435.5;3.3;220.0
