45.0;195.8;332.0;0.0
49.9;201.0;115.0;0.0
223.4;228.8;372.3;0.0
312.7;277.7;131.0;0.0
218.9;156.1;371.8;0.0
0.0;156.1;1.0;0.0
0.0;156.1;0.0;0.0
0.0;156.1;1.1;0.0
0.0;156.1;13.0;0.0
0.0;156.1;13.2;0.0
0.0;156.1;7.0;0.0
0.0;156.1;7.7;0.0
0.0;156.1;5.0;0.0
0.0;156.1;5.5;0.0
0.0;156.1;8.0;0.0
0.0;156.1;5.5;0.0
397.0;192.1;6.0;0.0
55.0;192.1;4.7;0.0
341.0;200.1;60.0;0.0
440.4;159.3;3.3;0.0
105.9;159.9;3.3;0.0
496.0;159.9;0.0;0.0
529.0;159.9;0.0;0.0
498.0;159.9;0.0;0.0
348.0;159.9;11.0;0.0
97.0;159.9;62.0;0.0
149.0;159.9;0.0;0.0
0.0;159.9;1.0;0.0
0.0;159.9;0.0;0.0
50.0;159.9;12.0;0.0
0.0;159.9;0.0;0.0
0.0;159.9;7.0;0.0
0.0;159.9;0.0;0.0
0.0;159.9;4.0;0.0
0.0;159.9;0.0;0.0
0.0;159.9;7.0;0.0
0.0;159.9;0.0;0.0
348.0;204.9;155.0;40.0
498.0;1029.9;30470.0;0.0
501.0;1345.9;31561.0;0.0
498.0;1348.9;4.0;1320.0
497.0;1348.9;8.0;2560.0
497.0;1348.9;4.0;1280.0
511.0;425.9;3.0;80.0
0.0;159.9;0.0;0.0
0.0;159.9;0.0;0.0
0.0;159.9;0.0;0.0
0.0;159.9;0.0;0.0
0.0;159.9;0.0;0.0
0.0;159.9;0.0;0.0
0.0;159.9;0.0;0.0
0.0;159.9;0.0;0.0
0.0;159.9;0.0;0.0
0.0;159.9;0.0;0.0
0.0;159.9;0.0;0.0
0.0;159.9;0.0;0.0
0.0;159.9;0.0;0.0
0.0;159.9;0.0;0.0
0.0;159.9;0.0;0.0
0.0;159.9;0.0;0.0
0.0;159.9;0.0;0.0
0.0;159.9;0.0;0.0
0.0;159.9;0.0;0.0
0.0;159.9;0.0;0.0
0.0;159.9;0.0;0.0
0.0;159.9;0.0;0.0
0.0;159.9;0.0;0.0
0.0;159.9;0.0;0.0
0.0;159.9;0.0;0.0
0.0;159.9;0.0;0.0
0.0;159.9;2.3;0.0
45.1;160.7;3.8;0.0
52.5;160.7;0.0;0.0
0.0;160.7;0.7;0.0
0.0;160.7;2.5;0.0
24.9;161.6;3.8;0.0
0.0;161.6;0.1;0.0
0.0;161.6;0.0;0.0
0.0;161.6;1.2;0.0
0.0;161.6;0.0;0.0
0.0;161.6;0.7;0.0
0.0;161.6;0.0;0.0
0.0;161.6;0.5;0.0
0.0;161.6;0.0;0.0
0.0;161.6;0.4;0.0
0.0;161.6;0.0;0.0
0.0;161.6;0.3;0.0
0.0;161.6;0.0;0.0
29.9;162.1;0.2;0.0
44.9;183.3;52.6;4.0
49.9;215.8;207.7;0.0
53.0;215.8;1461.5;0.0
49.5;246.9;534.3;0.0
49.8;246.9;298.6;0.0
50.0;246.9;363.2;0.0
51.6;246.9;338.2;0.0
49.6;246.9;310.8;0.0
46.0;246.9;371.4;0.0
53.1;246.9;334.9;0.0
51.5;247.2;358.4;0.0
