95.9;101.5;71.0;0.0
49.9;116.3;102.1;0.0
167.9;138.7;55.1;0.0
40.0;156.1;40.1;0.0
0.0;156.1;0.0;0.0
0.0;156.1;0.1;0.0
0.0;156.1;0.0;0.0
0.0;156.1;9.4;0.0
0.0;156.1;8.8;0.0
0.0;156.1;7.0;0.0
0.0;156.1;7.7;0.0
0.0;156.1;1.5;0.0
0.0;156.1;1.1;0.0
0.0;156.1;2.4;0.0
0.0;156.1;0.0;0.0
0.0;156.1;2.4;0.0
96.0;196.1;2.0;0.0
350.0;159.0;1.3;0.0
550.0;159.7;3.3;0.0
0.0;159.7;0.0;0.0
0.0;159.7;0.0;0.0
0.0;159.7;0.0;0.0
0.0;159.7;0.0;0.0
0.0;159.7;0.0;0.0
0.0;160.1;24.2;0.0
0.0;160.1;0.0;0.0
55.0;160.4;45.1;0.0
550.0;160.4;0.0;0.0
533.5;160.4;0.0;0.0
544.5;160.4;0.0;0.0
594.0;160.4;0.0;0.0
540.1;160.4;0.0;0.0
550.0;160.4;0.0;0.0
524.7;160.4;0.0;0.0
55.0;160.4;34.1;0.0
273.9;161.2;42.9;0.0
0.0;161.2;1.1;0.0
0.0;161.2;0.0;0.0
0.0;161.2;13.2;0.0
0.0;161.2;0.0;0.0
55.0;161.2;7.7;0.0
0.0;161.2;0.0;0.0
0.0;161.2;5.5;0.0
0.0;161.2;0.0;0.0
0.0;161.2;6.6;0.0
0.0;161.2;0.0;0.0
0.0;161.2;4.4;0.0
0.0;161.2;0.0;0.0
103.4;178.8;2.2;0.0
508.2;374.6;195.8;44.0
570.9;665.0;398.2;0.0
502.7;770.6;23067.0;0.0
556.6;1110.5;29221.5;0.0
28.6;1457.0;15574.9;0.0
2482.7;1460.3;4.4;1452.0
537.9;1460.3;13.2;4224.0
489.5;734.3;3.3;484.0
