66.3;268.0;979.4;0.0
296.1;508.1;92.3;0.0
570.9;175.5;1007.3;0.0
440.0;156.1;20.9;0.0
0.0;156.1;1.0;0.0
0.0;156.1;1.1;0.0
0.0;156.1;12.0;0.0
0.0;156.1;14.3;0.0
0.0;156.1;7.0;0.0
0.0;156.1;7.7;0.0
0.0;156.1;5.0;0.0
0.0;156.1;6.6;0.0
0.0;156.1;7.0;0.0
0.0;156.1;3.3;0.0
364.0;197.1;3.0;0.0
50.0;202.1;61.3;0.0
482.0;204.1;0.0;0.0
407.1;159.5;3.3;0.0
199.6;159.5;26.4;0.0
64.0;160.1;44.0;0.0
64.0;160.1;0.0;0.0
450.0;160.1;12.1;0.0
350.0;160.1;10.1;0.0
84.9;160.7;7.9;0.0
50.0;161.0;1.0;0.0
0.0;161.0;13.2;0.0
0.0;161.0;14.0;0.0
55.0;161.0;7.7;0.0
0.0;161.0;7.0;0.0
0.0;161.0;4.4;0.0
0.0;161.0;0.0;0.0
0.0;161.0;2.4;0.0
0.0;161.0;0.0;0.0
0.0;161.0;2.6;0.0
0.0;161.0;0.0;0.0
351.8;244.5;146.3;40.0
98.0;868.2;28754.7;44.0
49.7;1127.2;33300.7;0.0
49.8;852.3;13003.5;1320.0
79.9;572.4;10486.4;3840.0
60.4;246.4;3294.8;200.0
52.2;246.4;330.2;0.0
49.8;246.4;321.2;0.0
51.2;246.4;345.8;0.0
49.7;246.4;320.6;0.0
48.4;246.4;349.2;0.0
49.4;246.7;371.0;0.0
53.0;246.7;362.4;0.0
47.3;246.7;386.2;0.0
50.0;246.7;358.2;0.0
50.0;246.7;339.0;0.0
50.0;277.9;346.9;0.0
53.0;278.2;0.4;132.0
45.0;278.2;0.8;256.0
52.9;262.3;0.5;128.0
49.9;186.0;0.0;0.0
