115.9;262.0;989.4;0.0
215.0;525.1;104.1;0.0
933.9;317.7;589.3;0.0
440.0;156.4;441.1;0.0
0.0;156.4;5.0;0.0
0.0;156.4;8.0;0.0
0.0;156.4;6.1;0.0
0.0;156.4;0.0;0.0
0.0;156.4;8.3;0.0
0.0;156.4;0.0;0.0
0.0;156.4;1.7;0.0
0.0;156.4;0.0;0.0
222.0;186.4;3.5;0.0
299.0;192.4;6.0;0.0
232.0;198.4;51.6;0.0
549.0;198.4;0.0;0.0
486.0;198.4;6.6;0.0
484.0;198.4;0.0;0.0
191.3;159.2;2.2;0.0
273.9;159.8;6.6;0.0
191.4;160.4;50.6;0.0
500.0;160.4;61.0;0.0
351.0;160.4;0.0;0.0
496.7;160.4;1.0;0.0
546.7;160.4;0.0;0.0
550.0;160.4;13.0;0.0
543.4;160.4;0.0;0.0
440.0;160.4;5.1;0.0
0.0;160.6;68.2;0.0
328.9;161.3;5.1;0.0
0.0;161.3;0.0;0.0
0.0;161.3;7.0;0.0
0.0;161.3;14.3;0.0
250.0;161.3;1.0;0.0
449.0;380.3;530.7;40.0
499.0;705.3;1782.0;0.0
531.0;705.3;14986.7;0.0
491.0;1017.3;5876.0;0.0
499.0;1017.3;4253.6;0.0
500.0;1017.3;3983.0;0.0
500.0;1017.3;3250.6;0.0
525.0;1017.3;4325.0;0.0
221.8;1012.8;4277.2;0.0
96.4;822.9;3615.8;44.0
49.1;533.4;4725.5;0.0
57.5;246.9;42825.2;0.0
87.6;246.9;1123.6;0.0
101.6;278.1;4903.5;1320.0
67.1;278.4;4.4;1372.0
70.8;580.4;8.2;3304.0
49.0;248.0;0.3;28.0
