80.0;193.8;323.0;0.0
107.0;184.1;120.0;0.0
167.2;203.7;451.2;0.0
210.0;252.9;146.3;0.0
165.0;156.2;270.6;0.0
0.0;156.2;1.0;0.0
0.0;156.2;1.1;0.0
0.0;156.2;0.0;0.0
0.0;156.2;1.3;0.0
0.0;156.2;0.0;0.0
0.0;156.2;0.7;0.0
0.0;156.2;0.0;0.0
0.0;156.2;1.6;0.0
0.0;156.2;0.0;0.0
0.0;156.2;6.4;0.0
0.0;156.2;0.0;0.0
380.0;190.2;2.5;0.0
148.0;196.2;6.0;0.0
254.8;159.3;56.3;0.0
92.0;159.9;5.5;0.0
413.3;160.7;59.0;0.0
506.6;160.7;55.9;0.0
244.0;160.7;23.2;0.0
273.9;161.6;40.8;0.0
0.0;161.6;1.1;0.0
0.0;161.6;13.0;0.0
0.0;161.6;14.3;0.0
0.0;161.6;7.0;0.0
0.0;161.6;7.7;0.0
0.0;161.6;6.0;0.0
0.0;161.6;6.6;0.0
0.0;161.6;3.4;0.0
0.0;161.6;0.0;0.0
149.0;161.6;2.4;0.0
499.0;352.6;215.0;40.0
429.1;698.2;1902.3;0.0
77.9;615.7;15956.3;44.0
85.0;808.8;4079.5;0.0
67.1;530.7;14761.3;0.0
74.6;246.8;2175.8;0.0
67.0;246.8;2363.6;0.0
91.0;246.8;786.8;0.0
89.5;246.8;1310.6;0.0
49.9;588.2;23596.7;0.0
113.5;590.7;5549.6;2156.0
141.6;590.7;3650.8;2816.0
96.9;827.1;4039.5;924.0
