58.8;190.7;306.0;0.0
98.2;182.0;122.0;0.0
137.4;199.0;456.7;0.0
241.1;172.9;154.5;0.0
0.0;156.2;20.9;0.0
0.0;156.2;0.0;0.0
0.0;156.2;0.1;0.0
0.0;156.2;0.0;0.0
53.9;156.2;2.3;0.0
0.0;156.2;0.0;0.0
0.0;156.2;0.7;0.0
0.0;156.2;0.0;0.0
0.0;156.2;1.4;0.0
0.0;156.2;0.0;0.0
0.0;156.2;4.4;0.0
0.0;156.2;0.0;0.0
200.0;189.2;1.4;0.0
299.0;194.2;5.0;0.0
83.5;160.0;57.2;0.0
455.9;160.4;27.5;0.0
110.6;160.7;44.0;0.0
74.0;160.7;0.0;0.0
48.1;160.7;0.0;0.0
395.8;160.7;1.1;0.0
900.8;160.7;12.1;0.0
91.5;161.6;56.1;0.0
149.0;161.6;58.1;0.0
149.0;161.6;1.0;0.0
0.0;161.6;14.3;0.0
0.0;161.6;12.0;0.0
0.0;161.6;7.7;0.0
0.0;161.6;0.0;0.0
0.0;161.6;1.6;0.0
0.0;161.6;5.0;0.0
0.0;161.6;3.4;0.0
0.0;161.6;6.0;0.0
0.0;161.6;6.6;0.0
92.0;161.6;3.0;0.0
213.0;327.3;171.2;40.0
128.0;183.5;227.0;44.0
58.6;559.0;21589.5;0.0
70.0;595.6;24842.5;0.0
78.5;597.8;3206.4;1452.0
109.8;597.8;3863.2;4224.0
