118.5;238.7;970.4;0.0
351.5;320.5;460.0;0.0
441.7;304.2;189.7;0.0
218.9;156.1;437.8;0.0
0.0;156.1;0.0;0.0
0.0;156.1;0.0;0.0
0.0;156.1;1.1;0.0
0.0;156.1;0.0;0.0
0.0;156.1;14.3;0.0
0.0;156.1;0.0;0.0
0.0;156.1;7.7;0.0
0.0;156.1;0.0;0.0
0.0;156.1;7.7;0.0
0.0;156.1;0.0;0.0
55.0;156.1;4.4;0.0
0.0;156.1;3.3;0.0
0.0;156.1;1.1;0.0
0.0;156.1;1.1;0.0
506.0;188.5;4.4;0.0
0.0;188.5;23.1;0.0
422.4;196.2;45.1;0.0
547.8;196.2;1.1;0.0
52.8;196.2;33.0;0.0
257.4;206.1;44.0;0.0
0.0;206.1;1.1;0.0
0.0;206.1;0.0;0.0
53.9;206.1;13.2;0.0
0.0;206.1;0.0;0.0
0.0;206.1;7.7;0.0
0.0;206.1;0.0;0.0
0.0;206.1;6.6;0.0
0.0;206.1;0.0;0.0
0.0;206.1;4.4;0.0
0.0;206.1;0.0;0.0
0.0;206.1;4.4;0.0
0.0;206.1;0.0;0.0
163.9;211.6;2.2;0.0
518.1;427.2;569.8;44.0
490.6;761.6;22.0;0.0
565.4;1141.1;33867.9;0.0
544.5;1489.8;35040.5;0.0
548.9;1493.1;4.4;1452.0
541.2;1450.2;16.5;4664.0
