79.0;327.3;1217.0;0.0
271.0;586.4;178.0;0.0
762.3;400.6;923.7;0.0
768.9;271.9;336.6;0.0
170.0;156.6;348.8;0.0
0.0;156.6;0.0;0.0
0.0;156.6;11.1;0.0
0.0;156.6;7.0;0.0
0.0;156.6;14.3;0.0
0.0;156.6;5.0;0.0
0.0;156.6;7.7;0.0
0.0;156.6;6.0;0.0
0.0;156.6;6.6;0.0
352.0;192.6;4.0;0.0
0.0;196.6;18.5;0.0
482.0;199.6;40.0;0.0
492.0;199.6;3.4;0.0
48.0;199.6;30.0;0.0
249.0;202.3;36.3;0.0
550.0;178.0;1.0;0.0
55.0;160.4;6.6;0.0
357.5;160.7;53.0;0.0
536.8;160.7;0.0;0.0
581.9;160.7;7.0;0.0
547.8;160.7;0.0;0.0
550.0;160.7;4.0;0.0
559.9;160.7;0.0;0.0
518.5;160.7;7.0;0.0
273.9;160.7;13.2;0.0
296.8;226.3;102.0;40.0
336.8;391.6;384.1;0.0
521.0;707.6;10325.0;0.0
499.0;710.6;10939.3;0.0
498.0;1018.6;2557.0;0.0
475.0;1018.6;3789.7;0.0
530.0;1018.6;4842.0;0.0
499.0;1018.6;3127.5;0.0
486.0;1018.6;4030.0;0.0
500.0;1018.6;4367.5;0.0
496.0;1021.6;3152.0;0.0
494.0;1021.6;5510.4;0.0
531.0;1021.6;4300.0;0.0
339.9;1017.1;5085.3;0.0
71.7;1153.9;75.7;1284.0
148.8;852.4;40.4;2560.0
151.2;849.7;22962.9;1280.0
148.5;838.9;2430.2;480.0
50.1;247.2;3260.2;0.0
39.6;247.2;374.4;0.0
57.9;278.4;270.3;0.0
9.4;262.8;1.9;536.0
150.3;184.2;0.0;0.0
