98.7;183.7;283.0;0.0
93.0;170.9;234.4;0.0
212.8;231.6;409.5;0.0
318.8;285.9;113.0;0.0
218.9;155.9;387.2;0.0
0.0;155.9;0.0;0.0
0.0;155.9;0.1;0.0
0.0;155.9;0.0;0.0
0.0;155.9;14.3;0.0
0.0;155.9;12.0;0.0
0.0;155.9;7.7;0.0
50.0;155.9;7.0;0.0
0.0;155.9;6.6;0.0
0.0;155.9;6.0;0.0
0.0;155.9;5.5;0.0
0.0;155.9;7.0;0.0
0.0;155.9;4.4;0.0
199.0;191.9;2.0;0.0
215.7;159.0;3.3;0.0
299.0;160.2;57.3;0.0
519.0;160.2;57.2;0.0
56.0;160.5;8.8;0.0
75.0;160.5;0.0;0.0
66.5;160.5;0.0;0.0
50.0;160.5;0.0;0.0
102.0;160.5;11.0;0.0
492.0;160.5;59.0;0.0
329.0;160.5;0.0;0.0
55.0;160.5;32.0;0.0
271.7;161.4;44.0;0.0
0.0;161.4;11.1;0.0
0.0;161.4;0.0;0.0
50.0;161.4;7.3;0.0
0.0;161.4;0.0;0.0
0.0;161.4;2.7;0.0
0.0;161.4;0.0;0.0
55.0;161.4;2.5;0.0
0.0;161.4;0.0;0.0
286.0;161.4;2.4;0.0
486.0;1020.4;24883.0;40.0
499.0;1024.4;35562.5;0.0
549.0;1336.4;1747.0;0.0
433.0;1334.9;4.2;1960.0
59.0;1248.5;161.4;2524.0
48.8;211.3;418.5;800.0
49.1;215.6;1198.3;0.0
50.5;246.7;2014.2;0.0
49.5;278.1;3048.9;0.0
54.1;278.6;0.4;132.0
50.0;186.5;1.5;408.0
