45.0;120.3;61.0;0.0
94.0;107.4;162.0;0.0
139.8;162.6;117.3;0.0
65.0;176.9;65.0;0.0
114.0;156.6;103.8;0.0
0.0;156.6;0.0;0.0
50.0;156.6;0.1;0.0
0.0;156.6;0.0;0.0
55.0;156.6;1.3;0.0
0.0;156.6;0.0;0.0
0.0;156.6;0.7;0.0
0.0;156.6;0.0;0.0
0.0;156.6;0.5;0.0
0.0;156.6;0.0;0.0
0.0;156.6;5.3;0.0
0.0;156.6;0.0;0.0
50.0;183.6;2.4;0.0
449.0;189.6;3.0;0.0
163.9;159.5;60.2;0.0
148.0;160.0;4.5;0.0
408.9;160.7;63.8;0.0
104.0;160.7;0.0;0.0
72.0;160.7;0.0;0.0
53.7;160.7;0.0;0.0
69.1;160.7;7.0;0.0
547.8;160.7;23.0;0.0
313.9;160.7;41.0;0.0
440.0;160.7;11.1;0.0
182.6;161.4;68.2;0.0
55.0;161.6;12.1;0.0
0.0;161.6;0.0;0.0
55.0;161.6;7.3;0.0
0.0;161.6;0.0;0.0
0.0;161.6;0.7;0.0
0.0;161.6;0.0;0.0
0.0;161.6;5.4;0.0
0.0;161.6;0.0;0.0
312.0;161.6;10.5;40.0
448.0;379.6;524.0;0.0
522.0;704.6;4168.5;0.0
494.0;823.6;16635.0;0.0
377.6;1012.1;2833.2;0.0
86.9;845.6;2762.3;44.0
94.0;668.3;3562.4;0.0
103.9;528.8;11540.4;0.0
94.0;246.9;4914.5;0.0
74.7;246.9;1728.7;0.0
68.6;246.9;1105.1;0.0
55.0;246.9;2253.0;0.0
82.7;246.9;1594.6;0.0
115.0;246.9;593.4;0.0
97.1;565.9;2122.8;0.0
85.0;565.9;3706.0;3880.0
53.9;565.9;4078.1;1280.0
60.8;853.2;3985.6;160.0
55.0;247.2;357.3;0.0
47.9;247.2;369.0;0.0
50.0;278.5;193.9;0.0
48.1;278.7;0.8;260.0
50.0;278.7;0.6;192.0
51.9;248.3;0.5;76.0
