96.0;192.5;329.2;0.0
87.9;133.5;545.4;0.0
167.8;138.8;55.2;0.0
76.9;156.1;40.1;0.0
0.0;156.1;0.0;0.0
0.0;156.1;1.1;0.0
0.0;156.1;0.0;0.0
0.0;156.1;0.0;0.0
0.0;156.1;0.0;0.0
0.0;156.1;0.0;0.0
0.0;156.1;13.2;0.0
0.0;156.1;0.0;0.0
0.0;156.1;7.7;0.0
0.0;156.1;0.0;0.0
52.8;156.1;5.5;0.0
0.0;156.1;5.5;0.0
0.0;156.1;0.0;0.0
0.0;156.1;5.5;0.0
0.0;156.1;0.0;0.0
108.9;182.0;2.2;0.0
491.7;194.1;5.5;0.0
387.2;197.4;64.9;0.0
548.9;197.4;1.1;0.0
0.0;197.4;33.0;0.0
314.6;207.3;44.0;0.0
0.0;207.3;1.1;0.0
0.0;207.3;0.0;0.0
0.0;207.3;14.3;0.0
0.0;207.3;0.0;0.0
0.0;207.3;7.7;0.0
0.0;207.3;0.0;0.0
0.0;207.3;6.6;0.0
0.0;207.3;0.0;0.0
0.0;207.3;4.4;0.0
0.0;207.3;0.0;0.0
0.0;207.3;4.4;0.0
0.0;207.3;0.0;0.0
399.3;264.5;165.0;44.0
541.2;450.4;423.5;0.0
550.0;800.2;6748.5;0.0
535.7;803.5;16336.1;0.0
592.9;1143.4;2807.2;0.0
522.5;1143.4;3655.3;0.0
592.9;1143.4;3592.6;0.0
515.9;1143.4;4263.6;0.0
559.9;1143.4;4149.2;0.0
548.9;1143.4;3708.1;0.0
548.9;1143.4;3857.7;0.0
567.6;1143.4;3964.4;0.0
528.0;1146.7;4292.2;0.0
551.1;1146.7;4353.8;0.0
561.0;1146.7;4265.8;0.0
561.0;1493.2;1921.7;0.0
542.3;1493.2;13.2;4268.0
548.9;1493.2;4.4;1408.0
543.4;479.0;3.3;220.0
