0.0;156.0;0.0;0.0
0.0;156.0;1.1;0.0
0.0;156.0;1.0;0.0
0.0;156.0;13.2;0.0
0.0;156.0;14.0;0.0
0.0;156.0;7.7;0.0
0.0;156.0;7.0;0.0
0.0;156.0;6.6;0.0
0.0;156.0;7.0;0.0
0.0;156.0;5.5;0.0
0.0;156.0;9.0;0.0
0.0;156.0;5.5;0.0
276.0;191.0;3.0;0.0
124.3;159.5;2.4;0.0
146.6;160.2;13.5;0.0
50.4;160.2;7.7;0.0
144.0;160.2;14.4;0.0
38.9;161.1;20.9;0.0
0.0;161.1;0.1;0.0
0.0;161.1;0.0;0.0
48.0;161.1;1.2;0.0
0.0;161.1;0.0;0.0
0.0;161.1;0.7;0.0
0.0;161.1;0.0;0.0
0.0;161.1;1.6;0.0
0.0;161.1;0.0;0.0
0.0;161.1;4.4;0.0
0.0;161.1;0.0;0.0
186.0;161.1;4.6;0.0
502.0;1023.1;31032.0;40.0
230.8;1332.7;31657.4;0.0
105.4;1148.7;585.6;1284.0
116.1;856.2;4583.4;2560.0
79.8;271.3;19019.7;1360.0
49.5;246.3;481.4;0.0
51.2;246.3;1489.8;0.0
52.2;246.3;464.6;0.0
50.0;277.7;1637.9;0.0
48.5;278.2;0.4;132.0
49.0;278.2;1.0;320.0
54.0;247.8;0.3;36.0
