65.6;101.4;133.4;0.0
212.6;142.8;174.5;0.0
553.5;317.0;414.5;0.0
259.9;156.4;383.9;0.0
0.0;156.4;0.0;0.0
0.0;156.4;0.1;0.0
0.0;156.4;0.0;0.0
0.0;156.4;13.2;0.0
0.0;156.4;13.0;0.0
0.0;156.4;7.7;0.0
0.0;156.4;7.0;0.0
0.0;156.4;4.4;0.0
0.0;156.4;5.0;0.0
55.0;156.4;4.4;0.0
0.0;156.4;7.0;0.0
0.0;156.4;4.4;0.0
398.0;191.4;2.0;0.0
331.7;159.7;19.5;0.0
441.0;159.7;19.1;0.0
118.1;160.4;45.1;0.0
56.3;160.4;1.1;0.0
475.0;160.4;33.0;0.0
277.9;161.2;44.0;0.0
490.0;161.2;2.1;0.0
50.0;161.2;27.0;0.0
249.0;161.2;28.3;0.0
0.0;161.2;1.0;0.0
0.0;161.2;7.7;0.0
0.0;161.2;13.0;0.0
0.0;161.2;6.6;0.0
0.0;161.2;7.0;0.0
0.0;161.2;7.7;0.0
0.0;161.2;6.0;0.0
0.0;161.2;5.5;0.0
0.0;161.2;8.0;0.0
385.0;185.7;89.1;44.0
455.0;394.2;496.3;0.0
74.9;580.4;3963.2;40.0
101.0;524.4;14703.0;0.0
78.5;554.5;11111.1;0.0
66.6;246.5;3884.0;0.0
82.0;246.5;981.4;0.0
87.6;246.5;480.6;0.0
63.4;246.5;580.9;0.0
50.0;246.5;1607.9;0.0
70.0;246.5;1678.4;0.0
61.0;246.5;949.0;0.0
65.0;246.5;1538.2;0.0
49.8;246.5;407.2;0.0
50.0;246.8;3216.8;0.0
56.0;564.8;2005.6;0.0
99.4;278.0;1693.9;3240.0
54.4;278.3;4.0;1724.0
50.0;1217.3;4.4;1408.0
52.2;247.8;0.3;64.0
