62.4;335.4;1217.0;0.0
278.9;527.6;165.4;0.0
665.2;399.0;809.9;0.0
715.0;271.2;311.3;0.0
218.9;156.2;312.5;0.0
0.0;156.2;0.0;0.0
0.0;156.2;11.1;0.0
0.0;156.2;0.0;0.0
0.0;156.2;7.3;0.0
0.0;156.2;0.0;0.0
0.0;156.2;1.7;0.0
0.0;156.2;0.0;0.0
0.0;156.2;5.4;0.0
0.0;156.2;0.0;0.0
276.0;196.2;3.6;0.0
0.0;196.2;41.0;0.0
507.0;203.2;17.6;0.0
491.0;203.2;0.0;0.0
486.0;203.2;3.3;0.0
86.5;159.8;0.0;0.0
465.0;159.8;27.5;0.0
89.3;160.5;35.9;0.0
494.5;160.5;62.0;0.0
319.3;160.5;1.0;0.0
546.7;160.5;1.0;0.0
547.8;160.5;0.0;0.0
537.9;160.5;13.0;0.0
606.1;160.5;0.0;0.0
55.0;160.5;27.1;0.0
275.0;161.4;42.9;0.0
0.0;161.4;5.1;0.0
0.0;161.4;0.0;0.0
0.0;161.4;5.2;0.0
0.0;161.4;0.0;0.0
180.0;161.4;4.7;0.0
466.0;381.4;538.0;40.0
499.0;1018.4;46569.6;0.0
498.0;1332.4;15609.0;0.0
497.0;1031.4;14.5;5680.0
538.0;382.4;0.0;0.0
0.0;161.4;0.6;0.0
0.0;161.4;0.0;0.0
18.9;161.9;0.3;0.0
50.0;181.9;52.6;4.0
49.6;211.3;1.6;0.0
51.5;215.5;1452.8;0.0
54.0;246.6;679.5;0.0
48.2;246.6;320.8;0.0
48.5;246.6;333.4;0.0
50.1;246.6;345.8;0.0
49.4;246.6;357.2;0.0
48.9;246.6;337.8;0.0
55.0;246.6;334.8;0.0
46.9;246.6;369.0;0.0
50.0;246.6;347.5;0.0
51.1;246.9;385.9;0.0
50.4;246.9;371.2;0.0
47.5;246.9;392.8;0.0
54.0;278.3;94.5;68.0
45.0;278.3;0.8;256.0
55.9;278.3;0.6;192.0
48.0;186.9;0.3;16.0
