114.4;337.2;1202.0;0.0
334.5;340.4;953.9;0.0
81.6;155.1;625.3;0.0
493.9;156.4;20.9;0.0
0.0;156.4;1.0;0.0
0.0;156.4;1.1;0.0
0.0;156.4;12.0;0.0
0.0;156.4;14.3;0.0
0.0;156.4;7.0;0.0
0.0;156.4;7.7;0.0
0.0;156.4;7.0;0.0
0.0;156.4;6.6;0.0
0.0;156.4;8.0;0.0
0.0;156.4;4.4;0.0
149.0;183.4;2.0;0.0
349.0;189.4;0.5;0.0
50.0;194.4;63.0;0.0
133.6;160.0;4.4;0.0
499.0;160.0;31.9;0.0
57.9;160.7;39.6;0.0
59.9;160.7;0.0;0.0
82.4;160.7;0.0;0.0
50.0;160.7;0.0;0.0
449.9;160.7;31.0;0.0
250.0;160.7;39.0;0.0
534.6;160.7;1.0;0.0
110.0;160.7;34.1;0.0
328.9;161.6;33.1;0.0
0.0;161.6;0.0;0.0
0.0;161.6;7.0;0.0
0.0;161.6;0.0;0.0
0.0;161.6;6.0;0.0
0.0;161.6;0.0;0.0
0.0;161.6;9.0;0.0
0.0;161.6;0.0;0.0
50.0;161.6;2.0;0.0
491.0;252.6;153.0;40.0
500.0;1013.6;27290.0;0.0
496.0;1324.6;33355.0;0.0
516.0;1332.6;19.0;5320.0
466.0;376.6;0.0;0.0
0.0;161.6;0.0;0.0
0.0;161.6;0.0;0.0
0.0;161.6;0.0;0.0
0.0;161.6;0.0;0.0
0.0;161.6;0.0;0.0
0.0;161.6;0.0;0.0
0.0;161.6;0.0;0.0
0.0;161.6;0.0;0.0
0.0;161.6;0.0;0.0
0.0;161.6;0.0;0.0
0.0;161.6;0.0;0.0
0.0;161.6;0.0;0.0
0.0;161.6;0.0;0.0
0.0;161.6;0.0;0.0
0.0;161.6;0.0;0.0
0.0;161.6;0.0;0.0
0.0;161.6;0.0;0.0
0.0;161.6;0.0;0.0
0.0;161.6;0.0;0.0
0.0;161.6;0.0;0.0
0.0;161.6;0.0;0.0
0.0;161.6;0.0;0.0
0.0;161.6;0.0;0.0
0.0;161.6;0.0;0.0
0.0;161.6;0.0;0.0
0.0;161.6;0.0;0.0
0.0;161.6;0.0;0.0
0.0;161.6;0.0;0.0
0.0;161.6;0.0;0.0
0.0;161.6;0.0;0.0
0.0;161.6;0.0;0.0
0.0;161.6;0.0;0.0
0.0;161.6;0.0;0.0
0.0;161.6;0.0;0.0
0.0;161.6;0.0;0.0
0.0;161.6;0.0;0.0
0.0;161.6;0.1;0.0
0.0;161.6;0.0;0.0
0.0;161.6;1.3;0.0
0.0;161.6;0.0;0.0
0.0;161.6;0.7;0.0
0.0;161.6;0.0;0.0
0.0;161.6;0.6;0.0
0.0;161.6;0.0;0.0
0.0;161.6;0.3;0.0
0.0;161.6;0.0;0.0
0.0;161.6;0.4;0.0
0.0;161.6;0.0;0.0
20.9;162.1;0.2;0.0
43.9;183.2;53.7;4.0
50.5;246.7;3675.2;0.0
50.0;278.0;2450.0;0.0
52.2;278.5;0.6;196.0
45.2;278.5;0.8;256.0
49.0;186.1;0.5;76.0
