71.0;196.5;251.3;0.0
57.0;198.7;904.7;0.0
224.2;239.1;491.9;0.0
305.7;170.9;294.2;0.0
0.0;156.2;22.0;0.0
0.0;156.2;1.0;0.0
0.0;156.2;1.1;0.0
0.0;156.2;12.0;0.0
55.0;156.2;14.3;0.0
0.0;156.2;7.0;0.0
0.0;156.2;7.7;0.0
0.0;156.2;6.0;0.0
0.0;156.2;7.7;0.0
0.0;156.2;7.0;0.0
0.0;156.2;5.5;0.0
197.0;188.2;3.0;0.0
291.0;194.2;1.5;0.0
467.0;201.2;59.0;0.0
217.8;159.3;27.3;0.0
79.9;176.9;35.6;0.0
482.9;160.7;61.7;0.0
551.1;160.7;1.1;0.0
0.0;160.7;20.0;0.0
268.4;161.6;42.9;0.0
0.0;161.6;6.1;0.0
0.0;161.6;2.0;0.0
52.8;161.6;9.2;0.0
0.0;161.6;0.0;0.0
0.0;161.6;1.7;0.0
0.0;161.6;0.0;0.0
449.0;227.6;151.6;40.0
515.0;396.6;385.0;0.0
474.0;706.6;13827.4;0.0
518.0;1017.6;7720.0;0.0
488.0;1017.6;3266.4;0.0
525.0;1017.6;4040.0;0.0
340.8;1013.1;4094.2;0.0
56.9;845.7;2888.5;44.0
103.6;529.8;1810.4;0.0
51.1;246.9;44458.9;0.0
80.0;591.5;13305.3;0.0
66.8;594.8;3717.6;2156.0
304.4;463.3;3993.3;4004.0
