56.4;326.8;1225.4;0.0
342.8;431.3;530.4;0.0
564.0;355.1;574.7;0.0
584.1;176.9;453.2;0.0
55.0;156.2;40.8;0.0
0.0;156.2;0.0;0.0
0.0;156.2;12.1;0.0
0.0;156.2;0.0;0.0
0.0;156.2;7.3;0.0
0.0;156.2;0.0;0.0
0.0;156.2;2.7;0.0
0.0;156.2;0.0;0.0
0.0;156.2;6.7;0.0
0.0;156.2;7.0;0.0
0.0;156.2;4.6;0.0
521.0;198.2;1.0;0.0
55.0;198.2;44.6;0.0
497.0;201.2;22.0;0.0
356.4;160.0;17.6;0.0
298.0;160.0;27.1;0.0
544.5;160.7;0.1;0.0
566.5;160.7;0.0;0.0
553.3;160.7;13.0;0.0
163.9;160.7;6.2;0.0
273.9;161.7;66.0;0.0
0.0;161.7;5.1;0.0
0.0;161.7;0.0;0.0
0.0;161.7;5.3;0.0
0.0;161.7;0.0;0.0
93.0;161.7;4.7;0.0
530.0;351.7;175.0;40.0
489.0;397.7;352.5;0.0
497.0;705.7;17383.0;0.0
508.0;1017.7;5282.4;0.0
496.0;1017.7;3144.0;0.0
492.0;1017.7;3335.5;0.0
535.0;1017.7;3264.0;0.0
340.2;1013.2;3545.3;0.0
111.6;847.6;4560.5;44.0
62.3;246.8;21491.1;0.0
84.6;246.8;706.6;0.0
57.4;247.1;30388.8;0.0
129.5;585.4;1298.5;0.0
71.6;278.7;4130.2;4268.0
70.8;556.3;5.7;376.0
144.4;1133.2;6.0;1920.0
