70.9;393.5;1208.3;0.0
249.8;588.7;270.7;0.0
707.7;412.8;1001.8;0.0
715.0;281.4;355.3;0.0
220.0;156.2;386.2;0.0
0.0;156.2;0.0;0.0
0.0;156.2;11.1;0.0
0.0;156.2;0.0;0.0
0.0;156.2;7.3;0.0
0.0;156.2;0.0;0.0
55.0;156.2;1.7;0.0
0.0;156.2;1.0;0.0
0.0;156.2;1.6;0.0
0.0;156.2;3.0;0.0
98.0;193.2;5.6;0.0
444.0;193.2;24.0;0.0
442.0;200.2;34.6;0.0
505.0;200.2;0.0;0.0
189.2;159.2;2.2;0.0
317.0;160.4;6.6;0.0
274.9;160.7;68.2;0.0
71.8;160.7;7.0;0.0
570.9;160.7;24.0;0.0
248.9;160.7;39.0;0.0
591.8;160.7;1.0;0.0
548.9;160.7;0.0;0.0
533.5;160.7;13.0;0.0
165.0;160.7;13.2;0.0
273.9;161.6;57.9;0.0
0.0;161.6;1.1;0.0
0.0;161.6;7.0;0.0
0.0;161.6;13.2;0.0
0.0;161.6;8.0;0.0
0.0;161.6;7.7;0.0
144.0;161.6;3.0;0.0
450.0;346.6;173.7;40.0
503.0;1014.6;41974.0;0.0
489.0;1329.6;20087.4;0.0
517.0;1331.6;19.0;5440.0
471.0;379.6;6.6;0.0
0.0;161.6;0.0;0.0
19.1;162.2;0.3;0.0
49.4;180.8;51.6;4.0
50.4;247.0;3190.7;0.0
44.6;247.0;331.6;0.0
49.1;247.0;350.2;0.0
50.0;247.0;328.2;0.0
53.6;247.0;351.7;0.0
49.6;247.0;369.7;0.0
50.0;247.0;365.0;0.0
45.6;247.3;379.1;0.0
52.5;254.6;407.0;0.0
49.8;278.7;2.2;132.0
50.0;278.7;0.8;256.0
53.3;278.7;0.4;128.0
46.5;186.6;0.3;36.0
