56.5;101.5;88.3;0.0
54.6;118.2;89.3;0.0
164.7;139.6;59.1;0.0
34.8;156.1;40.1;0.0
0.0;156.1;0.0;0.0
0.0;156.1;0.1;0.0
0.0;156.1;0.0;0.0
0.0;156.1;14.3;0.0
47.0;156.1;13.0;0.0
0.0;156.1;7.7;0.0
0.0;156.1;7.0;0.0
0.0;156.1;5.5;0.0
0.0;156.1;6.0;0.0
0.0;156.1;8.0;0.0
0.0;156.1;5.5;0.0
143.0;191.1;1.3;0.0
349.0;198.1;3.2;0.0
0.0;182.8;59.1;0.0
282.2;160.1;2.3;0.0
504.0;160.1;23.1;0.0
75.4;160.4;42.9;0.0
86.5;160.4;0.0;0.0
82.4;160.4;0.0;0.0
79.5;160.4;0.0;0.0
125.0;160.4;11.0;0.0
526.9;160.4;59.0;0.0
313.9;160.4;1.0;0.0
55.0;160.4;12.2;0.0
158.4;161.0;67.1;0.0
165.0;161.3;12.1;0.0
0.0;161.3;0.0;0.0
0.0;161.3;8.4;0.0
0.0;161.3;0.0;0.0
0.0;161.3;1.7;0.0
0.0;161.3;0.0;0.0
0.0;161.3;1.6;0.0
0.0;161.3;0.0;0.0
439.0;345.3;177.4;40.0
448.0;398.3;367.0;0.0
525.0;711.3;17208.5;0.0
454.0;1022.3;5842.0;0.0
180.9;1002.5;3386.5;44.0
59.8;824.3;4583.9;0.0
70.5;536.3;2346.5;0.0
94.0;536.3;12616.5;0.0
80.6;246.5;24267.9;0.0
85.0;581.0;13197.3;0.0
57.6;584.3;3580.4;1452.0
65.3;584.3;3552.8;2816.0
