77.0;339.8;1218.0;0.0
324.6;338.6;974.7;0.0
401.5;154.9;605.5;0.0
55.0;156.3;20.9;0.0
50.0;156.3;1.0;0.0
0.0;156.3;1.1;0.0
0.0;156.3;12.0;0.0
0.0;156.3;14.3;0.0
0.0;156.3;7.0;0.0
0.0;156.3;7.7;0.0
0.0;156.3;6.0;0.0
0.0;156.3;7.7;0.0
0.0;156.3;7.0;0.0
0.0;156.3;5.5;0.0
149.0;183.3;3.0;0.0
399.0;191.3;1.4;0.0
0.0;191.3;20.0;0.0
404.8;159.8;3.3;0.0
55.0;159.8;2.2;0.0
198.0;159.8;39.0;0.0
493.0;159.8;0.0;0.0
561.0;159.8;0.0;0.0
0.0;159.8;30.0;0.0
249.0;159.8;41.0;0.0
0.0;159.8;1.0;0.0
0.0;159.8;0.0;0.0
0.0;159.8;13.0;0.0
0.0;159.8;6.0;0.0
0.0;159.8;1.0;0.0
0.0;159.8;6.0;0.0
0.0;159.8;0.0;0.0
0.0;159.8;5.0;0.0
0.0;159.8;0.0;0.0
0.0;180.8;3.0;0.0
484.0;264.8;156.0;40.0
499.0;1030.8;28252.0;0.0
500.0;1345.8;34771.0;0.0
500.0;1348.8;19.0;5320.0
520.0;402.8;0.0;0.0
0.0;159.8;0.0;0.0
0.0;159.8;0.0;0.0
0.0;159.8;0.0;0.0
0.0;159.8;0.0;0.0
0.0;159.8;0.0;0.0
0.0;159.8;0.0;0.0
0.0;159.8;0.0;0.0
0.0;159.8;0.0;0.0
0.0;159.8;0.0;0.0
0.0;159.8;0.0;0.0
0.0;159.8;0.0;0.0
0.0;159.8;0.0;0.0
0.0;159.8;0.0;0.0
0.0;159.8;0.0;0.0
0.0;159.8;0.0;0.0
0.0;159.8;0.0;0.0
0.0;159.8;0.0;0.0
0.0;159.8;0.0;0.0
0.0;159.8;0.0;0.0
0.0;159.8;0.0;0.0
0.0;159.8;0.0;0.0
0.0;159.8;0.0;0.0
0.0;159.8;0.0;0.0
0.0;159.8;0.0;0.0
0.0;159.8;0.0;0.0
0.0;159.8;0.0;0.0
0.0;159.8;0.0;0.0
0.0;159.8;0.0;0.0
0.0;159.8;2.2;16.0
0.0;159.8;0.0;0.0
0.0;159.8;0.0;0.0
0.0;159.8;1.8;0.0
49.2;160.4;2.3;0.0
0.0;160.4;0.3;0.0
4.8;160.4;2.8;0.0
24.9;161.3;4.0;0.0
0.0;161.3;0.1;0.0
0.0;161.3;0.0;0.0
0.0;161.3;1.2;0.0
0.0;161.3;0.0;0.0
0.0;161.3;0.7;0.0
0.0;161.3;0.0;0.0
0.0;161.3;0.4;0.0
0.0;161.3;0.0;0.0
0.0;161.3;0.4;0.0
0.0;161.3;0.0;0.0
0.0;161.3;0.4;0.0
0.0;161.3;0.0;0.0
9.7;161.8;0.3;0.0
46.2;174.8;17.1;4.0
50.0;184.1;36.7;0.0
49.8;215.4;1046.5;0.0
49.5;215.8;1065.9;0.0
52.4;246.6;283.9;0.0
50.0;246.6;330.4;0.0
48.9;246.6;329.6;0.0
50.0;246.6;322.0;0.0
49.5;246.6;335.6;0.0
48.5;246.6;417.6;0.0
50.0;246.6;361.4;0.0
52.9;246.9;336.8;0.0
