175.1;177.3;289.2;1120.0
108.6;162.4;635.2;0.0
113.5;155.0;102.8;0.0
129.9;156.7;40.1;0.0
0.0;156.7;0.0;0.0
0.0;156.7;0.0;0.0
0.0;156.7;0.1;0.0
0.0;156.7;0.0;0.0
0.0;156.7;14.3;0.0
0.0;156.7;13.0;0.0
0.0;156.7;7.7;0.0
0.0;156.7;7.0;0.0
0.0;156.7;5.5;0.0
0.0;156.7;7.0;0.0
0.0;156.7;5.5;0.0
0.0;156.7;8.0;0.0
0.0;156.7;5.5;0.0
192.0;181.7;3.0;0.0
152.5;160.1;1.4;0.0
191.0;160.1;30.4;0.0
144.4;160.7;34.1;0.0
52.7;160.7;0.0;0.0
56.1;160.7;0.0;0.0
50.7;160.7;12.1;0.0
455.0;160.7;23.1;0.0
236.9;161.7;42.9;0.0
194.0;161.7;11.1;0.0
299.0;161.7;60.0;0.0
0.0;161.7;12.2;0.0
0.0;161.7;0.0;0.0
0.0;161.7;5.7;0.0
0.0;161.7;0.0;0.0
0.0;161.7;2.5;0.0
0.0;161.7;0.0;0.0
0.0;161.7;1.4;0.0
0.0;161.7;0.0;0.0
0.0;161.7;0.4;0.0
0.0;161.7;4.0;0.0
55.0;162.2;2.2;0.0
116.9;227.2;36.3;4.0
66.0;816.2;45689.5;0.0
61.6;566.7;13210.5;0.0
161.4;382.7;3811.2;5320.0
62.1;1210.2;34769.9;0.0
17.1;266.6;1.9;540.0
