82.0;233.5;399.2;0.0
143.9;223.1;203.8;0.0
110.7;253.4;485.5;0.0
370.8;293.2;102.2;0.0
273.9;156.7;424.6;0.0
0.0;156.7;1.0;0.0
0.0;156.7;1.1;0.0
0.0;156.7;0.0;0.0
0.0;156.7;1.2;0.0
0.0;156.7;0.0;0.0
0.0;156.7;7.0;0.0
0.0;156.7;7.7;0.0
0.0;156.7;6.0;0.0
0.0;156.7;4.4;0.0
0.0;156.7;7.0;0.0
0.0;156.7;5.5;0.0
435.0;182.7;2.0;0.0
99.0;188.7;1.5;0.0
360.0;195.7;57.0;0.0
138.0;159.5;3.3;0.0
351.0;160.0;6.6;0.0
276.4;160.6;64.9;0.0
60.6;160.6;0.0;0.0
112.0;160.6;0.0;0.0
114.8;160.6;0.0;0.0
150.0;160.6;11.1;0.0
1472.0;160.6;31.0;0.0
273.9;161.6;40.8;0.0
0.0;161.6;1.1;0.0
0.0;161.6;13.0;0.0
0.0;161.6;0.0;0.0
0.0;161.6;7.3;0.0
0.0;161.6;0.0;0.0
50.0;161.6;1.7;0.0
0.0;161.6;0.0;0.0
0.0;161.6;2.5;0.0
0.0;161.6;0.0;0.0
202.0;161.6;4.6;0.0
470.0;379.6;537.0;40.0
494.0;1016.6;32242.6;0.0
500.0;1331.6;30414.0;0.0
432.8;1332.1;4.2;1960.0
68.3;1245.7;167.4;3364.0
68.5;211.2;412.5;0.0
44.3;215.5;1211.2;0.0
49.9;246.7;870.8;0.0
50.2;246.7;329.9;0.0
53.0;246.7;362.8;0.0
49.6;246.7;324.8;0.0
49.9;246.7;296.6;0.0
49.6;246.7;352.4;0.0
48.5;246.7;368.4;0.0
50.0;246.7;338.4;0.0
49.7;246.7;338.8;0.0
54.6;246.9;372.4;0.0
44.7;246.9;350.2;0.0
53.0;246.9;357.0;0.0
51.3;278.2;251.5;0.0
49.6;278.4;0.6;196.0
48.4;278.4;0.8;256.0
50.0;248.0;0.5;80.0
