92.8;257.9;901.8;0.0
358.0;363.2;425.8;0.0
589.9;320.4;206.2;0.0
440.0;156.0;441.1;0.0
0.0;156.0;1.0;0.0
0.0;156.0;0.0;0.0
0.0;156.0;1.1;0.0
0.0;156.0;12.0;0.0
0.0;156.0;13.2;0.0
0.0;156.0;7.0;0.0
0.0;156.0;7.7;0.0
0.0;156.0;6.0;0.0
0.0;156.0;6.6;0.0
0.0;156.0;8.0;0.0
0.0;156.0;4.4;0.0
465.0;198.0;3.0;0.0
0.0;198.0;19.5;0.0
430.0;205.0;42.0;0.0
234.3;177.1;2.2;0.0
238.9;159.7;6.6;0.0
333.7;160.5;63.8;0.0
73.6;160.5;0.0;0.0
84.2;160.5;1.1;0.0
117.5;161.2;63.9;0.0
69.9;161.4;56.1;0.0
0.0;161.4;1.0;0.0
0.0;161.4;13.2;0.0
0.0;161.4;13.0;0.0
0.0;161.4;7.7;0.0
0.0;161.4;7.0;0.0
0.0;161.4;4.4;0.0
0.0;161.4;4.2;0.0
0.0;161.4;0.0;0.0
0.0;161.4;1.7;0.0
0.0;161.4;1.1;0.0
294.0;161.4;3.6;0.0
449.0;384.4;506.1;40.0
104.2;637.4;2976.7;44.0
49.4;506.0;13965.5;0.0
57.0;533.5;4723.5;0.0
53.8;529.9;9401.3;0.0
83.5;246.7;2449.1;0.0
49.9;246.7;393.2;0.0
65.0;246.7;1301.2;0.0
70.6;246.7;1106.0;0.0
81.2;246.7;1256.5;0.0
56.6;246.7;1356.1;0.0
76.8;246.7;1851.0;0.0
55.0;567.7;2303.4;0.0
60.9;569.7;4784.3;1320.0
57.3;566.1;4412.9;2560.0
54.5;247.1;3934.3;1440.0
49.3;278.4;234.8;0.0
51.0;278.7;0.6;196.0
52.1;278.7;0.8;256.0
48.2;248.2;0.3;28.0
