188.0;351.7;409.7;0.0
144.0;272.6;217.9;0.0
356.5;342.8;470.4;0.0
635.9;312.9;197.4;0.0
495.0;156.2;441.1;0.0
0.0;156.2;1.0;0.0
0.0;156.2;0.0;0.0
50.0;156.2;12.1;0.0
0.0;156.2;0.0;0.0
0.0;156.2;13.2;0.0
0.0;156.2;7.0;0.0
0.0;156.2;1.7;0.0
0.0;156.2;0.0;0.0
0.0;156.2;3.7;0.0
0.0;156.2;2.0;0.0
0.0;156.2;3.5;0.0
0.0;156.2;4.0;0.0
0.0;156.2;4.6;0.0
0.0;156.2;3.1;0.0
0.0;156.2;3.5;0.0
0.0;156.2;0.4;0.0
0.0;156.2;1.1;0.0
401.0;159.2;1.6;0.0
122.7;160.1;0.0;0.0
77.6;160.7;0.3;0.0
35.0;160.7;0.0;0.0
0.0;160.7;0.0;0.0
0.0;160.7;1.0;0.0
0.0;160.7;0.0;0.0
0.0;160.7;13.0;0.0
0.0;160.7;0.0;0.0
0.0;160.7;7.0;0.0
0.0;160.7;0.0;0.0
0.0;160.7;6.0;0.0
0.0;160.7;0.0;0.0
0.0;160.7;7.0;0.0
0.0;160.7;0.0;0.0
0.0;160.7;5.0;0.0
0.0;160.7;0.0;0.0
0.0;160.7;6.0;0.0
0.0;160.7;0.0;0.0
90.0;160.7;8.0;0.0
511.0;160.7;0.0;0.0
398.0;160.7;11.0;0.0
0.0;160.7;0.0;0.0
0.0;160.7;2.0;0.0
0.0;160.7;0.0;0.0
0.0;160.7;25.0;0.0
0.0;160.7;0.0;0.0
0.0;160.7;7.0;0.0
0.0;160.7;0.0;0.0
0.0;160.7;6.0;0.0
0.0;160.7;0.0;0.0
0.0;160.7;4.0;0.0
0.0;160.7;7.0;0.0
0.0;160.7;6.0;0.0
0.0;160.7;6.0;0.0
0.0;160.7;5.0;0.0
0.0;160.7;7.0;0.0
693.0;160.7;5.0;0.0
95.0;160.7;5.0;0.0
0.0;160.7;4.0;0.0
0.0;160.7;1.0;0.0
0.0;160.7;4.0;0.0
0.0;160.7;2.0;0.0
0.0;160.7;5.0;0.0
444.0;309.7;176.0;40.0
484.0;700.7;1910.0;0.0
496.0;1009.7;5105.0;0.0
501.0;1112.7;4652.0;0.0
496.0;1323.7;22.0;1320.0
499.0;1323.7;6.0;1920.0
499.0;1019.7;5.0;1280.0
0.0;160.7;0.0;0.0
0.0;160.7;0.0;0.0
0.0;160.7;0.0;0.0
0.0;160.7;0.1;0.0
0.0;160.7;0.0;0.0
0.0;160.7;1.2;0.0
0.0;160.7;0.0;0.0
0.0;160.7;0.7;0.0
0.0;160.7;0.0;0.0
0.0;160.7;0.6;0.0
0.0;160.7;0.0;0.0
0.0;160.7;0.4;0.0
0.0;160.7;0.0;0.0
0.0;160.7;0.5;0.0
0.0;160.7;0.0;0.0
0.0;160.7;0.6;0.0
0.0;160.7;0.0;0.0
40.1;161.2;0.7;0.0
39.0;161.2;1.1;0.0
0.0;161.2;0.0;0.0
0.0;161.2;0.2;0.0
0.0;161.2;0.0;0.0
0.0;161.2;2.5;0.0
0.0;161.2;0.0;0.0
4.8;161.2;1.4;0.0
0.0;161.2;0.0;0.0
0.0;161.2;1.1;0.0
