102.2;254.6;284.9;0.0
74.0;139.3;635.4;0.0
261.9;306.5;436.2;0.0
445.0;156.0;422.1;0.0
0.0;156.0;0.0;0.0
0.0;156.0;0.1;0.0
0.0;156.0;0.0;0.0
0.0;156.0;13.0;0.0
0.0;156.0;13.2;0.0
0.0;156.0;7.0;0.0
0.0;156.0;7.7;0.0
0.0;156.0;6.0;0.0
0.0;156.0;5.5;0.0
0.0;156.0;6.0;0.0
0.0;156.0;2.4;0.0
0.0;156.0;0.0;0.0
0.0;156.0;3.4;0.0
0.0;156.0;0.0;0.0
0.0;156.0;1.4;0.0
0.0;156.0;0.0;0.0
0.0;185.0;2.4;0.0
499.0;200.0;2.2;0.0
57.2;160.0;5.5;0.0
78.0;160.3;3.0;0.0
301.0;160.3;0.0;0.0
493.9;160.8;3.3;0.0
50.0;160.8;1.0;0.0
0.0;160.8;1.1;0.0
0.0;160.8;13.0;0.0
0.0;160.8;13.2;0.0
0.0;160.8;7.0;0.0
0.0;160.8;7.7;0.0
0.0;160.8;6.0;0.0
0.0;160.8;6.6;0.0
0.0;160.8;4.0;0.0
0.0;160.8;5.5;0.0
0.0;160.8;6.0;0.0
0.0;160.8;5.5;0.0
0.0;160.8;5.0;0.0
52.8;160.8;6.6;0.0
0.0;160.8;6.0;0.0
55.0;161.3;6.6;0.0
145.6;161.3;4.0;0.0
100.0;161.3;0.0;0.0
264.0;161.3;1.1;0.0
0.0;161.3;0.0;0.0
0.0;161.3;0.2;0.0
0.0;161.3;0.0;0.0
55.0;161.3;20.4;0.0
50.0;161.3;21.0;0.0
0.0;161.3;15.4;0.0
0.0;161.3;14.0;0.0
0.0;161.3;9.9;0.0
0.0;161.3;10.0;0.0
0.0;161.3;9.9;0.0
0.0;161.3;7.0;0.0
0.0;161.3;7.8;0.0
0.0;161.3;7.0;0.0
0.0;161.3;9.9;0.0
0.0;161.3;11.0;0.0
240.9;161.8;12.1;0.0
550.0;162.3;9.0;0.0
266.2;162.6;0.6;0.0
614.3;1394.9;12946.7;4.0
1216.7;276.9;11755.8;2860.0
72.6;276.9;4.6;1432.0
98.9;1105.9;7.3;3092.0
