61.6;233.9;861.6;0.0
178.8;346.5;265.5;0.0
425.9;156.1;515.8;0.0
0.0;156.1;20.0;0.0
0.0;156.1;1.1;0.0
0.0;156.1;1.0;0.0
0.0;156.1;14.3;0.0
0.0;156.1;13.0;0.0
55.0;156.1;7.7;0.0
0.0;156.1;7.0;0.0
0.0;156.1;6.6;0.0
0.0;156.1;6.0;0.0
0.0;156.1;6.6;0.0
0.0;156.1;4.0;0.0
0.0;156.1;4.4;0.0
0.0;156.1;4.0;0.0
0.0;156.1;5.5;0.0
50.0;156.1;6.0;0.0
0.0;156.1;5.5;0.0
0.0;156.1;6.0;0.0
244.2;193.7;5.5;0.0
396.9;160.5;7.0;0.0
191.0;160.5;3.3;0.0
478.0;160.5;0.0;0.0
520.0;160.5;2.1;0.0
0.0;160.5;0.0;0.0
0.0;160.5;13.3;0.0
0.0;160.5;0.0;0.0
55.0;160.5;6.7;0.0
0.0;160.5;0.0;0.0
0.0;160.5;1.6;0.0
0.0;160.5;0.0;0.0
0.0;160.5;1.5;0.0
0.0;160.5;0.0;0.0
0.0;160.5;0.5;0.0
0.0;160.5;0.0;0.0
0.0;160.5;2.6;0.0
0.0;160.5;0.0;0.0
272.8;160.8;1.6;0.0
530.2;160.8;0.0;0.0
605.0;160.8;7.1;0.0
165.0;160.8;0.0;0.0
364.0;160.8;0.2;0.0
480.0;160.8;0.0;0.0
590.0;160.8;8.8;0.0
0.0;160.8;8.8;0.0
0.0;160.8;5.7;0.0
0.0;160.8;7.7;0.0
0.0;160.8;24.2;0.0
0.0;160.8;8.8;0.0
0.0;160.8;9.5;0.0
0.0;160.8;4.4;0.0
0.0;160.8;6.5;0.0
0.0;160.8;4.4;0.0
0.0;160.8;2.5;0.0
0.0;160.8;6.6;0.0
55.0;161.6;3.6;0.0
768.9;161.7;6.6;0.0
55.0;161.7;10.0;0.0
495.0;252.7;176.0;44.0
495.0;743.3;1674.0;0.0
581.9;1085.4;4648.6;0.0
391.0;1081.4;3584.4;0.0
451.0;1417.4;2918.3;0.0
563.2;1420.7;6.6;2156.0
550.0;1420.7;6.6;2112.0
550.0;1085.2;3.3;484.0
