145.3;242.9;284.5;480.0
57.7;206.9;295.4;1160.0
270.7;254.3;429.2;0.0
330.9;282.2;76.1;0.0
149.0;156.2;312.0;80.0
0.0;156.2;1.1;0.0
0.0;156.2;1.0;0.0
0.0;156.2;14.3;0.0
50.0;156.2;13.0;0.0
0.0;156.2;7.7;0.0
0.0;156.2;7.0;0.0
0.0;156.2;6.6;0.0
0.0;156.2;5.1;0.0
0.0;156.2;4.4;0.0
0.0;156.2;5.1;0.0
0.0;156.2;5.5;0.0
0.0;156.2;4.1;0.0
0.0;156.2;4.4;0.0
0.0;156.2;3.2;0.0
0.0;156.2;6.6;0.0
0.0;156.2;5.0;0.0
108.9;197.0;6.6;0.0
324.0;160.0;6.0;0.0
50.0;160.3;0.0;0.0
71.9;160.9;3.3;0.0
494.0;160.9;3.0;0.0
0.0;160.9;1.1;0.0
0.0;160.9;1.0;0.0
0.0;160.9;14.3;0.0
0.0;160.9;13.0;0.0
0.0;160.9;7.7;0.0
0.0;160.9;7.0;0.0
0.0;160.9;6.6;0.0
0.0;160.9;7.0;0.0
0.0;160.9;4.4;0.0
0.0;160.9;4.0;0.0
0.0;160.9;6.6;0.0
50.0;160.9;4.0;0.0
0.0;160.9;6.6;0.0
0.0;160.9;5.0;0.0
188.1;161.2;7.7;0.0
235.1;161.2;6.0;0.0
96.9;161.2;12.1;0.0
445.0;161.2;11.0;0.0
0.0;161.2;0.0;0.0
0.0;161.2;2.0;0.0
0.0;161.2;0.0;0.0
0.0;161.2;26.0;0.0
0.0;161.2;0.0;0.0
0.0;161.2;14.0;0.0
0.0;161.2;0.0;0.0
0.0;161.2;11.0;0.0
0.0;161.2;0.0;0.0
0.0;161.2;9.0;0.0
0.0;161.2;0.0;0.0
0.0;161.2;8.0;0.0
0.0;161.2;0.0;0.0
0.0;161.2;8.0;0.0
0.0;161.2;1.0;0.0
0.0;161.2;6.0;0.0
490.0;161.2;8.0;0.0
291.0;161.2;4.0;0.0
0.0;161.2;0.0;0.0
199.0;178.2;7.0;0.0
498.0;392.2;530.0;40.0
515.0;1011.2;5061.0;0.0
495.0;1011.2;3592.0;0.0
483.0;1317.2;2637.0;0.0
519.0;1325.2;20.0;1320.0
517.0;1325.2;8.0;2560.0
502.0;372.2;3.0;640.0
0.0;161.2;0.0;0.0
0.0;161.2;0.0;0.0
0.0;161.2;0.0;0.0
0.0;161.2;0.0;0.0
0.0;161.2;0.0;0.0
0.0;161.2;0.0;0.0
0.0;161.2;0.0;0.0
0.0;161.2;0.0;0.0
0.0;161.2;0.0;0.0
0.0;161.2;0.0;0.0
0.0;161.2;0.0;0.0
0.0;161.2;0.0;0.0
0.0;161.2;0.0;0.0
0.0;161.2;0.0;0.0
0.0;161.2;0.0;0.0
0.0;161.2;0.0;0.0
0.0;161.2;0.0;0.0
0.0;161.2;0.0;0.0
0.0;161.2;0.0;0.0
0.0;161.2;0.0;0.0
0.0;161.2;0.0;0.0
0.0;161.2;0.0;0.0
0.0;161.2;0.2;0.0
0.0;161.2;0.0;0.0
0.0;161.2;0.0;0.0
0.0;161.2;2.5;0.0
0.0;161.2;0.0;0.0
0.0;161.2;1.4;0.0
0.0;161.2;0.0;0.0
