68.1;196.3;371.0;0.0
62.5;206.5;98.0;0.0
234.8;202.2;475.2;0.0
388.6;230.1;78.8;0.0
106.7;156.7;188.1;0.0
0.0;156.7;0.0;0.0
0.0;156.7;1.1;0.0
0.0;156.7;0.0;0.0
0.0;156.7;14.3;0.0
0.0;156.7;0.0;0.0
0.0;156.7;7.7;0.0
0.0;156.7;0.0;0.0
0.0;156.7;6.6;0.0
0.0;156.7;0.0;0.0
0.0;156.7;5.5;0.0
0.0;156.7;0.0;0.0
0.0;156.7;5.5;0.0
0.0;156.7;0.0;0.0
0.0;156.7;7.7;0.0
0.0;156.7;0.0;0.0
0.0;156.7;5.5;0.0
0.0;156.7;0.0;0.0
254.1;199.2;5.5;0.0
497.2;201.4;0.0;0.0
656.7;209.1;3.3;0.0
385.0;209.1;0.0;0.0
0.0;209.1;0.0;0.0
0.0;209.1;1.1;0.0
0.0;209.1;0.0;0.0
0.0;209.1;14.3;0.0
0.0;209.1;0.0;0.0
0.0;209.1;7.7;0.0
0.0;209.1;0.0;0.0
0.0;209.1;6.6;0.0
0.0;209.1;0.0;0.0
0.0;209.1;4.4;0.0
0.0;209.1;0.0;0.0
0.0;209.1;5.5;0.0
0.0;209.1;0.0;0.0
0.0;209.1;7.7;0.0
0.0;209.1;0.0;0.0
352.0;212.4;6.6;0.0
514.8;212.4;1.0;0.0
435.6;212.4;12.1;0.0
0.0;212.4;13.0;0.0
0.0;212.4;2.2;0.0
0.0;212.4;7.0;0.0
0.0;212.4;28.6;0.0
0.0;212.4;6.0;0.0
0.0;212.4;15.4;0.0
0.0;212.4;5.0;0.0
55.0;212.4;12.1;0.0
0.0;212.4;4.0;0.0
0.0;212.4;9.9;0.0
0.0;212.4;7.0;0.0
0.0;212.4;8.8;0.0
0.0;212.4;3.1;0.0
0.0;212.4;7.9;0.0
0.0;212.4;3.2;0.0
107.5;162.3;11.1;0.0
118.5;162.7;2.5;0.0
495.0;313.2;179.3;44.0
511.5;1089.8;4690.5;0.0
550.0;1089.8;3303.3;0.0
509.9;1089.8;3866.6;0.0
550.0;1430.8;975.7;0.0
555.5;1430.8;1.6;2156.0
561.0;1430.8;6.6;2112.0
541.2;417.7;2.3;528.0
