59.5;190.6;337.1;0.0
50.0;224.2;145.1;0.0
102.5;198.5;540.5;0.0
409.9;241.9;155.9;0.0
110.0;156.0;221.1;0.0
0.0;156.0;1.0;0.0
0.0;156.0;1.1;0.0
0.0;156.0;13.0;0.0
0.0;156.0;13.2;0.0
0.0;156.0;7.0;0.0
0.0;156.0;7.7;0.0
0.0;156.0;6.0;0.0
0.0;156.0;6.6;0.0
0.0;156.0;4.0;0.0
0.0;156.0;4.4;0.0
0.0;156.0;0.0;0.0
0.0;156.0;1.4;0.0
0.0;156.0;0.0;0.0
0.0;156.0;0.5;0.0
0.0;156.0;0.0;0.0
0.0;156.0;2.7;0.0
0.0;156.0;0.0;0.0
255.3;160.1;2.5;0.0
50.0;160.1;0.0;0.0
65.8;160.3;3.0;0.0
186.7;161.0;3.3;0.0
0.0;161.0;0.0;0.0
0.0;161.0;0.1;0.0
0.0;161.0;0.0;0.0
0.0;161.0;2.3;0.0
0.0;161.0;0.0;0.0
0.0;161.0;0.7;0.0
0.0;161.0;0.0;0.0
0.0;161.0;1.5;0.0
0.0;161.0;0.0;0.0
0.0;161.0;0.6;0.0
0.0;161.0;0.0;0.0
0.0;161.0;2.8;0.0
0.0;161.0;0.0;0.0
0.0;161.0;3.9;0.0
0.0;161.0;0.0;0.0
306.0;161.2;1.8;0.0
69.0;161.3;0.0;0.0
97.5;161.3;11.0;0.0
600.6;161.3;12.1;0.0
0.0;161.3;0.0;0.0
0.0;161.3;0.2;0.0
0.0;161.3;0.0;0.0
0.0;161.3;14.3;0.0
0.0;161.3;0.0;0.0
0.0;161.3;7.7;0.0
0.0;161.3;0.0;0.0
110.0;161.3;9.8;0.0
0.0;161.3;0.0;0.0
0.0;161.3;1.1;0.0
0.0;161.3;0.0;0.0
0.0;161.3;2.0;0.0
0.0;161.3;0.0;0.0
50.0;161.3;4.1;0.0
0.0;161.3;0.0;0.0
138.0;161.3;4.0;0.0
599.0;161.3;7.7;0.0
215.6;162.2;4.8;0.0
51.7;162.2;0.4;0.0
282.2;245.8;41.1;4.0
68.2;585.7;8005.3;0.0
111.5;341.9;6803.4;1452.0
135.0;276.9;15.6;832.0
97.0;549.6;0.7;628.0
