106.2;325.9;1220.0;0.0
299.5;492.2;354.8;0.0
763.0;356.2;750.3;0.0
542.3;156.3;495.0;0.0
0.0;156.3;1.0;0.0
0.0;156.3;0.0;0.0
0.0;156.3;11.1;0.0
0.0;156.3;0.0;0.0
0.0;156.3;3.4;0.0
0.0;156.3;0.0;0.0
0.0;156.3;5.0;0.0
0.0;156.3;0.0;0.0
0.0;156.3;4.0;0.0
0.0;156.3;1.0;0.0
0.0;156.3;2.0;0.0
0.0;156.3;4.0;0.0
0.0;156.3;1.0;0.0
0.0;156.3;4.0;0.0
0.0;156.3;2.0;0.0
0.0;156.3;3.0;0.0
0.0;156.3;8.8;0.0
0.0;156.3;4.0;0.0
0.0;156.3;7.7;0.0
335.0;193.3;6.0;0.0
500.0;193.3;4.4;0.0
506.0;196.3;0.0;0.0
400.0;202.3;0.3;0.0
0.0;202.3;0.0;0.0
0.0;202.3;3.4;0.0
0.0;202.3;0.0;0.0
0.0;202.3;7.5;0.0
0.0;202.3;0.0;0.0
0.0;202.3;4.3;0.0
0.0;202.3;0.0;0.0
0.0;202.3;0.5;0.0
0.0;202.3;0.0;0.0
0.0;202.3;0.4;0.0
0.0;202.3;0.0;0.0
110.0;159.5;2.6;0.0
550.0;160.1;0.0;0.0
537.9;160.3;4.0;0.0
540.1;160.3;0.0;0.0
79.0;161.0;1.3;0.0
509.0;161.0;11.0;0.0
0.0;161.0;1.1;0.0
0.0;161.0;2.0;0.0
0.0;161.0;14.3;0.0
0.0;161.0;26.0;0.0
0.0;161.0;7.7;0.0
50.0;161.0;7.0;0.0
0.0;161.0;0.7;0.0
0.0;161.0;5.0;0.0
0.0;161.0;0.5;0.0
0.0;161.0;4.0;0.0
0.0;161.0;2.4;0.0
0.0;161.0;3.0;0.0
0.0;161.0;0.4;0.0
0.0;161.0;4.0;0.0
0.0;161.0;1.5;0.0
492.8;161.3;2.2;0.0
547.8;161.3;9.0;0.0
679.8;161.3;12.1;0.0
835.0;161.3;12.0;0.0
539.0;385.3;505.2;40.0
482.0;1001.3;3963.0;0.0
512.0;1006.3;3728.6;0.0
518.0;1151.3;3567.0;0.0
499.0;1318.3;9.4;1320.0
505.0;1318.3;8.0;2560.0
475.0;1001.3;6.0;720.0
0.0;161.3;0.0;0.0
0.0;161.3;0.4;0.0
0.0;161.3;0.3;0.0
0.0;161.3;0.4;0.0
0.0;161.3;0.4;0.0
0.0;161.3;0.4;0.0
0.0;161.3;0.7;0.0
0.0;161.3;0.1;0.0
61.3;162.2;1.0;0.0
15.0;162.2;0.5;0.0
14.2;162.5;0.1;0.0
46.9;183.6;53.1;4.0
48.5;245.6;462.7;0.0
50.5;276.6;668.1;68.0
52.0;276.6;1.0;320.0
50.5;246.3;0.3;40.0
