201.0;164.1;158.2;0.0
50.0;128.1;224.0;0.0
276.4;196.1;335.6;0.0
217.0;276.8;155.3;0.0
273.9;156.5;387.2;0.0
0.0;156.5;0.0;0.0
0.0;156.5;0.1;0.0
0.0;156.5;0.0;0.0
0.0;156.5;1.3;0.0
0.0;156.5;0.0;0.0
0.0;156.5;0.7;0.0
0.0;156.5;0.0;0.0
0.0;156.5;1.7;0.0
0.0;156.5;0.0;0.0
0.0;156.5;0.4;0.0
0.0;156.5;0.0;0.0
0.0;156.5;1.4;0.0
0.0;156.5;0.0;0.0
0.0;156.5;1.5;0.0
0.0;156.5;0.0;0.0
0.0;156.5;1.6;0.0
0.0;156.5;0.0;0.0
139.0;159.6;2.7;0.0
49.4;160.2;0.0;0.0
64.1;160.5;0.0;0.0
257.0;160.5;3.0;0.0
495.0;161.1;3.3;0.0
0.0;161.1;1.0;0.0
0.0;161.1;1.1;0.0
0.0;161.1;13.0;0.0
0.0;161.1;13.2;0.0
0.0;161.1;7.0;0.0
0.0;161.1;7.7;0.0
0.0;161.1;6.0;0.0
55.0;161.1;6.6;0.0
0.0;161.1;5.0;0.0
0.0;161.1;6.6;0.0
0.0;161.1;5.0;0.0
0.0;161.1;3.3;0.0
0.0;161.1;6.0;0.0
0.0;161.1;5.5;0.0
291.0;161.1;8.0;0.0
277.2;161.5;8.8;0.0
100.0;161.5;11.0;0.0
600.6;161.5;12.1;0.0
107.8;161.5;2.0;0.0
0.0;161.5;0.0;0.0
0.0;161.5;24.0;0.0
0.0;161.5;0.0;0.0
0.0;161.5;14.0;0.0
0.0;161.5;0.0;0.0
0.0;161.5;11.0;0.0
0.0;161.5;0.0;0.0
0.0;161.5;4.0;0.0
0.0;161.5;4.0;0.0
0.0;161.5;4.0;0.0
0.0;161.5;4.0;0.0
0.0;161.5;2.0;0.0
0.0;161.5;9.0;0.0
0.0;161.5;4.0;0.0
639.0;161.5;8.0;0.0
0.0;161.5;6.0;0.0
499.0;285.5;162.0;40.0
510.0;1002.5;4604.0;0.0
478.0;1008.5;3330.0;0.0
518.0;1285.5;3741.0;0.0
526.0;1321.5;22.0;1320.0
470.0;1321.5;8.0;2560.0
533.0;1017.5;3.0;640.0
0.0;161.5;0.0;0.0
0.0;161.5;0.0;0.0
0.0;161.5;0.0;0.0
0.0;161.5;0.0;0.0
0.0;161.5;0.0;0.0
0.0;161.5;0.0;0.0
0.0;161.5;0.0;0.0
0.0;161.5;0.0;0.0
0.0;161.5;0.0;0.0
0.0;161.5;0.0;0.0
0.0;161.5;0.0;0.0
0.0;161.5;0.0;0.0
0.0;161.5;0.0;0.0
0.0;161.5;0.0;0.0
0.0;161.5;0.0;0.0
0.0;161.5;0.0;0.0
0.0;161.5;0.0;0.0
0.0;161.5;0.0;0.0
0.0;161.5;0.0;0.0
0.0;161.5;0.0;0.0
0.0;161.5;0.0;0.0
0.0;161.5;0.0;0.0
0.0;161.5;0.0;0.0
0.0;161.5;0.0;0.0
0.0;161.5;0.0;0.0
0.0;161.5;0.0;0.0
0.0;161.5;0.0;0.0
0.0;161.5;0.2;0.0
0.0;161.5;0.0;0.0
0.0;161.5;1.3;0.0
0.0;161.5;1.2;0.0
