144.9;305.0;332.4;4520.0
106.9;225.3;266.2;80.0
447.9;367.7;249.2;8320.0
393.0;335.4;191.1;5720.0
399.0;156.4;401.0;0.0
0.0;156.4;0.0;0.0
55.0;156.4;0.1;0.0
0.0;156.4;0.0;0.0
0.0;156.4;9.3;0.0
48.0;156.4;8.0;0.0
0.0;156.4;7.7;0.0
0.0;156.4;7.0;0.0
0.0;156.4;6.6;0.0
0.0;156.4;4.0;0.0
0.0;156.4;6.6;0.0
0.0;156.4;4.0;0.0
0.0;156.4;7.7;0.0
0.0;156.4;6.0;0.0
0.0;156.4;6.6;0.0
0.0;156.4;6.0;0.0
0.0;156.4;6.6;0.0
0.0;156.4;4.0;0.0
273.9;198.0;6.6;0.0
444.5;160.0;5.0;0.0
50.0;160.2;0.0;0.0
111.6;160.8;3.3;0.0
500.0;160.8;3.0;0.0
0.0;160.8;1.1;0.0
0.0;160.8;1.0;0.0
0.0;160.8;14.3;0.0
0.0;160.8;13.0;0.0
55.0;160.8;7.7;0.0
0.0;160.8;7.0;0.0
0.0;160.8;5.5;0.0
0.0;160.8;5.0;0.0
0.0;160.8;5.5;0.0
0.0;160.8;5.0;0.0
0.0;160.8;4.4;0.0
0.0;160.8;0.0;0.0
0.0;160.8;1.5;0.0
0.0;160.8;0.0;0.0
268.4;161.1;2.7;0.0
522.5;161.1;0.0;0.0
350.8;161.1;5.1;0.0
513.0;161.1;0.0;0.0
507.0;161.1;9.2;0.0
0.0;161.1;0.0;0.0
0.0;161.1;25.5;0.0
0.0;161.1;0.0;0.0
0.0;161.1;12.4;0.0
0.0;161.1;0.0;0.0
53.9;161.1;4.1;0.0
0.0;161.1;0.0;0.0
0.0;161.1;1.9;0.0
0.0;161.1;0.0;0.0
0.0;161.1;3.1;0.0
0.0;161.1;0.0;0.0
0.0;161.1;4.1;0.0
0.0;161.1;0.0;0.0
463.1;162.0;3.2;0.0
385.0;162.0;0.0;0.0
409.2;316.4;179.1;44.0
102.6;739.6;2696.5;0.0
498.9;1416.5;10108.4;0.0
94.6;585.7;9718.4;1412.0
124.6;276.7;2109.8;2136.0
109.4;338.3;10.5;3308.0
