95.9;244.1;303.1;240.0
131.9;138.3;595.2;120.0
113.9;164.8;57.2;0.0
349.9;156.6;64.1;0.0
0.0;156.6;0.0;0.0
0.0;156.6;1.0;0.0
0.0;156.6;1.1;0.0
0.0;156.6;12.0;0.0
0.0;156.6;13.2;0.0
0.0;156.6;7.0;0.0
0.0;156.6;7.7;0.0
0.0;156.6;5.0;0.0
0.0;156.6;5.5;0.0
0.0;156.6;3.0;0.0
0.0;156.6;0.4;0.0
0.0;156.6;3.0;0.0
450.0;190.6;2.6;0.0
524.0;192.6;0.0;0.0
500.0;192.6;5.5;0.0
498.0;199.6;3.0;0.0
0.0;199.6;6.6;0.0
0.0;199.6;1.0;0.0
385.0;160.5;6.6;0.0
499.8;160.5;13.0;0.0
540.1;160.8;0.0;0.0
573.1;161.4;4.3;1848.0
0.0;161.4;0.0;0.0
0.0;161.4;7.0;0.0
0.0;161.4;1.1;0.0
0.0;161.4;7.0;0.0
0.0;161.4;14.3;0.0
0.0;161.4;8.0;0.0
498.0;161.4;7.7;0.0
483.0;161.4;0.0;0.0
499.0;161.4;5.6;0.0
0.0;161.4;0.0;0.0
0.0;161.4;4.6;0.0
0.0;161.4;0.0;0.0
0.0;161.4;19.6;0.0
0.0;161.4;0.0;0.0
0.0;161.4;8.6;0.0
0.0;161.4;0.0;0.0
397.1;161.7;4.6;0.0
580.8;161.7;0.0;0.0
385.0;161.7;4.1;0.0
0.0;161.7;0.0;0.0
249.0;161.7;13.2;0.0
824.0;229.7;128.0;40.0
492.9;1313.7;11680.5;240.0
498.0;1316.7;4.0;1320.0
494.0;1316.7;9.4;1920.0
475.0;1011.7;7.0;1680.0
0.0;161.7;1.1;0.0
0.0;161.7;0.0;0.0
0.0;161.7;1.1;0.0
0.0;161.7;0.0;0.0
0.0;161.7;0.8;0.0
0.0;161.7;0.2;0.0
0.0;161.7;0.8;0.0
0.0;161.7;0.5;0.0
64.5;162.6;0.7;0.0
10.0;162.6;0.0;0.0
40.0;171.0;14.0;4.0
55.0;215.2;153.6;0.0
49.6;245.8;390.4;0.0
50.0;246.2;320.2;0.0
50.0;277.2;303.1;0.0
50.0;277.5;0.4;132.0
48.7;277.5;0.6;192.0
50.0;247.0;0.7;164.0
