95.8;100.6;78.3;0.0
50.0;114.3;91.2;0.0
140.8;138.7;55.2;0.0
88.0;156.5;40.1;0.0
0.0;156.5;0.0;0.0
0.0;156.5;1.0;0.0
0.0;156.5;1.1;0.0
0.0;156.5;0.0;0.0
55.0;156.5;1.3;0.0
0.0;156.5;0.0;0.0
0.0;156.5;0.7;0.0
0.0;156.5;0.0;0.0
0.0;156.5;0.6;0.0
0.0;156.5;0.0;0.0
0.0;156.5;2.3;0.0
0.0;156.5;0.0;0.0
0.0;156.5;2.6;0.0
0.0;156.5;4.4;0.0
0.0;156.5;4.1;0.0
0.0;156.5;0.0;0.0
0.0;156.5;1.6;0.0
0.0;156.5;1.1;0.0
270.4;160.0;5.3;0.0
72.6;160.9;0.0;0.0
124.0;160.9;0.3;0.0
0.0;160.9;0.0;0.0
0.0;160.9;0.1;0.0
0.0;160.9;0.0;0.0
0.0;160.9;1.2;0.0
0.0;160.9;7.0;0.0
0.0;160.9;7.7;0.0
0.0;160.9;6.0;0.0
0.0;160.9;4.4;0.0
0.0;160.9;5.0;0.0
0.0;160.9;6.6;0.0
0.0;160.9;7.0;0.0
0.0;160.9;5.5;0.0
0.0;160.9;6.0;0.0
53.9;160.9;6.6;0.0
0.0;160.9;6.0;0.0
326.7;161.1;5.6;0.0
422.2;161.1;3.0;0.0
49.9;161.1;12.1;0.0
545.0;161.1;11.0;0.0
99.0;161.1;2.2;0.0
0.0;161.1;2.0;0.0
0.0;161.1;28.6;0.0
0.0;161.1;25.0;0.0
0.0;161.1;15.4;0.0
0.0;161.1;14.0;0.0
0.0;161.1;12.1;0.0
0.0;161.1;12.0;0.0
0.0;161.1;9.9;0.0
0.0;161.1;4.0;0.0
55.0;161.1;7.0;0.0
0.0;161.1;4.0;0.0
0.0;161.1;8.1;0.0
0.0;161.1;5.0;0.0
440.0;162.0;9.2;0.0
328.9;162.0;5.0;0.0
285.5;307.5;176.6;44.0
301.0;1380.5;12753.7;40.0
113.0;1206.8;448.4;1452.0
80.0;591.8;4221.8;2816.0
88.1;820.9;4419.5;748.0
