45.0;102.8;62.8;0.0
45.0;107.0;194.4;0.0
122.3;129.0;157.3;0.0
116.8;143.5;35.0;0.0
19.9;156.1;69.4;0.0
0.0;156.1;0.0;0.0
0.0;156.1;0.1;0.0
0.0;156.1;0.0;0.0
0.0;156.1;2.4;0.0
0.0;156.1;0.0;0.0
0.0;156.1;0.7;0.0
0.0;156.1;0.0;0.0
0.0;156.1;3.4;0.0
0.0;156.1;0.0;0.0
0.0;156.1;0.4;0.0
0.0;156.1;0.0;0.0
0.0;156.1;4.4;0.0
0.0;156.1;5.0;0.0
0.0;156.1;6.6;0.0
0.0;156.1;5.0;0.0
0.0;156.1;4.4;0.0
0.0;156.1;5.0;0.0
246.4;195.1;6.6;0.0
118.9;160.1;6.0;0.0
66.9;160.3;0.0;0.0
77.1;161.0;3.3;0.0
400.0;161.0;3.0;0.0
0.0;161.0;1.1;0.0
0.0;161.0;1.0;0.0
55.0;161.0;13.2;0.0
0.0;161.0;13.0;0.0
0.0;161.0;7.7;0.0
0.0;161.0;7.0;0.0
0.0;161.0;7.7;0.0
0.0;161.0;6.0;0.0
0.0;161.0;5.5;0.0
0.0;161.0;5.0;0.0
0.0;161.0;5.5;0.0
0.0;161.0;6.0;0.0
0.0;161.0;5.5;0.0
0.0;161.0;6.0;0.0
55.0;161.3;5.5;0.0
318.7;161.3;8.0;0.0
93.2;161.3;0.0;0.0
90.0;161.3;1.1;0.0
0.0;161.3;0.0;0.0
0.0;161.3;0.2;0.0
0.0;161.3;0.0;0.0
0.0;161.3;2.4;0.0
0.0;161.3;0.0;0.0
0.0;161.3;1.4;0.0
0.0;161.3;0.0;0.0
0.0;161.3;1.0;0.0
0.0;161.3;1.0;0.0
0.0;161.3;5.1;0.0
0.0;161.3;0.0;0.0
0.0;161.3;3.1;0.0
0.0;161.3;0.0;0.0
49.0;161.3;9.6;0.0
0.0;161.3;1.0;0.0
367.2;161.8;6.3;0.0
462.8;162.3;3.0;0.0
385.0;233.7;172.8;44.0
547.8;739.7;1155.4;0.0
101.1;997.9;4213.6;40.0
88.2;556.9;8679.6;0.0
62.0;351.0;3638.1;1320.0
64.0;277.2;18.2;732.0
70.0;581.2;1.6;952.0
51.0;246.7;0.5;116.0
