51.0;119.7;162.0;0.0
102.7;107.0;182.6;0.0
190.7;178.3;189.5;0.0
170.8;257.4;165.2;0.0
220.0;156.2;329.8;0.0
0.0;156.2;0.0;0.0
0.0;156.2;0.1;0.0
0.0;156.2;0.0;0.0
50.0;156.2;1.3;0.0
0.0;156.2;0.0;0.0
0.0;156.2;7.7;0.0
0.0;156.2;0.0;0.0
0.0;156.2;6.6;0.0
0.0;156.2;0.0;0.0
0.0;156.2;3.3;0.0
0.0;156.2;7.0;0.0
0.0;156.2;4.4;0.0
0.0;156.2;4.0;0.0
0.0;156.2;6.6;0.0
0.0;156.2;5.0;0.0
0.0;156.2;6.6;0.0
0.0;156.2;3.0;0.0
55.0;177.3;7.7;0.0
530.2;198.2;2.0;0.0
561.0;201.5;0.0;0.0
602.8;209.2;5.0;0.0
381.7;209.2;3.3;0.0
0.0;209.2;4.0;0.0
0.0;209.2;1.1;0.0
50.0;161.2;6.0;0.0
499.0;161.2;13.2;0.0
495.0;161.2;0.0;0.0
519.0;161.2;4.7;0.0
0.0;161.2;0.0;0.0
0.0;161.2;5.6;0.0
0.0;161.2;0.0;0.0
0.0;161.2;8.4;0.0
0.0;161.2;0.0;0.0
0.0;161.2;1.6;0.0
0.0;161.2;0.0;0.0
0.0;161.2;1.7;0.0
0.0;161.2;0.0;0.0
55.0;161.4;4.8;0.0
547.8;161.5;0.0;0.0
550.0;161.5;7.0;0.0
495.0;161.5;12.1;0.0
0.0;161.5;6.0;0.0
0.0;161.5;2.2;0.0
315.0;161.5;6.0;0.0
520.0;161.5;28.6;0.0
497.0;161.5;11.0;0.0
0.0;161.5;15.4;0.0
0.0;161.5;2.0;0.0
55.0;161.5;12.1;0.0
0.0;161.5;13.0;0.0
0.0;161.5;1.2;0.0
0.0;161.5;7.0;0.0
0.0;161.5;14.3;0.0
0.0;161.5;12.0;0.0
0.0;161.5;11.0;0.0
0.0;161.5;9.0;0.0
0.0;161.5;12.1;0.0
676.5;162.4;7.3;0.0
385.0;192.6;138.6;44.0
578.6;409.3;439.9;0.0
543.4;1429.0;11910.8;0.0
522.5;1432.3;6.4;1452.0
539.0;1432.3;6.6;2112.0
136.1;387.5;6.5;1188.0
