100.9;112.6;135.2;0.0
92.0;162.4;91.4;0.0
142.9;138.6;122.2;0.0
40.0;156.3;40.1;0.0
0.0;156.3;0.0;0.0
0.0;156.3;1.0;0.0
53.9;156.3;1.1;0.0
0.0;156.3;0.0;0.0
0.0;156.3;1.3;0.0
0.0;156.3;0.0;0.0
0.0;156.3;0.7;0.0
0.0;156.3;0.0;0.0
0.0;156.3;1.5;0.0
0.0;156.3;1.0;0.0
0.0;156.3;2.6;0.0
0.0;156.3;0.0;0.0
0.0;156.3;0.5;0.0
0.0;156.3;3.3;0.0
0.0;156.3;4.1;0.0
0.0;156.3;5.5;0.0
0.0;156.3;4.0;0.0
140.8;195.0;6.6;0.0
77.0;160.3;6.0;0.0
249.3;160.9;3.0;0.0
382.8;160.9;3.3;0.0
0.0;160.9;1.0;0.0
0.0;160.9;1.1;0.0
0.0;160.9;13.0;0.0
55.0;160.9;14.3;0.0
0.0;160.9;7.0;0.0
0.0;160.9;7.7;0.0
0.0;160.9;5.0;0.0
0.0;160.9;6.6;0.0
0.0;160.9;6.0;0.0
0.0;160.9;5.5;0.0
0.0;160.9;5.1;0.0
0.0;160.9;6.6;0.0
0.0;160.9;0.5;0.0
0.0;160.9;3.3;0.0
0.0;160.9;3.7;0.0
395.8;161.2;1.2;0.0
99.4;161.2;0.0;0.0
146.2;161.2;2.9;0.0
385.0;161.2;2.2;0.0
0.0;161.2;2.0;0.0
0.0;161.2;2.2;0.0
0.0;161.2;26.0;0.0
0.0;161.2;27.5;0.0
0.0;161.2;14.0;0.0
0.0;161.2;15.4;0.0
0.0;161.2;11.0;0.0
0.0;161.2;12.1;0.0
0.0;161.2;9.0;0.0
0.0;161.2;7.7;0.0
0.0;161.2;10.0;0.0
0.0;161.2;11.0;0.0
0.0;161.2;11.0;0.0
0.0;161.2;9.9;0.0
438.0;161.2;6.0;0.0
151.4;162.1;10.1;0.0
328.9;162.1;0.0;0.0
262.9;192.3;155.5;44.0
564.3;1416.6;12871.1;1452.0
151.1;1331.3;150.3;3568.0
96.1;515.9;1532.0;0.0
