50.0;135.1;51.6;0.0
114.0;180.2;745.8;0.0
193.1;212.4;459.5;7440.0
344.5;245.3;48.0;18960.0
329.1;156.7;334.8;8960.0
0.0;156.7;0.0;0.0
0.0;156.7;0.1;0.0
0.0;156.7;0.0;0.0
0.0;156.7;1.3;0.0
0.0;156.7;0.0;0.0
0.0;156.7;0.7;0.0
0.0;156.7;0.0;0.0
0.0;156.7;0.5;0.0
0.0;156.7;0.0;0.0
0.0;156.7;1.7;0.0
0.0;156.7;0.0;0.0
0.0;156.7;2.7;0.0
0.0;156.7;0.0;0.0
50.0;156.7;1.7;0.0
0.0;156.7;0.0;0.0
0.0;156.7;1.6;0.0
0.0;156.7;0.0;0.0
191.8;160.2;3.8;0.0
220.7;160.2;3.0;0.0
530.2;160.5;0.0;0.0
586.3;161.1;2.3;0.0
273.9;161.1;0.0;0.0
50.0;161.1;12.0;0.0
0.0;161.1;1.1;0.0
0.0;161.1;7.0;0.0
0.0;161.1;15.4;0.0
0.0;161.1;5.0;0.0
0.0;161.1;7.7;0.0
0.0;161.1;6.0;0.0
0.0;161.1;5.5;0.0
0.0;161.1;6.0;0.0
0.0;161.1;6.6;0.0
0.0;161.1;6.0;0.0
0.0;161.1;5.5;0.0
414.0;161.1;5.0;0.0
499.0;161.1;5.5;0.0
425.0;161.1;11.0;0.0
385.0;161.4;6.6;0.0
546.7;161.4;2.0;0.0
556.6;161.4;12.1;0.0
0.0;161.4;26.0;0.0
0.0;161.4;2.2;0.0
0.0;161.4;14.0;0.0
0.0;161.4;28.6;0.0
50.0;161.4;9.0;0.0
0.0;161.4;15.4;0.0
0.0;161.4;7.0;0.0
0.0;161.4;13.2;0.0
0.0;161.4;9.0;0.0
55.0;161.4;9.9;0.0
0.0;161.4;10.0;0.0
0.0;161.4;12.1;0.0
192.0;161.4;12.0;0.0
544.0;161.4;9.9;0.0
0.0;161.4;2.0;0.0
386.1;162.4;11.0;0.0
86.0;162.4;59.0;40.0
271.8;378.7;474.5;0.0
100.8;806.9;4751.3;44.0
57.1;245.9;459.7;0.0
88.2;559.9;937.1;0.0
86.0;559.9;3625.3;2600.0
92.3;276.8;780.5;1308.0
81.0;1192.8;1.4;1288.0
54.4;276.8;0.6;192.0
49.0;184.8;0.3;24.0
