87.9;263.9;991.4;0.0
368.0;370.2;462.2;0.0
634.9;316.6;206.2;0.0
495.0;156.2;441.1;0.0
0.0;156.2;1.0;0.0
0.0;156.2;0.0;0.0
0.0;156.2;1.1;0.0
0.0;156.2;12.0;0.0
0.0;156.2;14.3;0.0
0.0;156.2;7.0;0.0
0.0;156.2;2.7;0.0
0.0;156.2;0.0;0.0
0.0;156.2;0.6;0.0
0.0;156.2;4.4;0.0
0.0;156.2;4.0;0.0
0.0;156.2;5.5;0.0
0.0;156.2;4.0;0.0
0.0;156.2;5.5;0.0
0.0;156.2;6.0;0.0
0.0;156.2;4.4;0.0
389.0;195.2;4.1;0.0
454.0;159.1;6.6;0.0
102.5;159.8;0.0;0.0
240.6;160.7;3.0;0.0
385.0;160.7;3.3;0.0
0.0;160.7;1.0;0.0
0.0;160.7;1.1;0.0
50.0;160.7;13.0;0.0
53.9;160.7;14.3;0.0
0.0;160.7;7.0;0.0
0.0;160.7;7.7;0.0
0.0;160.7;6.0;0.0
0.0;160.7;5.5;0.0
0.0;160.7;4.0;0.0
0.0;160.7;5.5;0.0
0.0;160.7;0.0;0.0
0.0;160.7;2.5;0.0
0.0;160.7;4.0;0.0
0.0;160.7;5.5;0.0
0.0;160.7;5.0;0.0
449.9;161.0;6.6;0.0
385.0;161.0;9.1;0.0
490.0;161.0;0.0;0.0
504.0;161.0;2.2;0.0
520.0;161.0;11.0;0.0
55.0;161.0;28.6;0.0
0.0;161.0;2.0;0.0
0.0;161.0;15.4;0.0
0.0;161.0;24.0;0.0
0.0;161.0;11.0;0.0
0.0;161.0;14.0;0.0
0.0;161.0;11.0;0.0
50.0;161.0;11.0;0.0
0.0;161.0;9.9;0.0
0.0;161.0;5.0;0.0
0.0;161.0;6.9;0.0
0.0;161.0;4.0;0.0
493.9;161.9;12.3;0.0
328.9;161.9;4.0;0.0
356.4;237.2;165.4;44.0
493.4;740.4;1656.2;0.0
152.2;1418.5;11186.3;0.0
534.6;1418.5;8.8;2860.0
566.0;1085.2;4.9;2508.0
514.8;390.0;0.0;0.0
