0.0;156.1;0.0;0.0
0.0;156.1;12.2;0.0
0.0;156.1;0.0;0.0
0.0;156.1;5.7;0.0
0.0;156.1;2.2;0.0
0.0;156.1;3.4;0.0
0.0;156.1;4.4;0.0
0.0;156.1;5.0;0.0
0.0;156.1;0.0;0.0
0.0;156.1;1.4;0.0
0.0;156.1;1.1;0.0
0.0;156.1;0.4;0.0
0.0;156.1;0.0;0.0
50.0;156.1;0.5;0.0
0.0;156.1;0.4;0.0
554.4;203.8;0.1;0.0
371.8;203.8;3.3;0.0
476.0;160.8;6.0;0.0
347.0;160.8;2.1;0.0
0.0;160.8;0.0;0.0
50.0;160.8;13.3;0.0
0.0;160.8;0.0;0.0
0.0;160.8;6.7;0.0
0.0;160.8;0.0;0.0
0.0;160.8;1.6;0.0
0.0;160.8;0.0;0.0
0.0;160.8;2.4;0.0
0.0;160.8;0.0;0.0
0.0;160.8;2.6;0.0
0.0;160.8;0.0;0.0
0.0;160.8;2.6;0.0
0.0;160.8;0.0;0.0
280.5;161.3;0.5;0.0
534.6;161.3;0.0;0.0
767.8;161.3;8.1;0.0
55.0;161.3;1.0;0.0
147.0;161.3;1.2;0.0
478.0;161.3;0.0;0.0
544.0;161.3;17.6;0.0
199.0;161.3;0.0;0.0
0.0;161.3;7.7;0.0
0.0;161.3;6.7;0.0
0.0;161.3;5.5;0.0
49.0;161.3;9.5;0.0
0.0;161.3;8.8;0.0
0.0;161.3;5.2;0.0
55.0;161.3;13.2;0.0
0.0;161.3;6.0;0.0
0.0;161.3;12.1;0.0
0.0;161.3;6.0;0.0
0.0;161.8;14.3;0.0
767.8;162.2;6.0;0.0
161.7;162.6;4.4;0.0
493.9;356.1;172.2;44.0
564.3;1433.0;12827.1;0.0
528.0;1435.2;4.0;3564.0
550.0;1100.8;7.7;1584.0
