45.0;99.7;64.0;0.0
68.0;147.1;109.1;0.0
407.0;313.6;450.3;0.0
88.0;156.1;383.9;0.0
0.0;156.1;0.0;0.0
0.0;156.1;1.1;0.0
0.0;156.1;1.0;0.0
0.0;156.1;14.3;0.0
0.0;156.1;12.0;0.0
0.0;156.1;7.7;0.0
0.0;156.1;7.0;0.0
0.0;156.1;5.5;0.0
0.0;156.1;6.0;0.0
0.0;156.1;5.5;0.0
0.0;156.1;5.0;0.0
0.0;156.1;5.5;0.0
0.0;156.1;4.0;0.0
0.0;156.1;5.5;0.0
0.0;156.1;4.0;0.0
55.0;156.1;6.6;0.0
0.0;156.1;2.0;0.0
486.2;202.6;11.0;0.0
383.9;202.6;4.0;0.0
0.0;202.6;0.0;0.0
372.0;160.6;4.1;0.0
525.0;160.6;0.0;0.0
479.0;160.6;11.3;0.0
249.0;160.6;0.0;0.0
0.0;160.6;7.7;0.0
0.0;160.6;1.0;0.0
0.0;160.6;6.6;0.0
0.0;160.6;13.0;0.0
0.0;160.6;5.5;0.0
0.0;160.6;7.0;0.0
0.0;160.6;5.5;0.0
0.0;160.6;5.0;0.0
0.0;160.6;6.6;0.0
0.0;160.6;5.0;0.0
452.1;160.8;7.7;0.0
445.0;160.8;6.1;0.0
0.0;160.8;0.0;0.0
55.0;160.8;3.2;0.0
0.0;160.8;1.0;0.0
0.0;160.8;24.6;0.0
505.0;160.8;2.0;0.0
483.0;160.8;15.4;0.0
350.0;160.8;11.0;0.0
0.0;160.8;12.1;0.0
0.0;160.8;2.0;0.0
0.0;160.8;8.8;0.0
0.0;160.8;26.0;0.0
0.0;160.8;11.0;0.0
0.0;160.8;14.0;0.0
0.0;160.8;14.3;0.0
50.0;160.8;11.0;0.0
159.5;161.3;14.3;0.0
702.9;161.7;10.1;0.0
110.0;162.1;6.6;0.0
550.0;367.4;441.1;44.0
550.0;1083.5;4496.8;0.0
537.9;1083.5;3389.2;0.0
581.9;1083.5;3846.7;0.0
518.1;1424.5;834.4;0.0
116.5;1414.5;1.8;2860.0
164.1;1350.5;151.4;1368.0
101.0;492.5;1525.3;572.0
