69.0;302.3;705.5;0.0
273.0;341.7;184.9;0.0
91.9;350.2;508.6;0.0
726.9;298.4;220.3;0.0
275.0;156.3;437.8;0.0
0.0;156.3;1.0;0.0
0.0;156.3;1.1;0.0
0.0;156.3;12.0;0.0
0.0;156.3;13.2;0.0
0.0;156.3;7.0;0.0
0.0;156.3;7.7;0.0
0.0;156.3;5.0;0.0
0.0;156.3;6.6;0.0
0.0;156.3;7.0;0.0
0.0;156.3;5.5;0.0
0.0;156.3;4.0;0.0
0.0;156.3;6.6;0.0
0.0;156.3;4.0;0.0
0.0;156.3;5.5;0.0
0.0;156.3;5.0;0.0
0.0;156.3;6.6;0.0
184.0;195.3;4.0;0.0
408.0;179.2;6.6;0.0
153.6;159.9;3.0;0.0
550.0;160.2;0.0;0.0
543.4;160.8;1.0;0.0
430.1;160.8;3.3;0.0
0.0;160.8;12.0;0.0
0.0;160.8;1.1;0.0
0.0;160.8;7.0;0.0
0.0;160.8;14.3;0.0
0.0;160.8;6.0;0.0
0.0;160.8;7.7;0.0
0.0;160.8;3.0;0.0
0.0;160.8;6.6;0.0
0.0;160.8;4.0;0.0
0.0;160.8;4.4;0.0
0.0;160.8;5.0;0.0
0.0;160.8;6.6;0.0
466.0;160.8;5.0;0.0
498.0;160.8;6.5;0.0
0.0;160.8;4.4;0.0
528.0;161.0;0.2;0.0
537.9;161.0;0.0;0.0
544.5;161.0;15.1;0.0
0.0;161.0;0.0;0.0
0.0;161.0;12.2;0.0
0.0;161.0;0.0;0.0
0.0;161.0;10.0;0.0
0.0;161.0;0.0;0.0
0.0;161.0;9.0;0.0
0.0;161.0;0.0;0.0
0.0;161.0;10.0;0.0
0.0;161.0;0.0;0.0
0.0;161.0;8.0;0.0
0.0;161.0;0.0;0.0
0.0;161.0;9.0;0.0
0.0;161.0;26.4;0.0
247.0;161.0;9.0;0.0
822.0;237.0;115.4;40.0
600.0;701.0;1158.0;0.0
505.0;1012.0;6631.0;0.0
480.0;1012.0;3396.0;0.0
492.0;1324.0;513.1;680.0
499.0;1324.0;6.0;1920.0
535.0;1324.0;8.1;1280.0
493.0;403.0;3.0;520.0
5.0;161.0;1.1;0.0
0.0;161.0;0.0;0.0
0.0;161.8;1.3;0.0
68.4;161.9;0.1;0.0
38.7;168.1;14.6;4.0
48.9;214.5;175.6;0.0
53.3;245.4;451.4;0.0
50.0;245.4;324.8;0.0
49.5;276.5;217.9;0.0
49.9;276.5;0.4;132.0
54.5;276.5;0.6;192.0
49.1;246.2;0.7;148.0
