63.0;184.7;289.0;0.0
59.8;168.0;120.2;0.0
174.8;185.2;486.7;0.0
161.5;154.8;108.3;0.0
110.0;156.4;20.9;0.0
0.0;156.4;1.0;0.0
0.0;156.4;1.1;0.0
0.0;156.4;0.0;0.0
0.0;156.4;2.2;0.0
0.0;156.4;7.0;0.0
0.0;156.4;7.7;0.0
0.0;156.4;6.0;0.0
0.0;156.4;6.6;0.0
0.0;156.4;5.0;0.0
0.0;156.4;6.6;0.0
0.0;156.4;0.0;0.0
0.0;156.4;4.4;0.0
0.0;156.4;1.1;0.0
0.0;156.4;6.6;0.0
0.0;156.4;4.4;0.0
0.0;156.4;1.1;0.0
133.1;199.2;5.5;0.0
540.1;209.1;2.0;0.0
385.0;209.1;3.3;0.0
0.0;209.1;5.0;0.0
0.0;209.1;1.1;0.0
0.0;209.1;2.0;0.0
0.0;209.1;14.3;0.0
0.0;209.1;1.0;0.0
0.0;209.1;7.7;0.0
0.0;209.1;5.0;0.0
53.9;209.1;6.6;0.0
0.0;209.1;3.0;0.0
0.0;209.1;5.5;0.0
0.0;209.1;3.0;0.0
0.0;209.1;5.5;0.0
0.0;209.1;1.0;0.0
0.0;209.1;6.6;0.0
0.0;209.1;4.0;0.0
449.9;212.4;7.7;0.0
219.6;161.4;2.0;0.0
219.0;161.4;12.1;0.0
507.0;161.4;0.0;0.0
449.0;161.4;1.2;0.0
0.0;161.4;0.0;0.0
0.0;161.4;27.6;0.0
0.0;161.4;0.0;0.0
0.0;161.4;3.4;0.0
0.0;161.4;0.0;0.0
0.0;161.4;5.1;0.0
0.0;161.4;0.0;0.0
0.0;161.4;7.0;0.0
0.0;161.4;2.0;0.0
0.0;161.4;10.0;0.0
0.0;161.4;4.0;0.0
0.0;161.4;12.1;0.0
0.0;161.4;6.0;0.0
515.9;162.3;11.3;0.0
328.9;162.3;1.0;0.0
440.0;261.1;156.6;44.0
91.0;749.7;1761.3;0.0
75.0;1091.8;4035.9;0.0
149.9;1091.8;3526.6;0.0
550.0;1429.5;3518.9;0.0
489.0;1432.8;6.8;1452.0
546.7;1432.8;8.8;2816.0
550.0;1097.3;20.5;836.0
550.0;387.8;0.0;0.0
