101.0;183.9;274.6;0.0
78.0;170.0;220.4;0.0
208.2;224.3;461.4;0.0
263.7;282.6;160.7;0.0
272.8;156.0;369.6;0.0
0.0;156.0;1.0;0.0
0.0;156.0;1.1;0.0
0.0;156.0;0.0;0.0
0.0;156.0;1.2;0.0
0.0;156.0;0.0;0.0
0.0;156.0;0.7;0.0
0.0;156.0;0.0;0.0
0.0;156.0;1.6;0.0
0.0;156.0;0.0;0.0
0.0;156.0;1.5;0.0
0.0;156.0;0.0;0.0
0.0;156.0;1.6;0.0
0.0;156.0;0.0;0.0
0.0;156.0;1.7;0.0
0.0;156.0;0.0;0.0
0.0;156.0;3.8;0.0
0.0;156.0;0.0;0.0
232.7;160.1;0.6;0.0
92.6;160.1;0.0;0.0
91.6;160.3;0.0;0.0
94.9;161.0;0.3;0.0
385.0;161.0;0.0;0.0
0.0;161.0;1.0;0.0
0.0;161.0;1.1;0.0
0.0;161.0;13.0;0.0
0.0;161.0;13.2;0.0
0.0;161.0;7.0;0.0
0.0;161.0;7.7;0.0
0.0;161.0;7.0;0.0
0.0;161.0;6.6;0.0
0.0;161.0;4.0;0.0
0.0;161.0;5.5;0.0
50.0;161.0;5.0;0.0
0.0;161.0;5.5;0.0
0.0;161.0;6.0;0.0
0.0;161.0;5.5;0.0
0.0;161.0;6.0;0.0
445.5;161.3;6.6;0.0
301.4;161.3;4.0;0.0
174.5;161.3;12.1;0.0
505.0;161.3;11.0;0.0
0.0;161.3;2.2;0.0
0.0;161.3;0.0;0.0
0.0;161.3;28.6;0.0
0.0;161.3;0.0;0.0
0.0;161.3;15.4;0.0
0.0;161.3;0.0;0.0
0.0;161.3;12.1;0.0
0.0;161.3;0.0;0.0
0.0;161.3;12.1;0.0
0.0;161.3;0.0;0.0
0.0;161.3;11.0;0.0
0.0;161.3;0.0;0.0
0.0;161.3;11.0;0.0
0.0;161.3;0.0;0.0
52.8;161.8;14.3;0.0
754.6;162.3;0.0;0.0
155.1;162.6;5.5;0.0
548.9;388.4;577.5;44.0
544.5;891.1;4285.6;0.0
579.7;1086.9;3598.1;0.0
492.8;1086.9;3986.4;0.0
550.0;1427.9;575.3;748.0
541.2;1427.9;6.6;2112.0
550.0;1427.9;4.4;1408.0
590.7;414.8;3.3;704.0
