57.1;271.8;1061.1;0.0
53.5;554.6;105.4;0.0
475.0;328.0;534.9;0.0
449.0;156.0;401.0;0.0
0.0;156.0;1.1;0.0
0.0;156.0;0.0;0.0
0.0;156.0;13.3;0.0
0.0;156.0;0.0;0.0
0.0;156.0;6.7;0.0
0.0;156.0;0.0;0.0
0.0;156.0;2.5;0.0
0.0;156.0;0.0;0.0
0.0;156.0;1.4;0.0
0.0;156.0;0.0;0.0
0.0;156.0;0.4;0.0
0.0;156.0;0.0;0.0
0.0;156.0;1.5;0.0
0.0;156.0;0.0;0.0
0.0;156.0;1.6;0.0
0.0;156.0;0.0;0.0
535.7;191.7;0.5;0.0
555.5;200.5;0.0;0.0
105.7;160.5;3.3;0.0
524.0;160.5;0.0;0.0
496.0;160.5;1.1;0.0
499.0;160.5;3.0;0.0
0.0;160.5;14.3;0.0
0.0;160.5;1.0;0.0
0.0;160.5;7.7;0.0
0.0;160.5;0.0;0.0
53.9;160.5;5.5;0.0
0.0;160.5;0.0;0.0
0.0;160.5;6.6;0.0
0.0;160.5;0.0;0.0
0.0;160.5;6.6;0.0
0.0;160.5;0.0;0.0
0.0;160.5;6.6;0.0
0.0;160.5;0.0;0.0
474.1;160.8;7.7;0.0
543.4;160.8;12.1;0.0
440.0;160.8;0.0;0.0
0.0;160.8;0.0;0.0
0.0;160.8;11.2;0.0
0.0;160.8;0.0;0.0
0.0;160.8;26.4;0.0
0.0;160.8;7.0;0.0
0.0;160.8;0.0;0.0
0.0;160.8;9.4;0.0
0.0;160.8;0.0;0.0
0.0;160.8;6.0;0.0
0.0;160.8;0.0;0.0
0.0;160.8;1.7;0.0
0.0;160.8;0.0;0.0
55.0;160.8;4.9;0.0
0.0;160.8;0.0;0.0
0.0;160.8;7.1;0.0
0.0;160.8;0.0;0.0
327.8;161.7;10.5;0.0
310.9;161.7;0.0;0.0
574.0;162.1;6.5;0.0
546.7;349.8;154.0;44.0
500.5;1083.5;6286.7;0.0
574.2;1423.4;6538.4;0.0
529.1;1423.4;22.4;1452.0
564.3;1423.4;11.0;3520.0
595.1;380.6;11.3;176.0
