49.9;128.3;227.4;0.0
45.0;107.4;120.4;0.0
181.7;178.1;179.0;0.0
200.0;244.1;152.6;0.0
105.0;156.1;261.4;0.0
0.0;156.1;0.0;0.0
55.0;156.1;0.1;0.0
0.0;156.1;0.0;0.0
50.0;156.1;2.2;0.0
0.0;156.1;0.0;0.0
0.0;156.1;7.7;0.0
0.0;156.1;7.0;0.0
0.0;156.1;6.6;0.0
0.0;156.1;6.0;0.0
0.0;156.1;5.5;0.0
0.0;156.1;5.0;0.0
0.0;156.1;5.5;0.0
0.0;156.1;5.0;0.0
0.0;156.1;5.5;0.0
0.0;156.1;5.0;0.0
0.0;156.1;6.6;0.0
0.0;156.1;5.0;0.0
489.5;208.1;7.7;0.0
161.0;161.1;3.3;0.0
480.0;161.1;0.0;0.0
491.0;161.1;1.1;0.0
490.0;161.1;3.0;0.0
199.0;161.1;14.3;0.0
0.0;161.1;1.0;0.0
0.0;161.1;7.7;0.0
0.0;161.1;0.0;0.0
0.0;161.1;6.6;0.0
0.0;161.1;7.0;0.0
0.0;161.1;4.4;0.0
0.0;161.1;2.0;0.0
0.0;161.1;2.6;0.0
50.0;161.1;4.0;0.0
55.0;161.1;4.5;0.0
0.0;161.1;5.0;0.0
217.8;161.4;6.6;0.0
576.4;161.4;7.0;0.0
440.0;161.4;12.1;0.0
0.0;161.4;7.0;0.0
511.0;161.4;2.2;0.0
546.0;161.4;0.0;0.0
449.0;161.4;17.6;0.0
0.0;161.4;0.0;0.0
0.0;161.4;13.4;0.0
0.0;161.4;0.0;0.0
0.0;161.4;15.2;0.0
0.0;161.4;0.0;0.0
0.0;161.4;5.9;0.0
0.0;161.4;0.0;0.0
0.0;161.4;6.7;0.0
0.0;161.4;0.0;0.0
0.0;161.4;2.0;0.0
0.0;161.4;0.0;0.0
433.4;161.9;6.3;0.0
486.2;162.4;0.0;0.0
265.1;198.6;143.8;44.0
548.9;416.4;440.0;0.0
524.7;1095.1;5651.5;0.0
540.1;1095.1;3671.8;0.0
159.0;1419.7;3085.3;0.0
410.0;1329.2;110.8;708.0
113.1;902.2;1527.6;2112.0
64.0;590.2;5178.4;1408.0
90.5;793.1;3525.3;660.0
