156.0;260.5;295.8;0.0
139.0;225.5;207.1;0.0
352.9;289.2;345.9;0.0
424.9;306.7;81.9;0.0
385.0;156.2;441.1;0.0
0.0;156.2;0.0;0.0
0.0;156.2;0.1;0.0
0.0;156.2;0.0;0.0
0.0;156.2;1.3;0.0
0.0;156.2;0.0;0.0
0.0;156.2;7.0;0.0
0.0;156.2;7.7;0.0
0.0;156.2;7.0;0.0
0.0;156.2;5.5;0.0
0.0;156.2;5.0;0.0
0.0;156.2;5.5;0.0
0.0;156.2;4.0;0.0
0.0;156.2;5.5;0.0
0.0;156.2;5.0;0.0
0.0;156.2;6.6;0.0
0.0;156.2;4.0;0.0
55.0;156.2;5.5;0.0
295.0;195.2;6.0;0.0
196.3;160.1;5.5;0.0
88.1;160.3;3.0;0.0
247.6;160.3;0.0;0.0
581.9;160.9;3.3;0.0
108.9;160.9;1.0;0.0
55.0;160.9;1.1;0.0
49.0;160.9;13.0;0.0
52.8;160.9;14.3;0.0
0.0;160.9;7.0;0.0
0.0;160.9;7.7;0.0
0.0;160.9;4.0;0.0
0.0;160.9;6.6;0.0
0.0;160.9;3.0;0.0
0.0;160.9;4.4;0.0
0.0;160.9;4.0;0.0
0.0;160.9;5.5;0.0
0.0;160.9;3.0;0.0
0.0;160.9;5.5;0.0
0.0;160.9;3.0;0.0
0.0;161.4;5.5;0.0
440.5;161.4;4.0;0.0
61.0;161.4;0.0;0.0
99.5;161.4;1.1;0.0
99.0;161.4;0.0;0.0
0.0;161.4;0.2;0.0
0.0;161.4;0.0;0.0
0.0;161.4;2.5;0.0
0.0;161.4;0.0;0.0
0.0;161.4;1.4;0.0
0.0;161.4;0.0;0.0
0.0;161.4;2.2;0.0
0.0;161.4;0.0;0.0
0.0;161.4;2.0;0.0
0.0;161.4;0.0;0.0
0.0;161.4;2.0;0.0
0.0;161.4;0.0;0.0
50.0;161.4;1.9;0.0
0.0;161.4;1.1;0.0
0.0;161.4;0.6;0.0
756.8;162.4;2.7;0.0
91.1;163.0;1.8;44.0
344.4;344.3;422.7;40.0
143.2;485.0;6842.1;0.0
131.9;277.0;6532.7;680.0
72.9;277.0;6.6;2076.0
120.5;892.7;6.9;2696.0
