70.9;255.7;986.6;0.0
345.0;360.5;453.4;0.0
533.9;318.6;206.2;0.0
495.0;156.2;441.1;0.0
0.0;156.2;1.0;0.0
0.0;156.2;0.0;0.0
0.0;156.2;1.1;0.0
0.0;156.2;13.0;0.0
0.0;156.2;8.3;0.0
0.0;156.2;1.0;0.0
0.0;156.2;1.7;0.0
0.0;156.2;0.0;0.0
0.0;156.2;3.7;0.0
0.0;156.2;0.0;0.0
0.0;156.2;7.7;0.0
0.0;156.2;0.0;0.0
0.0;156.2;1.6;0.0
0.0;156.2;0.0;0.0
0.0;156.2;2.6;0.0
0.0;156.2;0.0;0.0
0.0;156.2;1.5;0.0
0.0;156.2;0.0;0.0
440.0;196.2;0.5;0.0
557.7;199.5;0.0;0.0
370.4;160.5;2.0;0.0
59.0;161.0;3.3;0.0
480.0;161.0;0.0;0.0
522.0;161.0;2.1;0.0
0.0;161.0;0.0;0.0
0.0;161.0;12.2;0.0
0.0;161.0;0.0;0.0
0.0;161.0;6.7;0.0
0.0;161.0;0.0;0.0
0.0;161.0;1.6;0.0
0.0;161.0;0.0;0.0
0.0;161.0;0.5;0.0
0.0;161.0;0.0;0.0
0.0;161.0;0.5;0.0
0.0;161.0;0.0;0.0
0.0;161.0;2.7;0.0
0.0;161.0;0.0;0.0
0.0;161.8;3.8;0.0
550.0;161.6;0.0;0.0
545.6;161.6;0.0;0.0
658.9;161.6;12.1;0.0
0.0;161.6;5.0;0.0
532.0;161.6;2.2;0.0
486.0;161.6;0.0;0.0
459.5;161.6;17.6;0.0
0.0;161.6;0.0;0.0
0.0;161.6;13.4;0.0
0.0;161.6;0.0;0.0
0.0;161.6;8.2;0.0
0.0;161.6;20.0;0.0
55.0;161.6;9.9;0.0
0.0;161.6;14.0;0.0
0.0;161.6;12.1;0.0
0.0;161.6;12.0;0.0
0.0;161.6;12.1;0.0
0.0;161.6;10.0;0.0
0.0;161.6;9.9;0.0
676.5;162.5;5.3;0.0
603.9;263.0;168.3;44.0
495.0;749.2;3430.7;0.0
550.0;1088.0;3753.2;0.0
500.0;1083.0;3469.5;0.0
198.9;1420.1;2185.7;0.0
295.6;1417.4;4.4;1412.0
157.0;1208.4;532.6;2112.0
49.2;246.9;4321.5;1276.0
