100.9;90.8;47.0;0.0
50.0;107.0;106.4;0.0
72.1;129.5;107.4;0.0
108.9;143.8;47.3;0.0
71.0;156.3;47.0;0.0
0.0;156.3;0.0;0.0
0.0;156.3;0.1;0.0
0.0;156.3;0.0;0.0
0.0;156.3;14.3;0.0
0.0;156.3;13.0;0.0
0.0;156.3;7.7;0.0
0.0;156.3;7.0;0.0
0.0;156.3;5.5;0.0
0.0;156.3;6.0;0.0
0.0;156.3;6.6;0.0
0.0;156.3;3.0;0.0
0.0;156.3;7.7;0.0
0.0;156.3;5.0;0.0
0.0;156.3;7.7;0.0
0.0;156.3;4.0;0.0
0.0;156.3;4.6;0.0
0.0;156.3;4.0;0.0
275.0;197.1;5.6;0.0
572.0;197.1;3.0;0.0
86.0;160.3;2.0;0.0
49.7;161.0;3.3;0.0
411.0;161.0;0.0;0.0
341.0;161.0;2.1;0.0
0.0;161.0;0.0;0.0
0.0;161.0;13.3;0.0
0.0;161.0;0.0;0.0
0.0;161.0;6.7;0.0
0.0;161.0;0.0;0.0
0.0;161.0;1.6;0.0
0.0;161.0;0.0;0.0
0.0;161.0;0.6;0.0
0.0;161.0;0.0;0.0
0.0;161.0;1.6;0.0
0.0;161.0;0.0;0.0
0.0;161.0;2.7;0.0
0.0;161.0;0.0;0.0
0.0;161.2;3.8;0.0
555.5;161.2;0.0;0.0
169.0;161.2;8.0;0.0
141.7;161.2;12.1;0.0
449.0;161.2;11.0;0.0
0.0;161.2;2.2;0.0
0.0;161.2;2.0;0.0
0.0;161.2;27.5;0.0
0.0;161.2;26.0;0.0
0.0;161.2;15.4;0.0
0.0;161.2;14.0;0.0
0.0;161.2;11.0;0.0
0.0;161.2;10.0;0.0
0.0;161.2;9.9;0.0
0.0;161.2;10.0;0.0
0.0;161.2;9.9;0.0
0.0;161.2;11.0;0.0
0.0;161.2;11.0;0.0
0.0;161.2;9.0;0.0
420.2;162.2;15.4;0.0
147.0;162.2;10.0;0.0
364.0;162.5;7.7;0.0
495.0;384.3;567.0;44.0
550.0;740.7;4060.1;0.0
546.0;1076.6;2906.8;0.0
67.5;979.6;3697.2;40.0
95.9;276.6;10381.1;748.0
50.0;276.6;4.6;1432.0
109.0;276.6;4.4;1408.0
50.0;805.5;2.3;844.0
