50.0;113.6;47.0;0.0
83.9;106.6;320.2;0.0
102.6;181.3;189.3;0.0
111.0;194.0;32.8;0.0
174.9;156.1;193.8;0.0
0.0;156.1;0.0;0.0
0.0;156.1;0.1;0.0
0.0;156.1;0.0;0.0
0.0;156.1;1.3;0.0
0.0;156.1;0.0;0.0
0.0;156.1;0.7;0.0
0.0;156.1;0.0;0.0
0.0;156.1;1.6;0.0
0.0;156.1;0.0;0.0
0.0;156.1;3.6;0.0
0.0;156.1;0.0;0.0
351.0;198.1;6.5;0.0
498.0;200.1;0.0;0.0
490.0;200.1;7.7;0.0
499.0;207.1;3.0;0.0
0.0;207.1;7.7;0.0
0.0;207.1;1.0;0.0
165.0;159.9;6.6;0.0
550.0;159.9;12.0;0.0
525.8;160.2;0.0;0.0
573.1;160.7;4.3;0.0
244.2;160.7;0.0;0.0
55.0;160.7;5.1;0.0
0.0;160.7;0.0;0.0
0.0;160.7;8.0;0.0
0.0;160.7;13.2;0.0
0.0;160.7;9.0;0.0
449.0;160.7;5.7;0.0
522.0;160.7;4.4;0.0
485.0;160.7;9.2;0.0
0.0;160.7;5.5;0.0
0.0;160.7;2.0;0.0
0.0;160.7;5.5;0.0
0.0;160.7;13.0;0.0
0.0;160.7;2.2;0.0
0.0;160.7;3.3;0.0
0.0;160.7;1.6;0.0
567.6;161.0;2.2;0.0
536.8;161.0;18.0;0.0
493.9;161.0;12.1;0.0
0.0;161.0;16.0;0.0
0.0;161.0;2.2;0.0
199.0;161.0;12.0;0.0
0.0;161.0;26.4;0.0
0.0;161.0;0.0;0.0
0.0;161.0;15.4;0.0
0.0;161.0;0.0;0.0
52.8;161.0;9.9;0.0
0.0;161.0;0.0;0.0
0.0;161.0;9.9;0.0
0.0;161.0;0.0;0.0
0.0;161.0;12.1;0.0
0.0;161.0;0.0;0.0
0.0;161.0;14.3;0.0
0.0;161.0;0.0;0.0
379.5;161.5;16.5;0.0
440.0;161.9;0.0;0.0
440.0;345.0;193.6;44.0
547.8;734.4;1867.8;0.0
495.0;1078.7;4882.9;0.0
605.0;1078.7;3528.8;0.0
546.7;1419.7;2557.9;0.0
550.0;1419.7;6.6;2156.0
566.5;1419.7;5.6;2112.0
530.2;1085.3;5.5;792.0
