71.3;112.6;132.3;0.0
54.7;162.6;98.9;0.0
224.5;317.7;401.7;0.0
350.0;156.1;383.9;0.0
0.0;156.1;0.0;0.0
0.0;156.1;0.1;0.0
0.0;156.1;0.0;0.0
0.0;156.1;14.3;0.0
0.0;156.1;13.0;0.0
0.0;156.1;7.7;0.0
0.0;156.1;7.0;0.0
0.0;156.1;6.6;0.0
0.0;156.1;6.0;0.0
0.0;156.1;6.6;0.0
50.0;156.1;5.0;0.0
0.0;156.1;6.6;0.0
0.0;156.1;5.0;0.0
0.0;156.1;6.6;0.0
0.0;156.1;7.0;0.0
0.0;156.1;6.6;0.0
0.0;156.1;5.0;0.0
503.8;209.0;7.7;0.0
301.0;161.0;2.3;0.0
496.0;161.0;0.0;0.0
498.0;161.0;1.1;0.0
520.0;161.0;3.0;0.0
0.0;161.0;14.3;0.0
0.0;161.0;1.0;0.0
0.0;161.0;7.7;0.0
0.0;161.0;13.0;0.0
0.0;161.0;7.7;0.0
0.0;161.0;7.0;0.0
0.0;161.0;5.5;0.0
0.0;161.0;6.0;0.0
0.0;161.0;5.5;0.0
0.0;161.0;6.0;0.0
0.0;161.0;5.5;0.0
0.0;161.0;4.0;0.0
452.1;161.3;19.8;0.0
215.6;161.3;6.0;0.0
0.0;161.3;0.0;0.0
0.0;161.3;3.2;0.0
501.0;161.3;2.0;0.0
509.0;161.3;16.5;0.0
296.0;161.3;0.0;0.0
55.0;161.3;15.4;0.0
0.0;161.3;2.0;0.0
0.0;161.3;13.2;0.0
0.0;161.3;26.0;0.0
0.0;161.3;9.9;0.0
0.0;161.3;14.0;0.0
0.0;161.3;11.0;0.0
50.0;161.3;10.0;0.0
0.0;161.3;12.1;0.0
0.0;161.3;8.0;0.0
521.4;162.3;11.0;0.0
320.1;162.3;10.0;0.0
434.5;251.5;166.1;44.0
493.9;749.8;1674.2;0.0
603.9;1093.0;4196.5;0.0
550.0;1093.0;3611.0;0.0
550.0;1435.1;3379.2;0.0
96.0;1426.1;3.4;1452.0
327.9;1426.1;6.6;2112.0
392.0;1088.8;1.5;1276.0
