95.4;166.6;230.2;0.0
54.1;211.3;368.6;0.0
182.8;250.5;352.4;0.0
423.9;286.4;157.8;0.0
199.0;156.4;320.0;0.0
0.0;156.4;1.1;0.0
0.0;156.4;1.0;0.0
0.0;156.4;14.3;0.0
0.0;156.4;14.0;0.0
0.0;156.4;7.7;0.0
0.0;156.4;7.0;0.0
0.0;156.4;5.5;0.0
0.0;156.4;6.0;0.0
0.0;156.4;5.5;0.0
0.0;156.4;4.0;0.0
0.0;156.4;5.5;0.0
0.0;156.4;6.0;0.0
0.0;156.4;4.4;0.0
0.0;156.4;5.0;0.0
0.0;156.4;4.4;0.0
0.0;156.4;0.0;0.0
135.3;196.0;2.7;0.0
477.4;198.2;0.0;0.0
146.6;160.2;5.0;0.0
149.9;160.7;0.3;0.0
165.0;160.7;0.0;0.0
0.0;160.7;1.0;0.0
0.0;160.7;0.0;0.0
0.0;160.7;12.0;0.0
0.0;160.7;0.0;0.0
0.0;160.7;7.0;0.0
0.0;160.7;0.0;0.0
0.0;160.7;5.0;0.0
0.0;160.7;0.0;0.0
0.0;160.7;5.0;0.0
0.0;160.7;0.0;0.0
0.0;160.7;4.0;0.0
0.0;160.7;0.0;0.0
0.0;160.7;3.0;0.0
0.0;160.7;1.0;0.0
0.0;160.7;0.0;0.0
411.0;160.7;5.0;0.0
399.0;160.7;11.0;0.0
0.0;160.7;0.0;0.0
0.0;160.7;2.0;0.0
0.0;160.7;0.0;0.0
0.0;160.7;25.0;0.0
0.0;160.7;0.0;0.0
0.0;160.7;14.0;0.0
0.0;160.7;0.0;0.0
0.0;160.7;11.0;0.0
0.0;160.7;0.0;0.0
0.0;160.7;10.0;0.0
0.0;160.7;0.0;0.0
0.0;160.7;9.0;0.0
0.0;160.7;0.0;0.0
0.0;160.7;11.0;0.0
0.0;160.7;0.0;0.0
0.0;160.7;10.0;0.0
0.0;160.7;0.0;0.0
247.0;160.7;9.0;0.0
750.0;237.7;122.0;40.0
466.0;703.7;2783.0;0.0
540.0;1011.7;4087.0;0.0
493.0;1011.7;3714.0;0.0
495.0;1323.7;1113.0;0.0
500.0;1323.7;4.0;1320.0
495.0;1323.7;8.0;2560.0
497.0;1020.7;3.0;600.0
0.0;160.7;0.0;0.0
0.0;160.7;0.0;0.0
0.0;160.7;0.0;0.0
0.0;160.7;0.0;0.0
0.0;160.7;0.0;0.0
0.0;160.7;0.0;0.0
0.0;160.7;0.0;0.0
0.0;160.7;0.1;0.0
0.0;160.7;0.0;0.0
0.0;160.7;1.3;0.0
0.0;160.7;0.0;0.0
0.0;160.7;0.7;0.0
0.0;160.7;0.0;0.0
0.0;160.7;0.0;0.0
0.0;160.7;0.5;0.0
0.0;160.7;0.0;0.0
0.0;160.7;0.5;0.0
0.0;160.7;0.0;0.0
0.0;160.7;0.6;0.0
0.0;160.7;0.0;0.0
5.0;160.7;0.6;0.0
0.0;160.7;0.0;0.0
0.0;161.1;0.9;0.0
48.0;161.2;0.0;0.0
50.7;161.2;0.0;0.0
40.0;161.2;1.1;0.0
0.0;161.2;0.0;0.0
0.0;161.2;0.2;0.0
0.0;161.2;0.0;0.0
4.8;161.2;2.5;0.0
0.0;161.2;0.0;0.0
