45.0;150.8;319.8;0.0
95.0;212.6;202.6;0.0
178.9;159.5;200.4;0.0
256.0;156.2;40.1;0.0
0.0;156.2;0.0;0.0
50.0;156.2;1.0;0.0
0.0;156.2;1.1;0.0
0.0;156.2;13.0;0.0
0.0;156.2;13.2;0.0
0.0;156.2;7.0;0.0
0.0;156.2;7.7;0.0
0.0;156.2;7.0;0.0
0.0;156.2;6.6;0.0
0.0;156.2;6.0;0.0
0.0;156.2;5.5;0.0
0.0;156.2;6.0;0.0
0.0;156.2;5.5;0.0
0.0;156.2;6.0;0.0
0.0;156.2;6.6;0.0
0.0;156.2;5.0;0.0
0.0;156.2;6.6;0.0
244.0;198.2;6.0;0.0
140.5;160.0;5.5;0.0
61.9;160.0;0.0;0.0
102.8;160.9;0.3;0.0
385.0;160.9;0.0;0.0
0.0;160.9;1.0;0.0
0.0;160.9;1.1;0.0
0.0;160.9;13.0;0.0
0.0;160.9;13.2;0.0
0.0;160.9;7.0;0.0
0.0;160.9;7.7;0.0
0.0;160.9;6.0;0.0
0.0;160.9;6.6;0.0
0.0;160.9;6.0;0.0
0.0;160.9;4.4;0.0
0.0;160.9;7.0;0.0
0.0;160.9;6.6;0.0
0.0;160.9;4.0;0.0
0.0;160.9;7.7;0.0
0.0;160.9;0.0;0.0
435.9;161.2;2.8;0.0
44.8;161.2;11.0;0.0
658.9;161.2;0.0;0.0
550.0;161.2;10.1;0.0
0.0;161.2;0.0;0.0
0.0;161.2;24.2;0.0
0.0;161.2;0.0;0.0
0.0;161.2;14.6;0.0
0.0;161.2;0.0;0.0
0.0;161.2;5.4;0.0
0.0;161.2;0.0;0.0
0.0;161.2;5.2;0.0
0.0;161.2;0.0;0.0
0.0;161.2;8.2;0.0
0.0;161.2;3.0;0.0
55.0;161.2;11.1;0.0
0.0;161.2;6.0;0.0
0.0;161.2;11.1;0.0
618.0;161.2;9.0;0.0
331.1;161.7;10.2;0.0
434.5;162.1;0.0;0.0
332.8;223.4;176.5;44.0
86.1;551.6;1761.4;40.0
86.5;549.4;2580.8;0.0
50.0;245.4;1043.8;0.0
59.5;576.0;1756.1;0.0
65.0;276.5;1608.4;1452.0
81.0;276.5;0.8;296.0
49.9;557.2;1.5;1236.0
