116.2;193.2;323.2;0.0
75.4;130.9;544.5;0.0
196.4;314.8;474.3;0.0
400.0;156.1;302.9;0.0
55.0;156.9;48.3;0.0
355.4;161.8;143.1;0.0
61.0;161.8;0.0;0.0
52.0;188.9;3.0;0.0
546.7;188.9;89.0;0.0
189.8;188.1;74.0;0.0
58.9;188.1;0.0;0.0
117.8;163.2;0.0;0.0
499.0;163.2;24.2;0.0
300.5;182.2;106.2;0.0
287.6;213.4;350.0;0.0
119.8;231.4;31.0;0.0
143.0;1348.4;17775.0;40.0
88.9;1329.8;335.9;1320.0
538.2;1304.6;58.3;2600.0
49.8;353.6;0.0;0.0
49.5;173.0;14.9;4.0
54.5;217.6;271.3;0.0
46.2;248.1;712.1;0.0
48.6;279.6;281.9;0.0
52.2;279.9;1.0;324.0
49.0;249.4;0.9;204.0
