45.0;99.9;91.5;0.0
100.9;112.4;132.4;0.0
218.8;173.1;77.3;0.0
150.0;156.4;87.6;0.0
0.0;156.4;74.2;0.0
54.0;183.8;47.1;0.0
177.0;160.6;58.3;0.0
74.8;161.9;0.0;0.0
73.5;161.9;0.0;0.0
58.9;161.9;0.0;0.0
69.5;161.9;0.0;0.0
49.8;162.4;0.0;0.0
87.6;163.1;0.0;0.0
451.0;163.1;25.3;0.0
361.9;163.4;161.7;0.0
104.9;163.4;3.0;0.0
545.6;163.6;93.0;0.0
229.6;163.6;70.1;0.0
270.9;163.6;46.2;0.0
135.0;183.3;374.0;0.0
548.3;211.9;59.4;0.0
138.8;206.9;11.0;0.0
537.9;241.0;160.6;44.0
478.5;426.9;423.5;0.0
561.0;1102.3;6015.9;0.0
495.0;1102.3;3370.4;0.0
547.8;1102.3;3546.4;0.0
605.0;1447.7;573.1;1452.0
533.5;1447.7;6.6;2112.0
550.0;1447.7;6.6;2112.0
572.0;433.5;3.3;88.0
