138.0;181.9;274.8;0.0
99.9;155.3;129.3;0.0
168.9;178.9;368.8;0.0
145.8;254.8;162.7;0.0
155.8;156.1;195.2;0.0
5.0;156.7;19.5;0.0
160.0;161.3;95.1;0.0
83.0;161.5;0.0;0.0
49.8;161.6;0.0;0.0
50.0;161.6;0.0;0.0
72.7;161.6;0.0;0.0
87.7;161.8;0.0;0.0
60.1;162.8;0.0;0.0
461.0;162.8;70.4;0.0
176.3;162.8;110.3;0.0
550.0;162.8;80.0;0.0
208.3;163.1;98.0;0.0
127.0;163.1;12.1;0.0
305.9;163.3;312.4;0.0
234.5;208.1;133.1;0.0
110.9;187.7;7.4;44.0
175.7;739.9;1600.5;0.0
182.9;1043.8;5535.7;0.0
571.9;1369.4;6498.6;0.0
489.8;1354.7;6.6;2156.0
84.8;1019.2;14.3;3608.0
88.4;332.5;0.0;0.0
