77.5;259.0;1005.5;0.0
463.9;342.9;486.4;0.0
405.1;242.5;415.2;0.0
107.8;155.9;229.1;0.0
0.0;155.9;91.2;0.0
98.0;191.9;33.9;0.0
454.0;197.9;130.9;0.0
93.0;179.3;0.0;0.0
67.9;179.3;0.0;0.0
63.0;179.3;0.0;0.0
54.6;179.3;0.0;0.0
50.1;161.8;0.0;0.0
71.8;161.8;0.0;0.0
229.9;162.4;3.3;0.0
454.0;162.4;159.5;0.0
111.9;179.8;27.8;0.0
542.3;179.8;92.0;0.0
207.8;181.9;79.0;0.0
70.0;181.9;14.3;0.0
408.9;164.6;389.4;0.0
537.3;201.1;114.4;0.0
65.1;196.1;11.0;0.0
542.3;325.9;178.4;44.0
474.7;1020.5;4743.6;0.0
906.0;1360.9;8737.2;0.0
1448.5;1360.9;6.6;2156.0
60.0;1325.9;149.8;2776.0
107.0;526.1;6294.5;836.0
