85.0;390.5;1221.3;0.0
380.0;451.2;253.1;0.0
359.4;451.5;495.8;0.0
770.0;306.6;297.8;0.0
50.0;211.5;337.3;0.0
401.0;223.5;156.2;0.0
345.9;192.1;135.3;0.0
50.0;162.0;0.0;0.0
82.0;162.0;0.0;0.0
50.0;162.1;0.0;0.0
80.9;162.1;0.0;0.0
81.0;162.3;0.0;0.0
73.0;162.3;0.0;0.0
50.0;182.3;3.0;0.0
108.9;163.0;60.3;0.0
204.0;163.4;77.5;0.0
50.0;163.6;0.0;0.0
49.9;163.6;0.0;0.0
110.9;163.6;0.0;0.0
82.0;163.6;3.3;0.0
350.0;164.1;369.6;0.0
959.8;200.2;31.9;0.0
549.1;168.8;316.0;0.0
494.0;170.9;43.8;44.0
168.1;350.8;497.2;0.0
70.4;1051.2;6132.7;0.0
60.0;250.2;7385.4;40.0
66.6;281.9;3967.5;748.0
87.2;281.9;4.8;1496.0
265.8;432.9;5.9;1228.0
