45.0;84.7;45.2;0.0
50.0;135.7;195.7;0.0
123.7;195.4;93.9;0.0
148.9;155.4;175.3;0.0
196.0;155.9;40.1;0.0
50.0;155.9;159.0;0.0
213.0;207.9;125.0;0.0
511.0;228.9;0.0;0.0
467.0;229.9;0.0;0.0
505.0;229.9;0.0;0.0
482.0;229.9;0.0;0.0
557.0;229.9;0.0;0.0
486.0;229.9;0.0;0.0
495.0;229.9;0.0;0.0
489.0;229.9;0.0;0.0
249.0;239.9;2.2;0.0
0.0;239.9;28.9;0.0
409.9;216.6;154.6;0.0
50.0;193.2;0.0;0.0
98.9;193.2;0.0;0.0
49.6;192.3;0.0;0.0
95.0;197.3;31.0;0.0
498.9;213.6;337.0;0.0
148.4;246.6;69.0;0.0
109.0;407.6;412.0;40.0
416.0;1017.1;6039.4;0.0
430.0;1048.1;2983.5;0.0
147.0;1044.5;3885.1;0.0
50.0;1044.5;3438.0;0.0
85.2;1358.5;901.0;680.0
50.0;1356.7;10.3;1280.0
336.0;1352.2;342.5;1280.0
374.2;392.5;140.2;680.0
82.7;168.0;0.0;0.0
50.8;168.2;0.3;4.0
40.0;187.9;53.7;0.0
55.0;249.5;487.5;0.0
50.0;249.5;290.6;0.0
48.8;249.5;339.2;0.0
49.6;281.0;109.7;68.0
49.9;281.0;0.6;192.0
53.6;281.0;0.6;192.0
49.6;250.7;0.5;72.0
