92.2;175.8;273.0;0.0
91.5;116.6;561.8;0.0
141.5;139.2;64.2;0.0
34.7;156.4;40.3;0.0
55.0;156.4;14.0;0.0
107.6;159.0;21.2;0.0
49.9;161.5;0.0;0.0
66.9;161.5;0.0;0.0
101.6;161.5;0.0;0.0
48.8;161.5;0.0;0.0
56.1;161.8;0.0;0.0
49.9;161.8;0.0;0.0
196.0;162.4;3.3;0.0
494.0;162.4;0.0;0.0
515.0;162.4;1.0;0.0
0.0;162.4;3.0;0.0
249.0;162.4;176.0;0.0
467.0;162.4;0.0;0.0
525.0;162.4;0.0;0.0
506.0;162.4;0.0;0.0
520.0;181.4;11.0;0.0
350.0;181.4;113.0;0.0
449.0;218.4;314.0;0.0
648.0;229.4;1.0;0.0
480.0;1042.4;6768.0;40.0
529.0;1042.4;3272.0;0.0
467.0;1045.4;4853.0;0.0
500.0;1355.4;2912.0;0.0
536.0;1357.4;4.0;1320.0
529.0;1357.4;6.0;1920.0
500.0;435.4;5.0;680.0
0.0;162.4;0.0;0.0
0.0;162.4;0.0;0.0
0.0;162.4;0.0;0.0
0.0;162.4;0.0;0.0
0.0;162.4;0.0;0.0
0.0;162.4;0.0;0.0
0.0;162.4;0.0;0.0
0.0;162.4;0.0;0.0
0.0;162.4;0.0;0.0
0.0;162.4;0.0;0.0
0.0;162.4;0.0;0.0
0.0;162.4;0.0;0.0
0.0;162.4;0.0;0.0
0.0;162.4;0.0;0.0
0.0;162.4;0.0;0.0
0.0;162.4;0.0;0.0
0.0;162.4;0.0;0.0
0.0;162.4;0.0;0.0
0.0;162.4;0.0;0.0
0.0;162.4;0.0;0.0
0.0;162.4;0.0;0.0
0.0;162.4;0.0;0.0
0.0;162.4;0.0;0.0
0.0;162.4;0.0;0.0
0.0;162.4;0.0;0.0
0.0;162.4;0.0;0.0
0.0;162.4;0.0;0.0
0.0;162.4;0.0;0.0
0.0;162.4;0.0;0.0
0.0;162.4;0.0;0.0
0.0;162.4;0.0;0.0
0.0;162.4;0.1;0.0
5.0;162.4;15.8;0.0
49.6;162.8;0.6;0.0
47.0;162.8;0.0;0.0
49.5;162.8;0.0;0.0
50.0;163.2;1.3;0.0
5.0;163.7;31.8;0.0
87.2;168.4;10.4;0.0
61.0;168.4;0.0;0.0
45.0;184.5;50.8;4.0
52.3;247.5;487.3;0.0
49.4;247.5;310.0;0.0
49.5;247.5;377.2;0.0
52.0;279.2;52.1;132.0
49.8;279.2;0.8;256.0
48.0;279.2;0.4;128.0
54.0;186.9;0.3;8.0
