131.9;254.5;428.3;0.0
141.0;232.1;179.0;0.0
266.2;275.9;381.5;0.0
476.0;307.5;49.1;0.0
278.9;156.4;304.3;0.0
12.0;191.4;58.6;0.0
452.0;177.9;181.5;0.0
55.9;162.0;0.0;0.0
65.5;162.0;0.0;0.0
69.9;162.0;0.0;0.0
66.1;162.0;0.0;0.0
115.4;162.3;0.0;0.0
49.9;162.3;0.0;0.0
169.9;162.9;3.3;0.0
147.8;162.9;90.3;0.0
186.4;163.3;94.4;0.0
65.0;163.6;0.0;0.0
90.0;163.6;0.0;0.0
206.9;163.6;20.2;0.0
113.9;165.5;133.1;0.0
228.6;168.8;53.7;0.0
185.2;168.8;0.0;0.0
53.9;653.4;5986.3;4.0
64.8;566.1;7106.3;0.0
99.9;568.1;5674.2;3960.0
49.4;1228.8;2586.1;0.0
45.2;281.8;0.8;260.0
48.5;251.4;1.1;260.0
58.5;186.7;0.0;0.0
