94.9;99.4;72.3;0.0
150.2;106.9;327.0;0.0
225.5;157.0;118.1;0.0
558.6;288.5;295.7;0.0
414.0;155.9;353.0;0.0
0.0;156.4;20.7;0.0
29.9;160.3;33.9;0.0
113.0;161.6;0.0;0.0
55.8;161.6;0.0;0.0
91.5;161.6;0.0;0.0
57.1;161.6;0.0;0.0
50.0;162.1;0.0;0.0
70.1;162.8;0.0;0.0
411.6;162.8;25.3;0.0
322.0;163.1;159.5;0.0
60.0;163.3;1.0;0.0
540.1;163.3;98.0;0.0
268.6;163.3;65.1;0.0
292.9;163.8;300.3;0.0
266.1;205.1;140.8;0.0
510.7;205.6;64.0;0.0
88.9;168.6;370.0;0.0
569.9;312.2;584.2;44.0
49.0;1029.1;5050.1;0.0
136.2;850.1;4377.5;40.0
116.5;568.6;4348.0;0.0
78.5;571.9;3328.8;2860.0
48.9;571.9;4322.6;2112.0
