52.9;125.3;215.2;0.0
163.4;172.0;121.1;0.0
389.0;140.0;132.2;0.0
257.0;155.9;40.0;0.0
0.0;155.9;38.4;0.0
55.0;156.6;17.9;0.0
131.9;161.1;0.1;0.0
56.9;181.3;0.0;0.0
49.9;180.4;0.0;0.0
56.0;180.4;0.0;0.0
100.1;180.4;0.0;0.0
78.8;161.7;0.0;0.0
89.9;162.3;0.0;0.0
451.0;162.3;4.4;0.0
387.1;162.7;174.9;0.0
408.8;162.9;23.0;0.0
352.0;162.9;110.5;0.0
329.9;164.9;353.1;0.0
654.2;205.2;69.3;0.0
53.2;205.2;0.0;0.0
147.6;253.0;150.7;44.0
193.8;740.3;2227.9;0.0
72.8;1040.8;4570.1;0.0
97.9;1026.8;4122.0;0.0
111.0;1191.3;2056.5;40.0
64.0;566.6;7863.6;2156.0
71.6;563.6;3210.8;2816.0
69.8;249.1;4459.5;792.0
