59.0;156.2;68.2;0.0
67.1;114.0;167.6;0.0
234.8;307.3;436.2;0.0
445.0;156.2;395.3;0.0
0.0;156.2;133.5;0.0
355.0;201.9;182.1;0.0
84.9;188.5;3.0;0.0
500.0;188.5;62.0;0.0
251.0;187.7;105.0;0.0
56.2;187.7;0.0;0.0
68.9;190.9;0.0;0.0
102.0;190.9;49.0;0.0
212.9;220.5;315.3;0.0
1017.0;260.5;30.2;0.0
203.5;231.9;78.1;0.0
83.2;1036.2;6542.0;40.0
67.8;1350.2;11309.0;0.0
113.9;1352.2;5.1;3920.0
322.9;401.4;260.7;0.0
44.9;168.6;18.5;0.0
97.8;168.3;0.0;0.0
50.1;166.7;0.1;0.0
45.0;186.3;54.3;4.0
50.0;247.8;486.7;0.0
50.0;247.8;308.8;0.0
47.8;247.8;356.8;0.0
54.9;279.5;72.3;68.0
49.8;279.5;0.8;256.0
51.3;279.5;0.6;192.0
48.8;187.3;0.3;4.0
