49.9;287.0;424.2;0.0
94.0;240.9;238.4;0.0
400.8;322.5;355.8;0.0
530.9;313.0;164.6;0.0
445.0;156.4;300.3;0.0
391.0;225.4;13.4;0.0
352.0;199.3;143.0;0.0
50.0;161.8;0.0;0.0
50.0;161.8;0.0;0.0
66.6;180.9;0.0;0.0
69.5;189.9;0.0;0.0
494.5;188.1;99.0;0.0
304.6;192.1;76.0;0.0
55.8;182.2;3.3;0.0
518.0;182.2;70.4;0.0
227.3;180.4;111.1;0.0
71.5;185.4;11.0;0.0
348.9;185.4;186.0;0.0
69.0;224.4;221.3;0.0
483.9;231.9;369.5;0.0
504.4;377.6;480.4;40.0
246.8;992.6;6440.0;0.0
63.8;973.7;3677.8;44.0
107.7;831.5;3338.6;0.0
105.0;593.0;2488.9;0.0
97.0;464.0;3378.5;3920.0
99.5;854.4;3631.1;0.0
49.9;279.4;108.9;68.0
50.0;279.4;0.6;192.0
50.0;279.4;0.6;192.0
51.0;249.1;0.5;96.0
