95.0;172.8;238.0;0.0
49.9;159.7;221.8;0.0
219.8;230.9;344.1;0.0
159.8;299.4;146.4;0.0
328.9;156.4;350.1;0.0
50.0;156.4;36.2;0.0
208.3;177.2;91.9;0.0
79.1;178.5;0.0;0.0
54.8;178.5;0.0;0.0
69.0;178.5;0.0;0.0
87.0;178.5;0.0;0.0
49.9;161.8;0.0;0.0
65.9;161.8;0.0;0.0
205.9;162.4;3.3;0.0
500.0;184.4;97.9;0.0
270.6;183.8;75.1;0.0
486.2;182.0;0.0;0.0
611.6;182.0;79.1;0.0
158.5;183.0;42.8;0.0
44.9;165.6;316.7;0.0
952.1;188.1;280.8;0.0
358.8;199.1;77.0;0.0
344.1;291.5;172.9;44.0
316.7;502.8;4524.1;40.0
52.2;283.4;3831.9;0.0
55.0;283.4;1328.8;0.0
88.4;557.9;1278.7;0.0
73.0;313.1;3585.6;2156.0
82.0;316.1;4.8;1496.0
84.6;589.7;1.5;1272.0
