54.9;99.8;98.2;0.0
50.0;134.6;177.9;0.0
112.9;176.4;142.8;0.0
151.9;177.8;40.4;0.0
55.0;156.5;59.6;0.0
18.0;182.1;29.4;0.0
101.5;161.7;17.6;0.0
50.0;186.7;0.0;0.0
552.2;185.8;25.0;0.0
304.4;186.8;146.0;0.0
65.0;184.1;0.0;0.0
54.2;184.1;0.0;0.0
67.9;163.0;3.3;0.0
515.0;181.0;130.9;0.0
269.0;180.3;249.2;0.0
239.0;217.3;153.0;0.0
169.7;253.3;0.0;0.0
107.0;411.3;491.3;40.0
400.9;717.0;5666.8;0.0
677.0;992.5;3050.4;0.0
186.8;992.5;4508.0;0.0
58.8;975.4;3293.7;44.0
49.1;1129.3;86.5;680.0
49.2;577.6;6023.1;1920.0
49.9;249.6;3497.6;1360.0
48.1;250.0;340.6;0.0
48.1;281.0;72.5;132.0
50.7;281.0;0.6;192.0
49.8;281.0;0.6;192.0
48.2;189.0;0.3;24.0
