75.0;180.3;305.0;0.0
160.0;114.2;511.2;0.0
124.3;156.3;114.3;0.0
50.0;156.3;27.1;0.0
60.0;178.0;55.1;0.0
56.5;161.3;27.0;0.0
77.9;161.5;0.0;0.0
50.0;161.6;0.0;0.0
61.0;161.6;0.0;0.0
55.5;161.9;0.0;0.0
87.0;161.9;0.0;0.0
65.9;162.8;0.0;0.0
491.0;162.8;94.6;0.0
180.7;162.9;91.3;0.0
246.0;162.9;3.0;0.0
534.1;163.1;170.0;0.0
140.6;163.1;1.1;0.0
355.8;163.1;218.9;0.0
170.0;197.7;233.2;0.0
368.0;200.3;9.0;0.0
292.8;200.3;173.0;0.0
185.2;315.9;330.3;44.0
575.2;1344.2;13474.0;0.0
50.6;1178.9;20.9;5764.0
71.9;1157.1;17853.0;40.0
