80.0;98.5;103.7;0.0
90.0;138.1;167.5;0.0
140.8;178.1;139.2;0.0
99.9;185.1;53.6;0.0
55.0;156.1;19.7;0.0
5.0;178.8;59.1;0.0
184.0;160.2;47.3;0.0
69.0;161.5;0.0;0.0
83.1;161.5;0.0;0.0
64.4;161.5;0.0;0.0
50.0;161.7;0.0;0.0
78.6;161.7;0.0;0.0
50.0;162.0;0.0;0.0
247.0;162.6;4.4;0.0
495.0;162.6;161.7;0.0
97.0;163.0;12.4;0.0
500.0;163.1;98.0;0.0
211.0;163.1;79.0;0.0
108.2;163.1;23.1;0.0
435.0;164.6;398.2;0.0
485.0;210.3;80.3;0.0
261.0;205.3;13.0;0.0
399.9;201.4;169.7;44.0
308.0;1364.8;13779.7;0.0
335.0;1348.1;5.6;2156.0
66.7;1348.1;11.0;3520.0
