55.5;116.2;786.6;0.0
210.2;297.8;433.2;0.0
445.0;156.4;403.3;0.0
0.0;156.4;163.9;0.0
99.0;188.4;66.0;0.0
477.0;208.4;72.6;0.0
498.0;215.1;160.6;0.0
101.8;161.5;14.3;0.0
50.0;161.8;0.0;0.0
107.8;161.9;0.0;0.0
83.0;161.9;0.0;0.0
69.9;161.9;0.0;0.0
49.9;162.1;0.0;0.0
60.9;162.1;0.0;0.0
269.9;162.8;4.4;0.0
99.0;162.8;4.0;0.0
149.0;162.8;160.0;0.0
499.0;163.2;176.0;0.0
59.5;163.3;0.0;0.0
97.5;163.3;0.0;0.0
74.0;163.3;0.0;0.0
99.9;163.3;21.3;0.0
55.0;165.0;34.2;0.0
180.0;200.5;26.4;0.0
274.8;205.5;0.0;0.0
88.9;170.6;172.7;44.0
101.0;297.5;284.6;40.0
111.0;530.0;4666.9;0.0
107.3;248.0;4667.4;0.0
63.0;248.4;1338.8;0.0
49.4;567.6;2983.9;748.0
107.9;279.6;721.8;2136.0
64.0;279.6;2.6;832.0
80.0;576.3;3.3;1596.0
