88.7;278.4;1054.8;0.0
141.0;568.8;193.8;0.0
383.8;357.9;656.3;0.0
497.8;196.6;219.3;0.0
439.0;226.0;173.3;0.0
457.0;208.5;174.1;0.0
550.0;195.0;69.0;0.0
306.4;195.3;100.0;0.0
80.2;199.4;0.0;0.0
101.0;199.4;39.0;0.0
480.2;202.6;298.0;0.0
492.5;255.6;87.0;0.0
119.5;243.2;0.0;0.0
405.8;418.2;454.7;40.0
186.0;1041.5;6447.9;0.0
68.9;1041.5;3952.0;0.0
51.3;1045.5;3230.0;0.0
84.6;1296.7;3593.3;0.0
409.9;1339.4;359.7;1320.0
194.7;1307.9;74.3;1920.0
66.1;897.8;149.0;684.0
51.8;222.2;459.1;0.0
48.2;249.6;281.1;0.0
48.5;249.6;337.2;0.0
54.5;281.0;187.3;0.0
49.7;281.0;0.8;260.0
48.6;281.0;0.6;192.0
50.0;250.7;0.5;72.0
