83.2;175.8;319.8;0.0
64.5;115.7;531.9;0.0
164.8;297.4;438.1;0.0
328.9;156.1;402.3;0.0
6.8;156.1;54.3;0.0
100.8;189.8;75.7;0.0
58.0;192.5;1.0;0.0
493.2;192.5;23.0;0.0
277.9;195.5;161.0;0.0
50.0;195.5;0.0;0.0
70.3;192.8;0.0;0.0
93.0;197.8;3.0;0.0
200.9;190.6;44.3;0.0
348.0;226.6;286.4;0.0
365.6;262.1;53.3;0.0
61.0;262.1;0.0;0.0
61.0;344.1;181.0;40.0
88.5;1356.1;17641.1;680.0
237.9;1356.1;76.1;3240.0
82.0;378.8;365.2;0.0
94.3;168.3;3.9;0.0
47.0;166.7;0.1;0.0
48.8;186.3;53.1;4.0
51.9;247.9;726.1;0.0
48.8;248.5;405.9;0.0
49.1;279.4;147.6;68.0
48.6;279.4;0.6;192.0
51.8;249.2;1.1;284.0
52.5;184.7;0.0;0.0
