94.9;305.2;758.1;0.0
339.2;345.2;168.1;0.0
550.9;418.8;404.5;0.0
127.8;156.0;722.8;0.0
0.0;156.0;169.2;0.0
487.0;225.4;179.3;0.0
195.9;209.1;65.2;0.0
522.5;197.4;67.0;0.0
356.0;197.5;110.0;0.0
50.0;197.5;0.0;0.0
58.1;197.5;0.0;0.0
50.0;194.8;0.0;0.0
125.8;199.8;9.0;0.0
79.9;195.3;39.3;0.0
254.9;231.3;299.7;0.0
450.8;243.7;104.0;0.0
113.9;419.7;537.0;40.0
81.0;1044.9;6499.0;0.0
114.5;1044.9;3422.1;0.0
185.0;1044.9;3848.0;0.0
379.9;1340.9;3130.4;0.0
649.2;1311.2;46.8;1960.0
136.9;1311.2;6.0;1920.0
57.1;348.8;157.6;4.0
49.9;218.7;135.1;0.0
50.0;249.6;496.7;0.0
50.0;249.6;314.8;0.0
50.0;272.4;315.7;0.0
50.0;281.2;2.2;132.0
50.0;281.2;0.8;256.0
50.0;281.2;0.4;128.0
50.0;189.1;0.3;4.0
