114.7;338.5;135.3;0.0
81.5;238.8;281.2;0.0
357.5;345.7;431.4;0.0
402.2;321.4;206.2;0.0
493.9;155.9;421.3;0.0
0.0;155.9;20.9;0.0
0.0;155.9;41.0;0.0
100.0;197.9;215.0;0.0
543.0;224.9;147.4;0.0
304.9;200.9;141.9;0.0
61.0;161.6;0.0;0.0
92.0;161.6;0.0;0.0
55.0;161.7;0.0;0.0
49.9;161.7;0.0;0.0
50.0;161.7;0.0;0.0
103.5;162.0;0.0;0.0
49.8;162.0;0.0;0.0
405.0;163.0;24.2;0.0
249.0;163.0;4.0;0.0
0.0;163.0;18.0;0.0
110.0;163.1;174.9;0.0
444.5;163.3;152.0;0.0
50.0;163.3;0.0;0.0
58.0;163.3;0.0;0.0
105.0;163.3;14.3;0.0
408.0;165.0;394.9;0.0
517.6;209.6;78.1;2332.0
550.1;209.6;140.0;0.0
480.2;226.9;79.8;44.0
207.8;377.5;338.5;0.0
54.5;875.9;5596.3;40.0
92.0;249.9;3114.8;0.0
57.4;250.4;662.0;0.0
98.5;591.7;2942.3;748.0
91.0;591.7;3340.8;2816.0
73.4;281.7;1329.6;1432.0
49.9;1113.5;1.3;956.0
