45.0;180.7;292.2;0.0
50.0;164.8;123.6;0.0
234.3;219.3;342.2;0.0
317.8;282.1;173.3;0.0
218.9;156.0;290.2;0.0
99.0;193.0;146.0;0.0
461.0;215.6;232.1;0.0
75.9;179.0;33.0;0.0
49.9;161.3;0.0;0.0
66.2;161.3;0.0;0.0
85.0;161.3;0.0;0.0
110.0;161.7;0.0;0.0
75.5;161.7;0.0;0.0
125.0;161.7;0.0;0.0
400.0;162.3;25.3;0.0
70.8;179.5;154.4;0.0
497.8;179.5;168.0;0.0
104.8;179.8;1.0;0.0
68.0;179.8;12.1;0.0
200.9;179.8;192.5;0.0
62.7;165.7;273.9;0.0
450.9;198.0;5.4;0.0
530.4;195.2;335.0;0.0
153.9;366.6;554.0;44.0
327.0;1036.5;5162.1;0.0
90.0;1018.5;3344.0;0.0
66.0;1018.5;3568.4;0.0
88.0;1380.2;1366.3;708.0
50.0;281.2;17779.6;2112.0
64.0;281.2;6.6;2152.0
81.0;876.8;2.5;796.0
