59.0;239.5;309.4;0.0
138.9;190.1;269.2;0.0
179.2;269.9;379.2;0.0
402.5;304.1;93.3;0.0
109.9;156.1;301.0;0.0
5.0;189.2;37.6;0.0
402.0;178.5;123.0;0.0
69.0;161.5;0.0;0.0
98.0;161.6;0.0;0.0
59.0;161.6;0.0;0.0
63.5;161.9;0.0;0.0
62.0;161.9;0.0;0.0
101.9;161.9;0.0;0.0
346.8;162.8;25.3;0.0
149.9;163.1;168.3;0.0
98.0;163.1;53.1;0.0
168.9;165.3;272.8;0.0
751.0;209.4;11.9;0.0
72.2;211.6;0.0;0.0
48.9;1105.9;6303.0;44.0
58.9;1105.9;3473.8;0.0
306.6;1448.5;4884.1;0.0
621.0;1445.7;279.6;2156.0
193.7;1410.7;155.6;2112.0
