90.0;350.0;1218.0;0.0
262.9;585.9;285.0;0.0
712.8;419.2;903.9;0.0
725.5;281.9;231.4;0.0
330.8;223.4;339.1;0.0
466.0;232.4;188.2;0.0
306.4;198.2;38.5;0.0
313.6;182.1;114.0;0.0
136.2;163.1;3.3;0.0
529.0;163.1;112.2;0.0
140.4;163.4;64.9;0.0
72.8;163.4;11.0;0.0
185.0;163.4;181.0;0.0
159.9;244.4;257.3;0.0
417.0;211.0;360.9;0.0
478.0;363.3;466.9;40.0
168.4;990.5;6375.0;0.0
89.0;990.5;3166.0;0.0
95.0;829.4;3512.2;44.0
124.4;483.9;1696.7;0.0
49.8;591.9;3383.6;1320.0
63.8;591.9;3522.6;1280.0
103.8;555.6;1729.9;708.0
56.4;279.6;0.6;192.0
46.8;279.6;0.8;256.0
53.0;249.1;0.3;36.0
