80.0;114.3;149.3;0.0
94.9;112.7;141.8;0.0
102.9;176.6;105.1;0.0
155.9;156.5;79.9;0.0
7.0;156.7;22.8;0.0
53.9;159.3;20.7;0.0
89.6;162.1;0.0;0.0
48.8;162.3;0.0;0.0
396.0;163.0;25.3;0.0
378.4;163.1;161.7;0.0
80.8;163.1;0.0;0.0
111.0;163.6;12.1;0.0
483.0;163.6;0.0;0.0
537.0;163.6;0.0;0.0
500.0;163.6;0.0;0.0
200.0;163.6;4.0;0.0
99.0;163.6;176.0;0.0
468.0;163.6;0.0;0.0
534.0;163.6;0.0;0.0
498.0;163.6;0.0;0.0
500.0;163.6;0.0;0.0
499.0;163.6;31.0;0.0
50.0;209.6;371.0;0.0
585.0;227.6;65.0;0.0
446.0;406.6;540.0;40.0
529.0;1034.6;6243.0;0.0
495.0;1034.6;3665.0;0.0
500.0;1037.6;2914.0;0.0
479.0;1037.6;3527.0;0.0
550.0;1347.6;929.0;680.0
483.0;1350.6;4.0;1280.0
486.0;1350.6;6.0;1920.0
545.0;427.6;3.0;40.0
0.0;163.6;0.0;0.0
0.0;163.6;0.0;0.0
0.0;163.6;0.0;0.0
0.0;163.6;0.0;0.0
0.0;163.6;0.0;0.0
0.0;163.6;0.0;0.0
0.0;163.6;0.0;0.0
0.0;163.6;0.0;0.0
0.0;163.6;0.0;0.0
0.0;163.6;0.0;0.0
0.0;163.6;0.0;0.0
0.0;163.6;0.0;0.0
0.0;163.6;0.0;0.0
0.0;163.6;0.0;0.0
0.0;163.6;0.0;0.0
0.0;163.6;0.0;0.0
0.0;163.6;0.0;0.0
0.0;163.6;0.0;0.0
0.0;163.6;0.0;0.0
0.0;163.6;0.0;0.0
0.0;163.6;0.0;0.0
0.0;163.6;0.0;0.0
0.0;163.6;0.0;0.0
0.0;163.6;0.0;0.0
0.0;163.6;0.0;0.0
0.0;163.6;0.0;0.0
0.0;163.6;0.0;0.0
0.0;163.6;2.9;0.0
24.4;165.5;34.2;0.0
100.8;168.8;6.3;0.0
62.9;168.8;0.0;0.0
44.9;170.5;14.6;4.0
51.0;279.0;1266.7;68.0
48.1;279.0;0.8;256.0
50.8;248.5;0.9;204.0
47.4;184.0;0.0;0.0
