126.4;265.5;1020.2;0.0
385.1;363.3;497.4;0.0
539.5;315.0;204.2;0.0
438.9;156.1;299.3;0.0
246.0;205.1;36.8;0.0
364.0;197.1;146.3;0.0
50.0;161.8;0.0;0.0
75.9;161.8;0.0;0.0
50.5;161.9;0.0;0.0
90.9;161.9;0.0;0.0
91.0;162.1;0.0;0.0
117.1;162.1;0.0;0.0
135.0;162.8;3.3;0.0
496.0;181.8;100.1;0.0
333.9;163.5;26.3;0.0
261.0;163.5;121.0;0.0
56.1;163.5;0.0;0.0
94.1;163.5;12.1;0.0
229.9;163.7;172.7;0.0
399.9;189.4;283.8;0.0
401.0;188.8;294.0;0.0
305.2;167.8;89.0;0.0
245.8;190.1;96.3;44.0
224.0;354.9;420.5;40.0
56.0;854.2;5441.7;0.0
49.9;248.2;5131.2;0.0
50.0;275.2;837.0;0.0
50.0;571.0;1983.9;748.0
75.0;280.0;2669.6;2112.0
56.7;280.0;2.6;792.0
59.0;576.5;1.5;1056.0
