77.9;194.8;330.0;0.0
85.0;116.1;613.9;0.0
178.3;140.2;67.6;0.0
192.9;156.1;44.6;0.0
0.0;156.1;0.0;0.0
0.0;156.1;1.1;0.0
0.0;156.1;1.0;0.0
0.0;156.1;14.3;0.0
0.0;156.1;13.0;0.0
0.0;156.1;7.7;0.0
0.0;156.1;7.0;0.0
0.0;156.1;6.6;0.0
0.0;156.1;7.0;0.0
0.0;156.1;4.4;0.0
0.0;156.1;5.0;0.0
0.0;156.1;5.5;0.0
0.0;156.1;4.0;0.0
55.0;156.1;7.7;0.0
0.0;156.1;5.0;0.0
0.0;156.1;4.4;0.0
0.0;156.1;4.0;0.0
481.8;201.5;8.8;0.0
90.0;160.5;6.0;0.0
505.0;160.5;0.0;0.0
530.0;160.5;2.1;0.0
298.0;160.5;0.0;0.0
0.0;160.5;14.3;0.0
0.0;160.5;1.0;0.0
0.0;160.5;7.7;0.0
49.0;160.5;13.0;0.0
0.0;160.5;6.6;0.0
0.0;160.5;7.0;0.0
0.0;160.5;5.5;0.0
0.0;160.5;4.0;0.0
0.0;160.5;6.6;0.0
0.0;160.5;3.0;0.0
0.0;160.5;5.5;0.0
0.0;160.5;4.0;0.0
496.1;160.9;7.7;0.0
548.9;160.9;9.1;0.0
0.0;160.9;0.0;0.0
0.0;160.9;1.2;0.0
0.0;160.9;0.0;0.0
148.0;160.9;24.6;0.0
502.0;160.9;0.0;0.0
500.0;160.9;4.4;0.0
99.0;160.9;0.0;0.0
0.0;160.9;9.0;0.0
0.0;160.9;0.0;0.0
0.0;160.9;18.7;0.0
0.0;160.9;0.0;0.0
0.0;160.9;5.9;0.0
0.0;160.9;0.0;0.0
0.0;160.9;2.2;0.0
0.0;160.9;0.0;0.0
108.9;161.4;4.2;0.0
702.9;161.8;0.0;0.0
161.7;162.1;4.5;0.0
529.1;403.2;594.0;44.0
487.9;1085.2;6461.3;0.0
595.1;1427.3;5965.3;0.0
531.3;1427.3;2.4;1452.0
488.4;1427.3;3.8;2816.0
451.9;1092.1;2.5;924.0
