103.6;113.5;142.4;0.0
92.0;158.8;92.2;0.0
197.9;139.1;122.2;0.0
40.0;156.8;40.1;0.0
0.0;156.8;0.0;0.0
0.0;156.8;1.0;0.0
0.0;156.8;1.1;0.0
0.0;156.8;0.0;0.0
0.0;156.8;2.2;0.0
0.0;156.8;0.0;0.0
0.0;156.8;0.7;0.0
0.0;156.8;0.0;0.0
55.0;156.8;1.5;0.0
0.0;156.8;1.0;0.0
0.0;156.8;3.7;0.0
0.0;156.8;0.0;0.0
0.0;156.8;1.6;0.0
0.0;156.8;0.0;0.0
0.0;156.8;0.5;0.0
0.0;156.8;0.0;0.0
0.0;156.8;2.6;0.0
0.0;156.8;0.0;0.0
266.9;160.3;0.6;0.0
231.7;160.3;3.0;0.0
540.1;160.5;0.0;0.0
555.5;161.1;2.3;0.0
0.0;161.1;0.0;0.0
0.0;161.1;12.1;0.0
0.0;161.1;0.0;0.0
0.0;161.1;7.3;0.0
0.0;161.1;0.0;0.0
55.0;161.1;2.7;0.0
0.0;161.1;0.0;0.0
0.0;161.1;1.5;0.0
0.0;161.1;0.0;0.0
0.0;161.1;1.5;0.0
0.0;161.1;0.0;0.0
0.0;161.1;1.6;0.0
0.0;161.1;0.0;0.0
0.0;161.1;1.5;0.0
484.0;161.1;3.0;0.0
162.0;161.3;6.6;0.0
155.0;161.3;11.0;0.0
616.0;161.3;12.1;0.0
0.0;161.3;2.0;0.0
0.0;161.3;2.2;0.0
0.0;161.3;26.0;0.0
108.9;161.3;20.9;0.0
0.0;161.3;7.7;0.0
0.0;161.3;7.7;0.0
0.0;161.3;4.7;0.0
0.0;161.3;5.5;0.0
0.0;161.3;2.7;0.0
0.0;161.3;4.4;0.0
0.0;161.3;5.5;0.0
0.0;161.3;4.4;0.0
0.0;161.3;6.5;0.0
0.0;161.3;5.5;0.0
438.0;161.3;0.6;0.0
348.0;161.3;3.5;0.0
586.3;162.3;7.7;0.0
328.9;162.7;3.7;0.0
532.4;365.0;544.5;44.0
162.1;1015.6;4525.1;40.0
68.1;548.6;2131.0;0.0
223.1;580.7;750.1;0.0
306.0;580.7;3568.4;1452.0
66.4;276.7;3189.1;3476.0
67.5;1137.7;2.0;680.0
