71.5;133.6;265.9;0.0
95.0;201.1;196.6;0.0
116.8;181.8;319.1;0.0
189.0;237.2;158.1;0.0
99.0;156.2;167.0;0.0
0.0;156.2;1.1;0.0
0.0;156.2;1.0;0.0
0.0;156.2;4.4;0.0
0.0;156.2;5.8;0.0
0.0;156.2;0.0;0.0
0.0;156.2;0.7;0.0
0.0;156.2;0.0;0.0
0.0;156.2;1.6;0.0
0.0;156.2;6.6;0.0
0.0;156.2;9.0;0.0
0.0;156.2;3.3;0.0
351.0;197.2;10.1;0.0
498.0;199.2;4.4;0.0
490.0;199.2;1.1;0.0
499.0;206.2;1.4;0.0
0.0;206.2;1.1;0.0
0.0;206.2;3.4;0.0
543.4;160.0;2.2;0.0
540.1;160.3;12.0;0.0
566.5;160.8;3.3;0.0
383.9;160.8;7.0;0.0
0.0;160.8;0.0;0.0
0.0;160.8;5.1;0.0
0.0;160.8;0.0;0.0
0.0;160.8;5.2;0.0
0.0;160.8;0.0;0.0
0.0;160.8;2.7;0.0
449.0;160.8;2.0;0.0
522.0;160.8;4.4;0.0
485.0;160.8;11.0;0.0
0.0;160.8;3.3;0.0
0.0;160.8;2.0;0.0
0.0;160.8;4.4;0.0
0.0;160.8;13.0;0.0
0.0;160.8;6.6;0.0
0.0;160.8;0.0;0.0
317.9;161.0;0.7;0.0
556.6;161.0;0.0;0.0
574.2;161.0;8.1;0.0
0.0;161.0;0.0;0.0
0.0;161.0;14.2;0.0
0.0;161.0;0.0;0.0
199.0;161.0;15.5;0.0
0.0;161.0;0.0;0.0
0.0;161.0;15.4;0.0
0.0;161.0;0.0;0.0
0.0;161.0;11.0;0.0
0.0;161.0;0.0;0.0
55.0;161.0;9.9;0.0
0.0;161.0;0.0;0.0
0.0;161.0;11.0;0.0
0.0;161.0;0.0;0.0
0.0;161.0;8.8;0.0
0.0;161.0;0.0;0.0
210.1;161.5;12.1;0.0
605.0;161.9;0.0;0.0
273.9;163.9;82.5;44.0
475.2;580.4;481.8;0.0
580.8;1074.3;6112.7;0.0
558.8;1416.4;6332.7;748.0
554.4;1083.1;16.5;4312.0
