122.9;253.7;686.6;0.0
273.0;329.1;103.0;0.0
161.5;309.7;510.8;0.0
616.9;263.3;154.3;0.0
163.9;156.4;330.0;0.0
0.0;156.4;1.0;0.0
0.0;156.4;1.1;0.0
0.0;156.4;12.0;0.0
0.0;156.4;14.3;0.0
0.0;156.4;7.0;0.0
0.0;156.4;7.7;0.0
0.0;156.4;5.0;0.0
0.0;156.4;6.6;0.0
0.0;156.4;7.0;0.0
0.0;156.4;6.6;0.0
0.0;156.4;4.0;0.0
0.0;156.4;6.6;0.0
0.0;156.4;3.1;0.0
0.0;156.4;4.4;0.0
0.0;156.4;4.1;0.0
0.0;156.4;5.5;0.0
184.0;194.4;3.1;0.0
498.0;204.4;5.5;0.0
153.6;160.4;1.2;0.0
553.3;160.6;0.0;0.0
544.5;160.6;1.0;0.0
481.8;161.2;3.3;0.0
0.0;161.2;12.0;0.0
0.0;161.2;1.1;0.0
0.0;161.2;7.0;0.0
0.0;161.2;12.1;0.0
0.0;161.2;6.0;0.0
0.0;161.2;7.7;0.0
0.0;161.2;3.0;0.0
0.0;161.2;5.5;0.0
0.0;161.2;4.0;0.0
0.0;161.2;5.5;0.0
0.0;161.2;1.4;0.0
0.0;161.2;1.1;0.0
466.0;161.2;0.5;0.0
498.0;161.2;11.0;0.0
0.0;161.4;7.7;0.0
551.1;161.4;2.0;0.0
595.1;161.4;0.0;0.0
546.7;161.5;15.1;0.0
0.0;161.5;0.0;0.0
0.0;161.5;12.2;0.0
0.0;161.5;0.0;0.0
0.0;161.5;16.4;0.0
0.0;161.5;0.0;0.0
55.0;161.5;6.4;0.0
0.0;161.5;0.0;0.0
0.0;161.5;1.0;0.0
0.0;161.5;0.0;0.0
0.0;161.5;1.9;0.0
0.0;161.5;0.0;0.0
0.0;161.5;1.8;0.0
0.0;161.5;0.0;0.0
247.0;161.5;2.7;0.0
822.0;232.5;128.0;40.0
355.2;692.9;1149.0;0.0
100.0;999.4;6640.0;0.0
256.8;985.9;3380.7;44.0
56.9;1117.0;52.0;680.0
49.9;563.5;4279.6;1920.0
89.5;559.9;3400.5;1280.0
64.6;852.9;3745.8;520.0
49.9;277.2;91.5;68.0
50.0;277.2;0.6;192.0
50.9;277.2;0.6;192.0
49.8;185.0;0.3;20.0
