100.0;184.8;301.6;0.0
60.0;183.9;139.0;0.0
172.6;221.6;383.0;0.0
211.0;271.7;144.5;0.0
218.9;156.4;347.6;0.0
0.0;156.4;0.0;0.0
0.0;156.4;0.1;0.0
0.0;156.4;0.0;0.0
0.0;156.4;2.2;0.0
0.0;156.4;0.0;0.0
0.0;156.4;0.7;0.0
0.0;156.4;0.0;0.0
0.0;156.4;1.4;0.0
0.0;156.4;0.0;0.0
0.0;156.4;1.3;0.0
0.0;156.4;0.0;0.0
0.0;156.4;0.4;0.0
0.0;156.4;0.0;0.0
0.0;156.4;1.4;0.0
0.0;156.4;0.0;0.0
0.0;156.4;0.5;0.0
0.0;156.4;0.0;0.0
186.0;159.3;0.6;0.0
74.9;160.0;0.0;0.0
91.4;160.2;0.0;0.0
49.6;160.8;3.0;0.0
438.9;160.8;3.3;0.0
0.0;160.8;1.0;0.0
0.0;160.8;1.1;0.0
0.0;160.8;0.0;0.0
0.0;160.8;14.3;0.0
0.0;160.8;0.0;0.0
0.0;160.8;0.0;0.0
0.0;160.8;7.7;0.0
0.0;160.8;0.0;0.0
0.0;160.8;5.5;0.0
0.0;160.8;0.0;0.0
0.0;160.8;4.4;0.0
0.0;160.8;0.0;0.0
0.0;160.8;4.4;0.0
0.0;160.8;0.0;0.0
0.0;160.8;6.6;0.0
0.0;160.8;13.0;0.0
541.2;161.0;7.7;0.0
525.8;161.0;0.0;0.0
495.0;161.0;5.1;0.0
0.0;161.0;0.0;0.0
0.0;161.0;4.2;0.0
0.0;161.0;0.0;0.0
55.0;161.0;22.5;0.0
0.0;161.0;0.0;0.0
0.0;161.0;9.4;0.0
0.0;161.0;0.0;0.0
0.0;161.0;7.1;0.0
0.0;161.0;0.0;0.0
0.0;161.0;4.9;0.0
0.0;161.0;0.0;0.0
330.0;161.0;3.9;0.0
490.0;161.0;0.0;0.0
574.0;161.0;3.8;0.0
0.0;161.0;0.0;0.0
365.2;161.5;11.2;0.0
440.0;161.9;0.0;0.0
107.8;162.3;22.4;0.0
552.2;1424.5;13029.5;792.0
443.3;1427.8;6.8;2816.0
644.6;1404.7;7.7;1496.0
528.0;382.8;12.0;0.0
