45.0;153.5;325.2;0.0
140.0;213.5;191.6;0.0
178.9;161.3;218.0;0.0
256.0;156.0;40.1;0.0
0.0;156.0;0.0;0.0
50.0;156.0;1.0;0.0
0.0;156.0;1.1;0.0
0.0;156.0;13.0;0.0
55.0;156.0;14.3;0.0
0.0;156.0;7.0;0.0
0.0;156.0;7.7;0.0
0.0;156.0;7.0;0.0
0.0;156.0;6.6;0.0
0.0;156.0;6.0;0.0
0.0;156.0;4.4;0.0
0.0;156.0;6.0;0.0
0.0;156.0;3.3;0.0
0.0;156.0;6.0;0.0
0.0;156.0;5.5;0.0
0.0;156.0;5.0;0.0
0.0;156.0;5.5;0.0
244.0;200.0;6.0;0.0
199.0;159.3;6.6;0.0
50.0;159.8;0.0;0.0
127.0;159.8;3.0;0.0
587.4;160.2;3.3;0.0
0.0;160.2;1.0;0.0
0.0;160.2;1.1;0.0
0.0;160.2;13.0;0.0
0.0;160.2;13.2;0.0
0.0;160.2;7.0;0.0
0.0;160.2;7.7;0.0
0.0;160.2;6.0;0.0
0.0;160.2;5.5;0.0
0.0;160.2;6.0;0.0
0.0;160.2;5.5;0.0
0.0;160.2;7.0;0.0
0.0;160.2;5.5;0.0
0.0;160.2;4.0;0.0
0.0;160.2;5.5;0.0
0.0;160.2;1.1;0.0
301.8;160.8;0.6;0.0
100.9;160.8;11.0;0.0
568.7;160.8;12.1;0.0
218.9;160.8;2.0;0.0
0.0;160.8;2.2;0.0
0.0;160.8;26.0;0.0
0.0;160.8;6.6;0.0
0.0;160.8;9.1;0.0
0.0;160.8;6.6;0.0
0.0;160.8;2.8;0.0
0.0;160.8;0.0;0.0
0.0;160.8;4.1;0.0
0.0;160.8;0.0;0.0
0.0;160.8;4.9;0.0
0.0;160.8;3.0;0.0
0.0;160.8;6.7;0.0
0.0;160.8;6.0;0.0
0.0;160.8;8.9;0.0
618.0;177.8;4.5;0.0
671.0;161.7;3.6;0.0
163.9;162.4;5.5;0.0
482.4;337.8;180.9;44.0
49.8;734.2;4345.3;40.0
98.2;548.3;788.9;0.0
62.6;245.3;878.2;0.0
79.3;582.6;2996.3;0.0
65.0;276.6;1615.6;2156.0
70.0;276.6;2.6;872.0
84.0;556.3;3.3;1452.0
