77.1;326.9;1223.6;0.0
342.8;341.4;977.0;0.0
608.5;307.6;179.8;0.0
385.0;156.7;441.1;0.0
0.0;156.7;1.0;0.0
0.0;156.7;1.1;0.0
0.0;156.7;0.0;0.0
0.0;156.7;8.4;0.0
0.0;156.7;8.8;0.0
0.0;156.7;0.7;0.0
0.0;156.7;5.0;0.0
0.0;156.7;0.0;0.0
0.0;156.7;1.5;0.0
0.0;156.7;1.1;0.0
0.0;156.7;0.4;0.0
0.0;156.7;1.1;0.0
0.0;156.7;0.4;0.0
0.0;156.7;4.4;0.0
0.0;156.7;5.1;0.0
0.0;156.7;4.4;0.0
389.0;190.7;4.1;0.0
499.0;158.6;7.7;0.0
62.2;161.0;0.0;0.0
35.0;161.0;0.3;0.0
0.0;161.0;0.0;0.0
0.0;161.0;0.1;0.0
0.0;161.0;0.0;0.0
50.0;161.0;13.0;0.0
0.0;161.0;0.0;0.0
0.0;161.0;7.0;0.0
0.0;161.0;0.0;0.0
0.0;161.0;6.0;0.0
0.0;161.0;14.3;0.0
0.0;161.0;4.0;0.0
0.0;161.0;7.7;0.0
0.0;161.0;0.0;0.0
55.0;161.0;3.6;0.0
0.0;161.0;4.0;0.0
0.0;161.0;4.4;0.0
0.0;161.0;5.0;0.0
0.0;161.0;4.4;0.0
0.0;161.0;3.0;0.0
490.0;161.0;6.6;0.0
504.0;161.0;1.1;0.0
394.9;161.3;5.6;0.0
537.9;161.3;0.0;0.0
562.1;161.3;10.1;0.0
0.0;161.3;0.0;0.0
0.0;161.3;22.2;0.0
0.0;161.3;0.0;0.0
0.0;161.3;11.3;0.0
0.0;161.3;0.0;0.0
50.0;161.3;4.4;0.0
0.0;161.3;0.0;0.0
55.0;161.3;7.1;0.0
0.0;161.3;3.0;0.0
0.0;161.3;5.9;0.0
0.0;161.3;2.0;0.0
0.0;161.3;3.7;0.0
0.0;161.3;3.1;0.0
50.0;161.3;2.9;0.0
604.0;161.3;3.1;0.0
0.0;161.8;11.0;0.0
711.2;162.3;4.1;0.0
50.6;162.6;5.5;0.0
572.0;362.5;194.0;44.0
539.0;1077.5;7190.7;0.0
165.7;895.5;5316.9;40.0
88.5;591.8;4212.2;748.0
58.1;587.8;3028.8;2816.0
84.2;819.9;3995.7;1496.0
