140.9;277.1;373.5;240.0
180.3;164.2;667.2;120.0
168.9;163.9;151.2;0.0
186.0;156.0;64.1;0.0
0.0;156.0;0.0;0.0
0.0;156.0;1.0;0.0
0.0;156.0;1.1;0.0
0.0;156.0;12.0;0.0
0.0;156.0;13.2;0.0
0.0;156.0;7.0;0.0
0.0;156.0;7.7;0.0
0.0;156.0;5.0;0.0
0.0;156.0;5.5;0.0
0.0;156.0;3.0;0.0
0.0;156.0;0.4;0.0
0.0;156.0;3.0;0.0
450.0;196.0;2.6;0.0
524.0;198.0;0.0;0.0
500.0;198.0;5.5;0.0
498.0;205.0;3.0;0.0
0.0;205.0;5.5;0.0
0.0;205.0;1.0;0.0
477.4;159.7;5.5;0.0
500.9;159.7;13.0;0.0
550.0;160.0;0.0;0.0
566.5;160.6;4.3;3080.0
0.0;160.6;0.0;0.0
0.0;160.6;6.1;0.0
0.0;160.6;0.0;0.0
0.0;160.6;7.3;0.0
0.0;160.6;0.0;0.0
55.0;160.6;1.7;0.0
498.0;160.6;0.0;0.0
483.0;160.6;6.6;0.0
499.0;160.6;11.0;0.0
0.0;160.6;3.3;0.0
0.0;160.6;2.0;0.0
0.0;160.6;4.4;0.0
0.0;160.6;25.0;0.0
0.0;160.6;4.4;0.0
0.0;160.6;14.0;0.0
0.0;160.6;5.5;0.0
327.8;160.8;9.1;0.0
550.0;160.8;0.0;0.0
563.2;160.8;4.1;0.0
0.0;160.8;0.0;0.0
249.0;160.8;13.2;0.0
824.0;237.8;128.0;40.0
537.0;1321.8;11679.6;240.0
498.0;1324.8;4.0;1320.0
494.0;1324.8;9.4;1920.0
475.0;1019.8;7.0;1680.0
0.0;160.8;1.1;0.0
0.0;160.8;0.0;0.0
0.0;160.8;1.0;0.0
0.0;160.8;0.0;0.0
0.0;160.8;0.9;0.0
0.0;160.8;0.0;0.0
0.0;160.8;1.0;0.0
0.0;160.8;0.0;0.0
28.9;161.3;1.3;0.0
45.0;161.7;0.0;0.0
29.9;163.7;10.1;4.0
50.0;183.4;45.2;0.0
45.0;245.1;490.1;0.0
53.9;245.1;317.7;0.0
52.0;275.7;323.0;0.0
49.0;276.2;1.8;68.0
48.5;276.2;0.8;256.0
50.0;276.2;0.4;128.0
50.4;184.2;0.3;8.0
