50.0;188.6;297.0;0.0
50.0;184.9;135.2;0.0
218.8;222.4;378.6;0.0
265.9;269.8;137.3;0.0
165.0;156.1;341.0;0.0
0.0;156.1;1.0;0.0
0.0;156.1;1.1;0.0
0.0;156.1;0.0;0.0
0.0;156.1;1.3;0.0
0.0;156.1;0.0;0.0
0.0;156.1;0.7;0.0
0.0;156.1;0.0;0.0
0.0;156.1;1.5;0.0
0.0;156.1;0.0;0.0
0.0;156.1;1.4;0.0
0.0;156.1;0.0;0.0
0.0;156.1;0.4;0.0
0.0;156.1;0.0;0.0
55.0;156.1;1.6;0.0
0.0;156.1;0.0;0.0
0.0;156.1;1.6;0.0
0.0;156.1;0.0;0.0
151.7;160.2;2.6;0.0
59.1;161.0;0.0;0.0
124.0;161.0;0.3;0.0
0.0;161.0;0.0;0.0
0.0;161.0;0.1;0.0
0.0;161.0;0.0;0.0
0.0;161.0;2.3;0.0
0.0;161.0;7.0;0.0
0.0;161.0;7.7;0.0
0.0;161.0;6.0;0.0
0.0;161.0;6.6;0.0
0.0;161.0;5.0;0.0
55.0;161.0;7.7;0.0
0.0;161.0;7.0;0.0
0.0;161.0;7.7;0.0
0.0;161.0;6.0;0.0
0.0;161.0;5.5;0.0
0.0;161.0;6.0;0.0
162.8;161.2;5.6;0.0
365.0;161.2;3.0;0.0
102.9;161.2;12.1;0.0
320.9;161.2;11.0;0.0
99.0;161.2;1.1;0.0
0.0;161.2;1.1;0.0
0.0;161.2;0.0;0.0
0.0;161.2;3.6;0.0
0.0;161.2;0.0;0.0
0.0;161.2;1.4;0.0
0.0;161.2;0.0;0.0
0.0;161.2;2.1;0.0
0.0;161.2;0.0;0.0
55.0;161.2;4.8;0.0
0.0;161.2;4.0;0.0
0.0;161.2;4.8;0.0
0.0;161.2;4.0;0.0
0.0;161.2;4.9;0.0
0.0;161.2;4.0;0.0
470.8;162.2;8.2;0.0
353.9;162.2;6.0;0.0
79.9;166.6;83.9;4.0
76.4;491.8;105.5;0.0
58.0;246.0;851.9;0.0
50.0;246.0;1635.8;0.0
50.0;551.0;939.6;0.0
56.5;277.2;355.7;132.0
70.8;277.2;2.6;832.0
76.4;868.8;4.7;940.0
50.0;184.7;0.0;0.0
