49.9;240.3;294.8;0.0
74.0;157.3;644.4;0.0
259.7;312.8;394.8;0.0
445.0;156.2;422.1;0.0
0.0;156.2;0.0;0.0
0.0;156.2;1.0;0.0
0.0;156.2;1.1;0.0
0.0;156.2;13.0;0.0
0.0;156.2;13.2;0.0
0.0;156.2;7.0;0.0
55.0;156.2;7.7;0.0
0.0;156.2;6.0;0.0
0.0;156.2;5.5;0.0
0.0;156.2;6.0;0.0
0.0;156.2;1.5;0.0
0.0;156.2;0.0;0.0
0.0;156.2;2.5;0.0
0.0;156.2;0.0;0.0
0.0;156.2;0.5;0.0
0.0;156.2;1.1;0.0
0.0;183.2;2.4;0.0
499.0;189.2;5.5;0.0
77.0;159.9;0.0;0.0
78.0;159.9;3.0;0.0
279.0;160.2;0.0;0.0
550.0;160.7;3.3;0.0
50.0;160.7;1.0;0.0
0.0;160.7;1.1;0.0
0.0;160.7;13.0;0.0
55.0;160.7;14.3;0.0
0.0;160.7;7.0;0.0
0.0;160.7;7.7;0.0
0.0;160.7;6.0;0.0
0.0;160.7;6.6;0.0
0.0;160.7;4.0;0.0
0.0;160.7;5.5;0.0
0.0;160.7;6.0;0.0
0.0;160.7;5.5;0.0
0.0;160.7;5.0;0.0
0.0;160.7;7.7;0.0
0.0;160.7;6.0;0.0
110.0;160.9;6.6;0.0
150.0;160.9;4.0;0.0
104.4;160.9;12.1;0.0
624.0;160.9;11.0;0.0
0.0;160.9;2.2;0.0
0.0;160.9;2.0;0.0
0.0;160.9;28.6;0.0
0.0;160.9;6.0;0.0
50.0;160.9;8.4;0.0
0.0;160.9;0.0;0.0
55.0;160.9;5.9;0.0
0.0;160.9;0.0;0.0
0.0;160.9;2.8;0.0
0.0;160.9;0.0;0.0
0.0;160.9;4.0;0.0
0.0;160.9;1.0;0.0
0.0;160.9;2.9;0.0
0.0;160.9;0.0;0.0
376.2;161.8;2.2;0.0
385.0;161.8;0.0;0.0
108.9;162.2;5.4;0.0
550.0;367.2;179.9;44.0
293.0;708.5;2665.0;40.0
67.0;557.6;8235.9;0.0
49.5;559.6;3625.8;680.0
71.0;276.6;2173.5;3200.0
48.8;1194.8;3.6;1516.0
49.5;276.8;0.6;192.0
52.5;246.3;0.3;48.0
