70.5;221.1;519.4;0.0
152.7;255.3;149.0;0.0
170.6;368.9;167.8;0.0
658.9;252.6;295.7;0.0
165.0;156.1;281.6;0.0
0.0;156.1;1.0;0.0
0.0;156.1;1.1;0.0
0.0;156.1;13.0;0.0
0.0;156.1;14.3;0.0
0.0;156.1;7.0;0.0
0.0;156.1;7.7;0.0
0.0;156.1;6.0;0.0
0.0;156.1;6.6;0.0
0.0;156.1;4.0;0.0
0.0;156.1;5.5;0.0
0.0;156.1;4.0;0.0
0.0;156.1;6.6;0.0
50.0;156.1;6.0;0.0
0.0;156.1;5.5;0.0
0.0;156.1;6.0;0.0
0.0;156.1;6.6;0.0
185.0;196.1;7.0;0.0
371.0;159.8;5.5;0.0
72.0;159.8;0.0;0.0
71.8;160.1;3.0;0.0
592.9;160.7;3.3;0.0
385.0;160.7;1.0;0.0
0.0;160.7;0.0;0.0
0.0;160.7;12.1;0.0
0.0;160.7;0.0;0.0
0.0;160.7;7.3;0.0
0.0;160.7;0.0;0.0
55.0;160.7;3.7;0.0
0.0;160.7;0.0;0.0
0.0;160.7;0.5;0.0
0.0;160.7;0.0;0.0
0.0;160.7;0.4;0.0
0.0;160.7;0.0;0.0
0.0;160.7;0.5;0.0
0.0;160.7;0.0;0.0
0.0;160.7;1.6;0.0
0.0;160.7;0.0;0.0
184.9;161.0;4.6;0.0
64.5;161.0;0.0;0.0
67.8;161.0;1.1;0.0
0.0;161.0;0.0;0.0
0.0;161.0;0.2;0.0
0.0;161.0;0.0;0.0
0.0;161.0;3.5;0.0
0.0;161.0;0.0;0.0
55.0;161.0;7.7;0.0
0.0;161.0;7.7;0.0
0.0;161.0;7.4;0.0
0.0;161.0;8.8;0.0
0.0;161.0;7.0;0.0
0.0;161.0;8.8;0.0
0.0;161.0;9.0;0.0
0.0;161.0;9.9;0.0
0.0;161.0;10.0;0.0
0.0;161.0;8.8;0.0
0.0;161.0;9.0;0.0
594.0;161.9;8.8;0.0
72.0;161.9;6.0;0.0
341.0;226.1;141.9;44.0
540.1;733.2;1564.2;0.0
495.0;1075.3;4239.4;0.0
589.6;1075.3;3542.0;0.0
151.0;1356.0;3400.3;40.0
102.5;276.2;11701.8;1452.0
78.0;276.2;2.8;856.0
63.9;555.9;4.5;1716.0
