70.1;178.2;267.0;0.0
61.0;148.2;579.9;0.0
147.8;159.6;77.4;0.0
223.9;156.5;39.8;0.0
0.0;156.5;0.0;0.0
55.0;156.5;1.1;0.0
0.0;156.5;1.0;0.0
0.0;156.5;14.3;0.0
0.0;156.5;12.0;0.0
0.0;156.5;7.7;0.0
0.0;156.5;7.0;0.0
0.0;156.5;4.4;0.0
0.0;156.5;6.0;0.0
0.0;156.5;4.4;0.0
0.0;156.5;5.0;0.0
0.0;156.5;6.6;0.0
0.0;156.5;4.0;0.0
0.0;156.5;6.6;0.0
0.0;156.5;4.0;0.0
0.0;156.5;5.5;0.0
0.0;156.5;2.0;0.0
0.0;181.7;7.7;0.0
556.6;207.0;4.0;0.0
385.0;207.0;3.3;0.0
372.0;161.0;5.0;0.0
525.0;161.0;1.1;0.0
479.0;161.0;3.0;0.0
249.0;161.0;13.2;0.0
0.0;161.0;0.0;0.0
0.0;161.0;6.7;0.0
0.0;161.0;0.0;0.0
0.0;161.0;7.6;0.0
0.0;161.0;0.0;0.0
0.0;161.0;3.4;0.0
0.0;161.0;0.0;0.0
0.0;161.0;0.5;0.0
0.0;161.0;0.0;0.0
52.8;161.0;0.5;0.0
0.0;161.0;0.0;0.0
380.1;161.3;1.7;0.0
658.9;161.3;0.0;0.0
325.6;161.3;7.1;0.0
0.0;161.3;1.0;0.0
0.0;161.3;2.2;0.0
505.0;161.3;2.0;0.0
483.0;161.3;27.5;0.0
350.0;161.3;11.0;0.0
0.0;161.3;15.4;0.0
0.0;161.3;2.0;0.0
52.8;161.3;12.1;0.0
0.0;161.3;26.0;0.0
0.0;161.3;11.0;0.0
0.0;161.3;14.0;0.0
0.0;161.3;12.1;0.0
50.0;161.3;11.0;0.0
0.0;161.3;13.2;0.0
0.0;161.3;11.0;0.0
438.9;162.2;12.1;0.0
440.0;162.2;11.0;0.0
107.8;162.6;5.5;0.0
550.0;403.7;571.0;44.0
548.9;1427.8;12423.4;0.0
554.4;1093.4;12.7;5192.0
