139.0;241.8;280.2;0.0
69.0;129.8;571.2;0.0
218.9;172.4;128.4;7440.0
82.0;209.1;105.1;18960.0
46.0;156.1;103.0;8960.0
0.0;156.1;0.0;0.0
0.0;156.1;0.1;0.0
0.0;156.1;0.0;0.0
0.0;156.1;2.2;0.0
0.0;156.1;0.0;0.0
0.0;156.1;0.7;0.0
0.0;156.1;0.0;0.0
0.0;156.1;1.6;0.0
0.0;156.1;0.0;0.0
55.0;156.1;2.4;0.0
0.0;156.1;0.0;0.0
0.0;156.1;0.5;0.0
0.0;156.1;0.0;0.0
50.0;156.1;2.4;0.0
0.0;156.1;0.0;0.0
0.0;156.1;1.6;0.0
0.0;156.1;0.0;0.0
113.0;161.0;1.6;0.0
59.0;161.0;0.3;0.0
0.0;161.0;0.0;0.0
0.0;161.0;0.1;0.0
0.0;161.0;0.0;0.0
5.0;161.0;2.3;0.0
0.0;161.0;0.0;0.0
0.0;161.0;0.7;0.0
0.0;161.0;0.0;0.0
0.0;161.0;1.6;0.0
0.0;161.0;0.0;0.0
0.0;161.0;1.5;0.0
0.0;161.0;0.0;0.0
0.0;161.0;5.1;0.0
0.0;161.0;4.4;0.0
0.0;161.0;6.0;0.0
0.0;161.0;5.5;0.0
414.0;161.0;5.0;0.0
140.8;161.3;5.5;0.0
119.5;161.3;11.0;0.0
605.0;161.3;12.1;0.0
0.0;161.3;2.0;0.0
0.0;161.3;2.2;0.0
0.0;161.3;26.0;0.0
0.0;161.3;13.2;0.0
0.0;161.3;3.2;0.0
0.0;161.3;7.7;0.0
50.0;161.3;2.7;0.0
0.0;161.3;7.7;0.0
0.0;161.3;2.5;0.0
0.0;161.3;8.8;0.0
0.0;161.3;7.2;0.0
0.0;161.3;11.0;0.0
0.0;161.3;10.0;0.0
0.0;161.3;11.0;0.0
192.0;161.3;12.0;0.0
544.0;161.8;13.2;0.0
786.5;162.3;2.0;0.0
110.0;162.6;6.6;0.0
251.0;352.0;175.3;4.0
119.8;861.9;4379.7;0.0
99.0;245.9;2417.6;0.0
58.2;245.9;1185.6;0.0
50.0;277.0;1213.5;748.0
77.0;277.0;2.6;872.0
59.3;277.0;0.6;192.0
63.0;185.0;0.3;276.0
