45.0;90.6;47.0;0.0
50.0;106.6;162.2;0.0
120.3;129.1;152.5;0.0
120.9;143.3;63.8;0.0
15.0;156.0;41.6;0.0
0.0;156.0;0.0;0.0
0.0;156.0;1.0;0.0
0.0;156.0;0.0;0.0
0.0;156.0;0.0;0.0
0.0;156.0;13.0;0.0
0.0;156.0;0.0;0.0
0.0;156.0;7.0;0.0
0.0;156.0;0.0;0.0
0.0;156.0;6.0;0.0
0.0;156.0;0.0;0.0
0.0;156.0;3.0;0.0
0.0;156.0;0.0;0.0
0.0;156.0;5.0;0.0
0.0;156.0;0.0;0.0
0.0;156.0;4.0;0.0
0.0;156.0;2.0;0.0
0.0;156.0;4.0;0.0
0.0;156.0;1.0;0.0
0.0;156.0;3.0;0.0
464.0;196.0;2.0;0.0
498.0;196.0;0.0;0.0
501.0;205.0;0.0;0.0
341.0;205.0;3.0;0.0
0.0;205.0;0.0;0.0
0.0;205.0;1.0;0.0
0.0;205.0;0.0;0.0
0.0;205.0;13.0;0.0
0.0;205.0;0.0;0.0
0.0;205.0;7.0;0.0
0.0;205.0;0.0;0.0
0.0;205.0;6.0;0.0
0.0;205.0;0.0;0.0
0.0;205.0;5.0;0.0
0.0;205.0;0.0;0.0
0.0;205.0;5.0;0.0
0.0;205.0;0.0;0.0
0.0;205.0;5.0;0.0
0.0;205.0;0.0;0.0
381.0;208.0;8.0;0.0
460.0;208.0;0.0;0.0
449.0;208.0;11.0;0.0
0.0;208.0;0.0;0.0
0.0;208.0;2.0;0.0
0.0;208.0;0.0;0.0
0.0;208.0;26.0;0.0
0.0;208.0;0.0;0.0
0.0;208.0;14.0;0.0
0.0;208.0;0.0;0.0
0.0;208.0;10.0;0.0
0.0;208.0;0.0;0.0
0.0;208.0;9.1;0.0
0.0;208.0;0.0;0.0
0.0;208.0;11.0;0.0
0.0;208.0;13.2;0.0
0.0;208.0;9.0;0.0
0.0;208.0;7.7;0.0
238.0;213.0;10.0;0.0
499.0;217.0;6.6;0.0
0.0;217.0;5.0;0.0
0.0;217.0;4.4;0.0
48.0;221.0;6.0;0.0
499.0;318.0;160.6;40.0
500.0;1361.0;11687.0;0.0
500.0;1367.0;4.6;680.0
485.0;1367.0;8.0;2560.0
500.0;1062.0;1.6;1240.0
0.0;156.0;0.0;0.0
29.8;159.8;0.5;0.0
50.0;159.8;0.0;0.0
50.0;160.1;0.0;0.0
55.0;160.6;0.3;0.0
0.0;160.6;0.0;0.0
0.0;160.6;0.1;0.0
0.0;160.6;0.0;0.0
0.0;160.6;1.2;0.0
0.0;160.6;0.1;0.0
0.0;160.6;0.0;0.0
0.0;160.6;0.7;0.0
0.0;160.6;0.0;0.0
0.0;160.6;0.5;0.0
0.0;160.6;0.0;0.0
0.0;160.6;0.6;0.0
0.0;160.6;0.0;0.0
0.0;160.6;0.6;0.0
0.0;160.6;0.0;0.0
0.0;160.6;0.6;0.0
0.0;160.6;0.0;0.0
50.4;160.9;1.7;0.0
30.0;160.9;0.0;0.0
0.0;160.9;0.0;0.0
5.0;160.9;0.2;0.0
0.0;160.9;0.0;0.0
0.0;160.9;2.4;0.0
0.0;160.9;0.0;0.0
0.0;160.9;1.4;0.0
