0.0;156.3;0.0;0.0
0.0;156.3;13.3;0.0
0.0;156.3;0.0;0.0
0.0;156.3;5.7;0.0
0.0;156.3;0.0;0.0
0.0;156.3;1.6;0.0
0.0;156.3;0.0;0.0
52.8;156.3;1.6;0.0
0.0;156.3;0.0;0.0
0.0;156.3;1.4;0.0
0.0;156.3;0.0;0.0
0.0;156.3;0.4;0.0
0.0;156.3;0.0;0.0
50.0;156.3;1.4;0.0
0.0;156.3;4.0;0.0
211.2;193.9;4.5;0.0
481.8;193.9;0.0;0.0
101.5;160.2;6.0;0.0
201.9;160.7;0.3;0.0
0.0;160.7;0.0;0.0
5.0;160.7;0.1;0.0
0.0;160.7;0.0;0.0
0.0;160.7;1.3;0.0
0.0;160.7;0.0;0.0
0.0;160.7;0.7;0.0
0.0;160.7;0.0;0.0
0.0;160.7;1.5;0.0
0.0;160.7;0.0;0.0
0.0;160.7;0.4;0.0
0.0;160.7;0.0;0.0
0.0;160.7;2.6;0.0
0.0;160.7;0.0;0.0
0.0;160.7;1.6;0.0
0.0;160.7;0.0;0.0
152.9;160.9;3.7;0.0
599.5;160.9;11.1;0.0
238.0;160.9;3.0;0.0
478.0;160.9;0.0;0.0
544.0;160.9;9.2;0.0
199.0;160.9;0.0;0.0
0.0;160.9;28.6;0.0
0.0;160.9;1.0;0.0
0.0;160.9;15.4;0.0
49.0;160.9;14.0;0.0
0.0;160.9;11.0;0.0
0.0;160.9;7.0;0.0
0.0;160.9;9.9;0.0
0.0;160.9;6.0;0.0
0.0;160.9;9.9;0.0
0.0;160.9;2.8;0.0
0.0;160.9;0.0;0.0
103.4;161.4;7.2;0.0
713.9;161.8;0.0;0.0
165.0;162.2;12.5;0.0
540.1;1426.4;13027.3;792.0
543.4;1426.4;5.8;2816.0
533.5;1093.1;7.7;1804.0
