104.8;197.8;345.2;0.0
96.6;221.5;378.3;0.0
154.4;194.0;334.8;0.0
319.7;171.7;76.1;0.0
0.0;156.1;20.9;0.0
0.0;156.1;1.0;0.0
0.0;156.1;1.1;0.0
0.0;156.1;13.0;0.0
0.0;156.1;14.3;0.0
0.0;156.1;7.0;0.0
0.0;156.1;7.7;0.0
0.0;156.1;6.0;0.0
0.0;156.1;6.6;0.0
0.0;156.1;4.0;0.0
0.0;156.1;5.5;0.0
0.0;156.1;0.0;0.0
0.0;156.1;0.5;0.0
0.0;156.1;0.0;0.0
55.0;156.1;1.6;0.0
0.0;156.1;0.0;0.0
0.0;156.1;0.5;0.0
0.0;156.1;0.0;0.0
231.9;159.8;1.6;0.0
113.9;160.0;0.0;0.0
153.9;160.5;0.3;0.0
79.9;160.5;0.0;0.0
0.0;160.5;0.0;0.0
0.0;160.5;0.1;0.0
0.0;160.5;0.0;0.0
55.0;160.5;2.3;0.0
0.0;160.5;0.0;0.0
0.0;160.5;0.7;0.0
0.0;160.5;0.0;0.0
0.0;160.5;1.7;0.0
0.0;160.5;0.0;0.0
0.0;160.5;1.5;0.0
0.0;160.5;0.0;0.0
0.0;160.5;2.4;0.0
0.0;160.5;0.0;0.0
0.0;160.5;0.6;0.0
0.0;160.5;0.0;0.0
261.0;160.8;0.7;0.0
71.4;160.8;0.0;0.0
58.8;160.8;1.1;0.0
328.9;160.8;0.0;0.0
0.0;160.8;0.0;0.0
0.0;160.8;0.2;0.0
0.0;160.8;0.0;0.0
0.0;160.8;2.6;0.0
0.0;160.8;0.0;0.0
0.0;160.8;1.4;0.0
0.0;160.8;0.0;0.0
0.0;160.8;1.0;0.0
0.0;160.8;0.0;0.0
0.0;160.8;2.0;0.0
0.0;160.8;0.0;0.0
0.0;160.8;3.1;0.0
0.0;160.8;0.0;0.0
50.0;160.8;3.0;0.0
0.0;160.8;0.0;0.0
362.5;161.7;2.4;0.0
376.7;161.7;0.0;0.0
321.2;242.3;134.6;44.0
651.2;737.3;1679.0;0.0
137.0;944.5;4474.2;40.0
67.1;245.5;1852.1;0.0
62.0;336.4;4468.8;0.0
86.4;276.4;17.4;172.0
87.1;276.4;1.8;856.0
58.0;246.1;2.3;620.0
