144.9;157.8;169.0;0.0
106.0;129.9;168.2;0.0
281.8;194.3;303.7;0.0
272.0;275.0;161.6;0.0
218.9;156.0;358.6;0.0
0.0;156.0;0.0;0.0
0.0;156.0;0.1;0.0
0.0;156.0;0.0;0.0
0.0;156.0;1.3;0.0
0.0;156.0;0.0;0.0
0.0;156.0;0.7;0.0
0.0;156.0;0.0;0.0
0.0;156.0;1.7;0.0
0.0;156.0;0.0;0.0
0.0;156.0;0.4;0.0
0.0;156.0;0.0;0.0
0.0;156.0;1.4;0.0
0.0;156.0;0.0;0.0
0.0;156.0;0.4;0.0
0.0;156.0;0.0;0.0
0.0;156.0;1.4;0.0
0.0;156.0;0.0;0.0
184.0;158.9;0.5;0.0
68.1;159.7;0.0;0.0
82.5;159.9;0.0;0.0
250.4;160.5;0.3;0.0
328.9;160.5;0.0;0.0
0.0;160.5;1.0;0.0
0.0;160.5;1.1;0.0
0.0;160.5;13.0;0.0
0.0;160.5;14.3;0.0
0.0;160.5;7.0;0.0
0.0;160.5;7.7;0.0
0.0;160.5;6.0;0.0
0.0;160.5;5.5;0.0
0.0;160.5;5.0;0.0
0.0;160.5;5.5;0.0
0.0;160.5;5.0;0.0
55.0;160.5;5.5;0.0
0.0;160.5;6.0;0.0
0.0;160.5;6.6;0.0
291.0;160.5;8.0;0.0
85.5;160.8;8.8;0.0
235.0;160.8;3.8;0.0
0.0;160.8;0.0;0.0
0.0;160.8;0.2;0.0
0.0;160.8;0.0;0.0
0.0;160.8;3.5;0.0
0.0;160.8;0.0;0.0
0.0;160.8;1.4;0.0
0.0;160.8;0.0;0.0
0.0;160.8;1.1;0.0
0.0;160.8;0.0;0.0
0.0;160.8;5.9;0.0
0.0;160.8;4.0;0.0
0.0;160.8;7.0;0.0
0.0;160.8;4.0;0.0
0.0;160.8;7.9;0.0
0.0;160.8;4.5;0.0
646.8;161.7;3.7;0.0
440.1;162.1;1.7;0.0
590.7;386.1;578.1;44.0
50.3;1299.2;12294.4;40.0
69.9;582.2;4596.8;2860.0
