78.0;115.9;176.6;0.0
55.0;159.2;132.0;0.0
131.9;138.4;116.2;0.0
136.5;156.0;40.1;0.0
0.0;156.0;0.0;0.0
0.0;156.0;1.0;0.0
0.0;156.0;1.1;0.0
50.0;156.0;13.0;0.0
0.0;156.0;12.1;0.0
0.0;156.0;0.0;0.0
0.0;156.0;0.7;0.0
0.0;156.0;6.0;0.0
0.0;156.0;4.4;0.0
0.0;156.0;4.0;0.0
0.0;156.0;2.4;0.0
0.0;156.0;2.0;0.0
0.0;156.0;0.4;0.0
0.0;156.0;2.0;0.0
55.0;156.0;1.5;0.0
0.0;156.0;2.0;0.0
0.0;156.0;1.5;0.0
0.0;156.0;2.0;0.0
114.9;160.8;4.9;0.0
153.0;160.8;0.0;0.0
542.0;160.8;3.0;0.0
349.0;160.8;1.1;0.0
0.0;160.8;0.0;0.0
0.0;160.8;13.3;0.0
0.0;160.8;0.0;0.0
0.0;160.8;6.7;0.0
0.0;160.8;0.0;0.0
0.0;160.8;3.4;0.0
0.0;160.8;0.0;0.0
0.0;160.8;1.5;0.0
0.0;160.8;0.0;0.0
0.0;160.8;2.5;0.0
0.0;160.8;0.0;0.0
0.0;160.8;1.4;0.0
0.0;160.8;0.0;0.0
368.5;161.1;2.4;0.0
431.2;161.1;0.0;0.0
568.9;161.1;4.1;0.0
421.0;161.1;0.0;0.0
398.0;161.1;9.2;0.0
0.0;161.1;0.0;0.0
0.0;161.1;26.6;0.0
0.0;161.1;0.0;0.0
0.0;161.1;12.4;0.0
0.0;161.1;0.0;0.0
55.0;161.1;4.0;0.0
0.0;161.1;0.0;0.0
0.0;161.1;1.7;0.0
0.0;161.1;0.0;0.0
0.0;161.1;5.9;0.0
0.0;161.1;7.0;0.0
0.0;161.1;6.1;0.0
0.0;161.1;6.0;0.0
106.7;161.6;8.2;0.0
770.0;162.1;7.0;0.0
558.9;162.4;1.6;0.0
469.3;399.6;586.8;44.0
541.2;1428.1;12474.4;748.0
539.0;1428.1;5.6;2112.0
576.4;1428.1;2.6;2112.0
550.0;413.9;1.3;220.0
