57.0;100.8;69.6;0.0
98.9;114.5;89.0;0.0
136.7;138.7;55.2;0.0
85.6;156.2;40.1;0.0
0.0;156.2;0.0;0.0
0.0;156.2;1.0;0.0
0.0;156.2;1.1;0.0
0.0;156.2;0.0;0.0
0.0;156.2;1.3;0.0
0.0;156.2;0.0;0.0
0.0;156.2;0.7;0.0
0.0;156.2;0.0;0.0
0.0;156.2;2.4;0.0
0.0;156.2;0.0;0.0
50.0;156.2;2.3;0.0
0.0;156.2;0.0;0.0
0.0;156.2;0.5;0.0
0.0;156.2;0.0;0.0
0.0;156.2;2.5;0.0
0.0;156.2;0.0;0.0
0.0;156.2;0.5;0.0
0.0;156.2;0.0;0.0
340.6;161.0;4.9;0.0
181.0;161.0;0.0;0.0
498.0;161.0;0.0;0.0
520.0;161.0;2.1;0.0
0.0;161.0;0.0;0.0
0.0;161.0;12.2;0.0
0.0;161.0;0.0;0.0
0.0;161.0;6.7;0.0
0.0;161.0;0.0;0.0
0.0;161.0;1.6;0.0
0.0;161.0;0.0;0.0
55.0;161.0;2.4;0.0
0.0;161.0;0.0;0.0
0.0;161.0;2.4;0.0
0.0;161.0;0.0;0.0
0.0;161.0;2.6;0.0
0.0;161.0;0.0;0.0
309.1;161.3;1.7;0.0
555.5;161.3;0.0;0.0
438.9;161.3;7.1;0.0
501.0;161.3;2.0;0.0
509.0;161.3;9.2;0.0
296.0;161.3;0.0;0.0
0.0;161.3;27.5;0.0
0.0;161.3;2.0;0.0
0.0;161.3;15.4;0.0
0.0;161.3;26.0;0.0
0.0;161.3;11.0;0.0
0.0;161.3;14.0;0.0
0.0;161.3;9.9;0.0
50.0;161.3;10.0;0.0
55.0;161.3;9.9;0.0
0.0;161.3;8.0;0.0
0.0;161.3;12.1;0.0
0.0;161.3;10.0;0.0
418.0;162.3;13.2;0.0
382.8;162.3;11.0;0.0
314.6;230.6;177.1;44.0
588.5;749.8;670.7;0.0
432.3;1091.9;4878.5;0.0
60.9;1423.9;7311.3;748.0
318.0;1423.9;13.2;4224.0
418.4;405.7;3.3;440.0
