106.2;132.0;199.4;0.0
107.8;248.0;328.4;0.0
150.0;156.4;236.9;0.0
0.0;156.4;0.0;0.0
0.0;156.4;0.1;0.0
0.0;156.4;0.0;0.0
52.8;156.4;2.3;0.0
0.0;156.4;0.0;0.0
0.0;156.4;0.7;0.0
0.0;156.4;0.0;0.0
0.0;156.4;1.6;0.0
0.0;156.4;0.0;0.0
0.0;156.4;1.5;0.0
0.0;156.4;1.0;0.0
0.0;156.4;4.6;0.0
0.0;156.4;4.0;0.0
0.0;156.4;5.6;0.0
0.0;156.4;4.0;0.0
0.0;156.4;4.6;0.0
0.0;156.4;3.0;0.0
479.6;204.8;6.6;0.0
435.6;204.8;1.3;0.0
0.0;204.8;0.0;0.0
335.0;160.8;5.1;0.0
500.0;160.8;0.0;0.0
506.0;160.8;14.3;0.0
400.0;160.8;3.0;0.0
0.0;160.8;7.7;0.0
0.0;160.8;1.0;0.0
0.0;160.8;4.4;0.0
0.0;160.8;12.0;0.0
0.0;160.8;3.3;0.0
0.0;160.8;7.0;0.0
0.0;160.8;4.4;0.0
0.0;160.8;5.0;0.0
0.0;160.8;7.7;0.0
0.0;160.8;4.0;0.0
380.6;161.1;6.6;0.0
545.6;161.1;4.0;0.0
706.2;161.1;12.1;0.0
0.0;161.1;4.0;0.0
0.0;161.1;2.2;0.0
471.0;161.1;4.0;0.0
464.0;161.1;16.5;0.0
0.0;161.1;0.0;0.0
0.0;161.1;13.4;0.0
0.0;161.1;0.0;0.0
0.0;161.1;26.0;0.0
0.0;161.1;12.1;0.0
50.0;161.1;6.1;0.0
0.0;161.1;1.8;0.0
0.0;161.1;4.1;0.0
0.0;161.1;2.7;0.0
0.0;161.1;2.2;0.0
0.0;161.1;3.9;0.0
0.0;161.1;2.5;0.0
697.4;162.0;3.7;0.0
55.0;162.0;4.0;0.0
481.8;254.7;153.5;44.0
545.6;747.5;2989.8;0.0
548.9;1088.5;4054.4;0.0
556.6;1088.5;3843.4;0.0
430.0;1416.5;1951.5;0.0
64.9;1204.5;503.4;1412.0
68.0;588.5;3957.6;2112.0
62.9;246.1;3747.5;1232.0
