81.3;201.7;371.0;0.0
65.2;116.3;635.9;0.0
233.9;313.0;498.3;0.0
344.0;156.4;383.9;0.0
0.0;156.4;0.0;0.0
0.0;156.4;1.1;0.0
0.0;156.4;0.0;0.0
55.0;156.4;14.3;0.0
0.0;156.4;0.0;0.0
0.0;156.4;7.7;0.0
0.0;156.4;0.0;0.0
0.0;156.4;7.7;0.0
0.0;156.4;0.0;0.0
0.0;156.4;4.4;0.0
0.0;156.4;0.0;0.0
0.0;156.4;5.5;0.0
0.0;156.4;0.0;0.0
0.0;156.4;5.5;0.0
0.0;156.4;0.0;0.0
0.0;156.4;6.6;0.0
0.0;156.4;0.0;0.0
324.5;201.4;4.4;0.0
594.0;201.4;0.0;0.0
550.0;203.6;0.0;0.0
564.3;210.2;3.3;0.0
0.0;210.2;0.0;0.0
0.0;210.2;1.1;0.0
0.0;210.2;0.0;0.0
0.0;210.2;0.0;0.0
0.0;210.2;14.3;0.0
0.0;210.2;0.0;0.0
0.0;210.2;7.7;0.0
0.0;210.2;0.0;0.0
0.0;210.2;6.6;0.0
0.0;210.2;0.0;0.0
0.0;210.2;4.4;0.0
0.0;210.2;0.0;0.0
0.0;210.2;5.5;0.0
0.0;210.2;0.0;0.0
0.0;210.2;6.6;0.0
0.0;210.2;0.0;0.0
357.5;213.5;6.6;0.0
605.0;213.5;1.0;0.0
438.9;213.5;12.1;0.0
0.0;213.5;13.0;0.0
0.0;213.5;0.0;0.0
0.0;213.5;5.2;0.0
0.0;213.5;0.0;0.0
0.0;213.5;21.5;0.0
0.0;213.5;0.0;0.0
55.0;213.5;10.4;0.0
0.0;213.5;0.0;0.0
0.0;213.5;7.0;0.0
0.0;213.5;0.0;0.0
0.0;213.5;1.8;0.0
0.0;213.5;0.0;0.0
0.0;213.5;4.8;0.0
0.0;213.5;2.0;0.0
0.0;213.5;4.9;0.0
508.0;161.5;1.0;0.0
199.9;162.5;10.2;0.0
328.9;162.5;0.0;0.0
317.9;231.8;167.3;44.0
545.6;749.9;423.5;0.0
487.9;1090.9;6100.7;0.0
547.8;1090.9;3590.4;0.0
546.7;1426.4;2715.5;0.0
548.9;1431.9;22.0;1452.0
544.5;1431.9;1.6;2112.0
548.9;1098.6;5.5;1276.0
600.6;414.4;4.0;0.0
