99.9;124.7;59.2;0.0
99.9;106.6;75.4;0.0
112.7;156.3;147.4;0.0
70.0;164.2;93.3;0.0
75.9;156.5;85.8;0.0
0.0;156.5;0.0;0.0
0.0;156.5;0.1;0.0
0.0;156.5;0.0;0.0
0.0;156.5;1.3;0.0
0.0;156.5;0.0;0.0
0.0;156.5;0.7;0.0
0.0;156.5;0.0;0.0
0.0;156.5;2.5;0.0
0.0;156.5;0.0;0.0
55.0;156.5;1.5;0.0
0.0;156.5;0.0;0.0
0.0;156.5;5.5;0.0
0.0;156.5;5.0;0.0
0.0;156.5;6.6;0.0
0.0;156.5;5.0;0.0
0.0;156.5;6.6;0.0
0.0;156.5;5.0;0.0
438.9;195.1;6.6;0.0
118.9;160.1;6.0;0.0
81.2;160.3;0.0;0.0
115.8;160.9;3.3;0.0
400.0;160.9;3.0;0.0
0.0;160.9;1.1;0.0
0.0;160.9;1.0;0.0
0.0;160.9;13.2;0.0
0.0;160.9;13.0;0.0
0.0;160.9;7.7;0.0
0.0;160.9;7.0;0.0
0.0;160.9;6.6;0.0
0.0;160.9;6.0;0.0
0.0;160.9;5.5;0.0
0.0;160.9;5.0;0.0
0.0;160.9;6.6;0.0
0.0;160.9;6.0;0.0
0.0;160.9;6.6;0.0
0.0;160.9;5.1;0.0
325.6;161.2;5.5;0.0
337.4;161.2;8.0;0.0
210.9;161.2;12.1;0.0
350.0;161.2;11.0;0.0
55.0;161.2;2.2;0.0
0.0;161.2;2.0;0.0
0.0;161.2;28.6;0.0
0.0;161.2;24.0;0.0
0.0;161.2;15.4;0.0
0.0;161.2;14.0;0.0
0.0;161.2;11.0;0.0
0.0;161.2;10.0;0.0
0.0;161.2;7.8;0.0
0.0;161.2;7.0;0.0
0.0;161.2;8.8;0.0
0.0;161.2;9.0;0.0
0.0;161.2;9.9;0.0
49.0;161.2;8.0;0.0
265.1;161.7;10.0;0.0
54.5;162.1;8.0;0.0
78.9;163.4;15.7;44.0
493.9;397.6;569.9;0.0
489.5;1079.6;5217.7;0.0
144.0;994.6;3521.7;40.0
67.3;276.1;8829.0;0.0
87.4;276.6;15.8;708.0
58.5;276.6;2.8;896.0
70.0;574.6;3.2;584.0
47.1;184.5;0.3;48.0
