75.8;209.3;53.0;4520.0
64.0;248.4;757.9;80.0
319.2;444.7;121.4;8320.0
627.0;338.7;319.8;5720.0
399.0;156.7;401.0;0.0
0.0;156.7;1.1;0.0
0.0;156.7;1.0;0.0
0.0;156.7;13.2;0.0
0.0;156.7;5.0;0.0
48.0;156.7;1.7;0.0
0.0;156.7;0.0;0.0
0.0;156.7;1.6;0.0
0.0;156.7;0.0;0.0
0.0;156.7;0.4;0.0
0.0;156.7;0.0;0.0
0.0;156.7;0.4;0.0
0.0;156.7;1.1;0.0
0.0;156.7;6.0;0.0
0.0;156.7;4.4;0.0
0.0;156.7;6.0;0.0
0.0;156.7;6.6;0.0
0.0;156.7;4.0;0.0
529.1;206.8;11.0;0.0
129.9;160.8;5.0;0.0
503.0;160.8;0.0;0.0
549.0;160.8;1.1;0.0
500.0;160.8;3.0;0.0
0.0;160.8;14.3;0.0
0.0;160.8;1.0;0.0
0.0;160.8;7.7;0.0
0.0;160.8;13.0;0.0
0.0;160.8;6.6;0.0
0.0;160.8;7.0;0.0
0.0;160.8;6.6;0.0
0.0;160.8;5.0;0.0
0.0;160.8;7.7;0.0
0.0;160.8;5.0;0.0
53.9;160.8;7.7;0.0
0.0;160.8;0.0;0.0
259.6;161.3;3.7;0.0
573.1;161.3;0.0;0.0
495.0;161.3;7.1;0.0
0.0;161.3;0.0;0.0
197.0;161.3;5.2;0.0
513.0;161.3;0.0;0.0
463.8;161.3;17.6;0.0
0.0;161.3;0.0;0.0
0.0;161.3;13.4;0.0
0.0;161.3;0.0;0.0
0.0;161.3;16.9;0.0
0.0;161.3;0.0;0.0
0.0;161.3;6.8;0.0
0.0;161.3;0.0;0.0
0.0;161.3;3.2;0.0
0.0;161.3;0.0;0.0
0.0;161.3;2.0;0.0
0.0;161.3;0.0;0.0
485.1;162.3;5.2;0.0
383.9;162.3;0.0;0.0
273.9;192.1;87.9;44.0
550.0;409.9;465.3;0.0
566.5;1085.3;4642.9;0.0
99.0;1082.8;3984.6;0.0
493.4;1178.9;3771.3;0.0
50.0;586.8;9702.2;1412.0
87.2;276.8;2111.6;1432.0
60.8;336.5;10.5;2876.0
