67.6;345.7;1184.6;0.0
389.1;428.0;433.6;0.0
526.2;366.3;649.5;0.0
624.8;176.4;496.1;0.0
0.0;155.9;19.9;0.0
0.0;155.9;0.0;0.0
0.0;155.9;1.1;0.0
0.0;155.9;13.0;0.0
0.0;155.9;8.3;0.0
0.0;155.9;1.0;0.0
0.0;155.9;1.7;0.0
0.0;155.9;0.0;0.0
0.0;155.9;1.5;0.0
0.0;155.9;0.0;0.0
0.0;155.9;4.4;0.0
0.0;155.9;0.0;0.0
0.0;155.9;2.5;0.0
0.0;155.9;0.0;0.0
0.0;155.9;1.5;0.0
0.0;155.9;0.0;0.0
0.0;155.9;1.5;0.0
0.0;155.9;0.0;0.0
442.2;190.7;1.6;0.0
510.4;192.9;0.0;0.0
355.0;160.5;1.3;0.0
491.0;160.5;0.0;0.0
480.0;160.5;1.1;0.0
522.0;160.5;3.0;0.0
0.0;160.5;13.2;0.0
0.0;160.5;1.0;0.0
0.0;160.5;7.7;0.0
0.0;160.5;13.0;0.0
0.0;160.5;5.5;0.0
0.0;160.5;7.0;0.0
0.0;160.5;3.3;0.0
0.0;160.5;5.0;0.0
0.0;160.5;4.4;0.0
0.0;160.5;5.0;0.0
0.0;160.5;6.6;0.0
0.0;160.5;5.0;0.0
218.9;160.8;7.7;0.0
550.0;160.8;5.0;0.0
599.5;160.8;12.1;0.0
0.0;160.8;0.0;0.0
0.0;160.8;2.2;0.0
0.0;160.8;5.0;0.0
532.0;160.8;28.6;0.0
486.0;160.8;0.0;0.0
500.0;160.8;4.4;0.0
0.0;160.8;0.0;0.0
0.0;160.8;9.0;0.0
0.0;160.8;0.0;0.0
0.0;160.8;4.9;0.0
0.0;160.8;20.0;0.0
0.0;160.8;11.0;0.0
0.0;160.8;14.0;0.0
55.0;160.8;11.0;0.0
0.0;160.8;12.0;0.0
463.1;161.7;12.1;0.0
385.0;161.7;10.0;0.0
105.6;162.1;6.6;0.0
532.4;380.7;579.4;44.0
542.3;1419.1;12447.6;0.0
481.8;1419.1;5.4;1452.0
614.9;1245.3;12.1;3476.0
471.4;371.3;12.0;0.0
