45.0;91.3;41.0;0.0
49.8;107.4;87.2;0.0
69.0;129.8;84.8;0.0
65.0;144.1;37.9;0.0
64.0;156.6;39.2;0.0
0.0;156.6;0.0;0.0
52.8;156.6;0.1;0.0
0.0;156.6;0.0;0.0
0.0;156.6;2.3;0.0
0.0;156.6;0.0;0.0
0.0;156.6;0.7;0.0
0.0;156.6;0.0;0.0
0.0;156.6;1.7;0.0
0.0;156.6;0.0;0.0
0.0;156.6;1.5;0.0
0.0;156.6;0.0;0.0
0.0;156.6;0.6;0.0
0.0;156.6;0.0;0.0
0.0;156.6;2.7;0.0
0.0;156.6;0.0;0.0
0.0;156.6;6.6;0.0
0.0;156.6;5.0;0.0
364.1;197.1;6.6;0.0
59.7;160.4;5.0;0.0
178.5;161.0;0.3;0.0
380.6;161.0;0.0;0.0
0.0;161.0;1.0;0.0
0.0;161.0;1.1;0.0
0.0;161.0;12.0;0.0
55.0;161.0;14.3;0.0
0.0;161.0;7.0;0.0
0.0;161.0;7.7;0.0
0.0;161.0;5.0;0.0
0.0;161.0;6.6;0.0
0.0;161.0;5.0;0.0
0.0;161.0;7.7;0.0
0.0;161.0;4.0;0.0
0.0;161.0;6.6;0.0
0.0;161.0;3.0;0.0
0.0;161.0;4.5;0.0
0.0;161.0;0.0;0.0
285.9;161.2;3.8;0.0
174.1;161.2;11.0;0.0
603.9;161.2;12.1;0.0
0.0;161.2;2.0;0.0
0.0;161.2;0.0;0.0
52.8;161.2;23.2;0.0
0.0;161.2;0.0;0.0
0.0;161.2;13.5;0.0
0.0;161.2;0.0;0.0
0.0;161.2;4.4;0.0
0.0;161.2;0.0;0.0
0.0;161.2;2.1;0.0
0.0;161.2;0.0;0.0
0.0;161.2;2.0;0.0
0.0;161.2;0.0;0.0
0.0;161.2;4.7;0.0
0.0;161.2;0.0;0.0
0.0;161.2;1.9;0.0
0.0;161.2;0.0;0.0
247.0;161.2;5.4;0.0
88.5;224.2;114.8;40.0
421.0;690.2;2783.0;0.0
148.5;919.0;3953.8;44.0
69.1;245.6;6666.7;0.0
90.9;276.9;1395.0;748.0
144.6;276.9;2.6;792.0
55.8;551.5;1.7;940.0
