92.0;91.2;49.2;0.0
100.0;107.2;96.4;0.0
130.8;129.5;104.3;0.0
64.9;143.2;40.4;0.0
68.9;156.4;53.0;0.0
0.0;156.4;0.0;0.0
0.0;156.4;0.1;0.0
0.0;156.4;0.0;0.0
50.0;156.4;1.3;0.0
0.0;156.4;0.0;0.0
0.0;156.4;7.7;0.0
0.0;156.4;7.0;0.0
0.0;156.4;5.5;0.0
0.0;156.4;6.0;0.0
0.0;156.4;4.4;0.0
0.0;156.4;5.0;0.0
0.0;156.4;5.5;0.0
0.0;156.4;5.0;0.0
0.0;156.4;6.6;0.0
0.0;156.4;5.0;0.0
0.0;156.4;5.5;0.0
0.0;156.4;5.0;0.0
110.0;190.5;5.5;0.0
337.0;160.1;6.0;0.0
52.5;160.4;0.0;0.0
79.9;160.9;3.3;0.0
490.0;160.9;3.0;0.0
199.0;160.9;1.1;0.0
0.0;160.9;1.0;0.0
0.0;160.9;13.2;0.0
0.0;160.9;0.0;0.0
0.0;160.9;5.7;0.0
0.0;160.9;7.0;0.0
0.0;160.9;7.7;0.0
0.0;160.9;2.0;0.0
0.0;160.9;0.4;0.0
50.0;160.9;4.0;0.0
0.0;160.9;3.4;0.0
0.0;160.9;5.0;0.0
0.0;160.9;6.6;0.0
0.0;160.9;7.0;0.0
322.3;161.2;5.5;0.0
548.9;161.2;7.0;0.0
62.1;161.2;12.1;0.0
546.0;161.2;0.0;0.0
449.0;161.2;9.2;0.0
0.0;161.2;0.0;0.0
0.0;161.2;25.5;0.0
0.0;161.2;0.0;0.0
0.0;161.2;13.4;0.0
0.0;161.2;0.0;0.0
0.0;161.2;4.1;0.0
0.0;161.2;0.0;0.0
0.0;161.2;4.0;0.0
0.0;161.2;0.0;0.0
55.0;161.2;0.9;0.0
0.0;161.2;0.0;0.0
0.0;161.2;5.2;0.0
0.0;161.2;0.0;0.0
253.0;161.7;4.1;0.0
550.0;162.1;0.0;0.0
427.9;261.3;164.7;44.0
544.5;747.5;2989.8;0.0
157.9;1074.3;3976.3;0.0
416.3;978.3;3859.4;40.0
105.0;897.8;399.0;0.0
72.1;585.8;5176.6;2156.0
116.9;585.8;3522.6;2112.0
68.5;551.4;1446.5;332.0
