151.0;194.6;283.6;0.0
49.9;168.0;253.4;0.0
267.5;236.5;437.2;0.0
209.9;283.2;110.3;0.0
328.9;156.0;387.2;0.0
0.0;156.0;1.0;0.0
0.0;156.0;1.1;0.0
0.0;156.0;0.0;0.0
0.0;156.0;2.4;0.0
0.0;156.0;7.0;0.0
0.0;156.0;7.7;0.0
0.0;156.0;6.0;0.0
0.0;156.0;5.5;0.0
0.0;156.0;5.0;0.0
0.0;156.0;4.4;0.0
0.0;156.0;0.0;0.0
0.0;156.0;2.2;0.0
0.0;156.0;4.4;0.0
0.0;156.0;1.1;0.0
0.0;156.0;5.5;0.0
0.0;156.0;0.0;0.0
0.0;156.0;5.5;0.0
0.0;156.0;2.0;0.0
492.8;193.7;6.6;0.0
550.0;195.9;5.0;0.0
547.8;195.9;0.0;0.0
546.7;201.4;1.3;0.0
0.0;201.4;0.0;0.0
55.0;201.4;0.1;0.0
0.0;201.4;0.0;0.0
0.0;201.4;9.3;0.0
0.0;201.4;0.0;0.0
0.0;201.4;4.7;0.0
0.0;201.4;0.0;0.0
0.0;201.4;3.6;0.0
0.0;201.4;0.0;0.0
0.0;201.4;4.5;0.0
0.0;201.4;0.0;0.0
0.0;201.4;3.7;0.0
0.0;201.4;0.0;0.0
348.0;160.4;3.5;0.0
534.0;160.4;0.0;0.0
331.5;160.8;6.6;0.0
96.6;160.8;3.0;0.0
712.8;160.9;0.0;0.0
273.9;160.9;11.1;0.0
0.0;160.9;0.0;0.0
0.0;160.9;10.2;0.0
0.0;160.9;0.0;0.0
0.0;160.9;20.5;0.0
0.0;160.9;0.0;0.0
0.0;160.9;11.4;0.0
0.0;160.9;2.0;0.0
0.0;160.9;11.1;0.0
0.0;160.9;4.0;0.0
0.0;160.9;8.8;0.0
0.0;160.9;6.0;0.0
0.0;160.9;6.9;0.0
0.0;160.9;1.0;0.0
55.0;160.9;7.0;0.0
459.0;160.9;2.0;0.0
168.1;161.4;15.4;0.0
96.0;161.8;8.3;0.0
440.0;266.8;163.9;44.0
500.0;743.1;1689.8;0.0
540.1;1086.3;5018.2;0.0
573.1;1086.3;3589.6;0.0
550.0;1427.3;2548.7;0.0
537.9;1427.3;8.6;2156.0
566.5;1427.3;6.6;2112.0
550.0;1092.9;6.5;1144.0
