56.1;170.6;234.6;0.0
49.7;224.0;104.3;0.0
108.8;188.1;305.9;0.0
127.0;156.2;58.1;0.0
0.0;156.2;31.0;0.0
0.0;156.2;1.1;0.0
0.0;156.2;1.0;0.0
0.0;156.2;13.2;0.0
50.0;156.2;13.0;0.0
0.0;156.2;0.0;0.0
0.0;156.2;7.7;0.0
0.0;156.2;0.0;0.0
0.0;156.2;6.6;0.0
0.0;156.2;0.0;0.0
0.0;156.2;5.5;0.0
0.0;156.2;7.0;0.0
0.0;156.2;4.4;0.0
0.0;156.2;4.0;0.0
0.0;156.2;5.5;0.0
0.0;156.2;5.0;0.0
0.0;156.2;6.6;0.0
0.0;156.2;3.0;0.0
473.0;198.2;6.6;0.0
539.0;207.0;2.0;0.0
440.0;207.0;3.3;0.0
0.0;207.0;5.0;0.0
0.0;207.0;1.1;0.0
0.0;207.0;4.0;0.0
0.0;207.0;13.2;0.0
50.0;161.0;6.0;0.0
499.0;161.0;7.7;0.0
495.0;161.0;0.0;0.0
519.0;161.0;2.5;0.0
0.0;161.0;0.0;0.0
0.0;161.0;4.5;0.0
0.0;161.0;0.0;0.0
0.0;161.0;7.5;0.0
0.0;161.0;1.1;0.0
0.0;161.0;2.5;0.0
0.0;161.0;4.4;0.0
478.5;161.3;4.2;0.0
581.9;161.3;0.0;0.0
495.0;161.3;8.1;0.0
0.0;161.3;0.0;0.0
0.0;161.3;5.2;0.0
0.0;161.3;0.0;0.0
0.0;161.3;22.6;0.0
0.0;161.3;0.0;0.0
271.8;161.3;9.4;0.0
520.0;161.3;0.0;0.0
497.0;161.3;3.3;0.0
0.0;161.3;0.0;0.0
0.0;161.3;7.9;0.0
0.0;161.3;0.0;0.0
0.0;161.3;6.7;0.0
0.0;161.3;12.0;0.0
0.0;161.3;4.0;0.0
0.0;161.3;0.0;0.0
605.0;162.3;3.0;0.0
220.0;162.3;0.0;0.0
364.1;221.2;156.0;44.0
548.9;626.0;423.5;0.0
550.0;1081.4;4808.0;0.0
550.0;1085.8;3514.5;0.0
548.9;1085.8;3560.6;0.0
550.0;1430.1;575.3;748.0
548.9;1430.1;4.6;2112.0
550.0;1430.1;6.6;2112.0
153.2;402.9;8.3;220.0
