139.9;161.5;83.2;480.0
116.0;107.1;238.2;1160.0
191.5;185.0;106.9;0.0
150.0;176.6;122.9;0.0
59.0;156.5;105.9;80.0
0.0;156.5;0.0;0.0
0.0;156.5;0.1;0.0
0.0;156.5;0.0;0.0
50.0;156.5;13.0;0.0
0.0;156.5;0.0;0.0
0.0;156.5;7.0;0.0
0.0;156.5;0.0;0.0
0.0;156.5;6.0;0.0
0.0;156.5;0.0;0.0
0.0;156.5;6.0;0.0
0.0;156.5;0.0;0.0
55.0;156.5;8.2;0.0
0.0;156.5;0.0;0.0
0.0;156.5;5.0;0.0
0.0;156.5;7.7;0.0
0.0;156.5;5.0;0.0
0.0;156.5;5.5;0.0
226.0;194.5;2.4;0.0
502.0;194.5;0.0;0.0
499.0;197.5;4.4;0.0
494.0;204.5;3.0;0.0
0.0;204.5;6.6;0.0
0.0;204.5;1.0;0.0
0.0;204.5;7.7;0.0
0.0;204.5;13.0;0.0
0.0;195.5;6.6;0.0
550.0;159.9;7.0;0.0
534.6;160.1;0.0;0.0
567.6;160.1;7.0;0.0
550.0;160.5;3.3;0.0
0.0;160.5;4.0;0.0
0.0;160.5;1.1;0.0
50.0;160.5;4.0;0.0
0.0;160.5;13.2;0.0
0.0;160.5;5.0;0.0
0.0;160.5;7.7;0.0
349.0;160.5;6.0;0.0
546.0;160.5;6.6;0.0
490.0;160.5;11.0;0.0
0.0;160.5;4.4;0.0
0.0;160.5;2.0;0.0
0.0;160.5;4.4;0.0
0.0;160.5;26.0;0.0
0.0;160.5;6.6;0.0
0.0;160.5;14.0;0.0
163.9;160.9;7.7;0.0
550.0;160.9;11.0;0.0
603.9;160.9;12.1;0.0
0.0;160.9;9.0;0.0
0.0;160.9;0.0;0.0
0.0;160.9;6.2;0.0
0.0;160.9;0.0;0.0
0.0;160.9;20.6;0.0
0.0;160.9;1.0;0.0
0.0;160.9;9.4;0.0
490.0;160.9;8.0;0.0
246.0;160.9;9.2;0.0
0.0;160.9;0.0;0.0
199.0;180.9;2.9;0.0
498.0;394.9;530.0;40.0
515.0;1013.9;5051.1;0.0
495.0;1013.9;3592.0;0.0
483.0;1319.9;2628.9;0.0
519.0;1327.9;20.0;1320.0
75.1;1319.8;5.2;2560.0
277.9;366.8;3.0;640.0
19.9;162.2;0.5;0.0
50.0;183.3;53.6;4.0
55.0;245.4;446.9;0.0
48.6;245.4;227.8;0.0
48.2;245.4;338.0;0.0
48.9;276.3;71.5;68.0
49.9;276.3;0.6;192.0
49.2;276.3;0.4;128.0
52.9;184.1;0.3;52.0
