59.2;271.8;1049.4;0.0
468.5;396.0;429.2;0.0
541.2;328.0;205.1;0.0
448.0;156.0;401.0;0.0
0.0;156.0;1.1;0.0
0.0;156.0;1.0;0.0
55.0;156.0;14.3;0.0
0.0;156.0;0.0;0.0
0.0;156.0;5.7;0.0
0.0;156.0;0.0;0.0
0.0;156.0;1.6;0.0
0.0;156.0;0.0;0.0
0.0;156.0;3.4;0.0
0.0;156.0;0.0;0.0
0.0;156.0;0.4;0.0
0.0;156.0;0.0;0.0
0.0;156.0;1.6;0.0
0.0;156.0;0.0;0.0
0.0;156.0;2.4;0.0
0.0;156.0;0.0;0.0
368.5;196.2;1.6;0.0
577.5;201.7;0.0;0.0
75.0;160.7;3.3;0.0
497.0;160.7;0.0;0.0
538.0;160.7;1.1;0.0
454.0;160.7;3.0;0.0
0.0;160.7;14.3;0.0
0.0;160.7;1.0;0.0
0.0;160.7;7.7;0.0
0.0;160.7;13.0;0.0
0.0;160.7;6.6;0.0
0.0;160.7;7.0;0.0
0.0;160.7;6.6;0.0
0.0;160.7;7.0;0.0
0.0;160.7;6.6;0.0
0.0;160.7;4.0;0.0
0.0;160.7;2.2;0.0
50.0;160.7;0.5;0.0
0.0;160.7;1.1;0.0
507.1;161.1;0.6;0.0
550.0;161.1;12.1;0.0
0.0;161.1;6.0;0.0
0.0;161.1;2.2;0.0
242.0;161.1;4.0;0.0
546.0;161.1;28.6;0.0
505.0;161.1;11.0;0.0
0.0;161.1;15.4;0.0
0.0;161.1;0.0;0.0
0.0;161.1;11.0;0.0
0.0;161.1;0.0;0.0
0.0;161.1;7.7;0.0
0.0;161.1;0.0;0.0
0.0;161.1;8.8;0.0
0.0;161.1;0.0;0.0
0.0;161.1;9.9;0.0
0.0;161.1;0.0;0.0
262.9;161.6;12.1;0.0
550.0;162.1;0.0;0.0
157.3;162.5;8.8;0.0
540.1;401.6;584.1;44.0
559.9;1423.5;12436.6;0.0
519.2;1426.8;4.4;1452.0
566.5;1093.5;14.3;3740.0
