112.1;253.0;317.1;0.0
68.0;114.7;592.4;0.0
245.8;302.8;436.2;0.0
390.0;156.5;393.1;0.0
53.9;156.5;155.1;0.0
445.0;217.2;139.2;0.0
92.0;163.1;25.6;0.0
524.2;163.1;62.0;0.0
241.1;163.3;105.0;0.0
68.1;163.3;0.0;0.0
71.1;163.3;0.0;0.0
69.0;163.3;49.0;0.0
252.5;213.3;318.0;0.0
545.4;253.3;71.0;0.0
50.0;228.3;0.0;0.0
287.0;1027.2;6538.4;40.0
471.0;1340.3;11159.6;0.0
60.0;1342.3;15.0;3920.0
85.4;393.3;0.0;0.0
49.9;164.3;0.0;0.0
49.3;164.3;0.0;0.0
54.8;164.8;1.3;0.0
5.0;165.3;34.2;0.0
83.5;173.1;9.6;0.0
68.4;172.4;0.1;0.0
49.5;169.9;0.0;0.0
50.0;187.5;54.4;4.0
48.8;250.4;609.5;0.0
48.2;250.4;320.2;0.0
51.2;250.7;339.4;0.0
48.5;250.7;350.3;0.0
49.9;281.8;103.0;68.0
50.0;282.0;0.4;128.0
47.9;282.0;0.6;192.0
52.5;189.8;0.3;4.0
