102.0;95.6;49.5;0.0
94.0;117.2;93.1;0.0
141.8;124.9;99.4;0.0
111.8;139.8;84.3;0.0
74.9;156.1;40.1;0.0
5.0;156.1;22.2;0.0
213.0;161.2;39.5;0.0
64.6;163.1;0.0;0.0
77.5;163.3;0.0;0.0
85.7;163.3;0.0;0.0
68.0;163.3;0.0;0.0
124.1;163.3;0.0;0.0
66.2;163.3;0.0;0.0
49.8;163.3;0.0;0.0
55.5;163.3;0.0;0.0
301.0;163.3;4.0;0.0
385.0;164.2;151.3;0.0
499.0;164.2;150.2;0.0
97.9;164.3;25.3;0.0
92.3;164.3;0.0;0.0
60.6;164.3;0.0;0.0
95.0;164.3;31.0;0.0
577.0;184.8;327.1;0.0
323.9;216.0;188.4;0.0
355.4;326.6;241.0;40.0
327.9;925.3;6042.1;0.0
69.5;956.3;3141.0;0.0
67.8;956.3;3886.0;0.0
79.6;884.3;3290.4;44.0
72.5;848.2;5063.2;680.0
54.4;281.1;13445.7;1280.0
47.5;281.4;0.4;172.0
97.0;1195.4;1.6;1432.0
