61.6;204.5;389.7;0.0
65.5;148.9;584.1;0.0
253.0;300.0;466.9;0.0
335.0;156.0;403.3;0.0
60.0;156.0;101.9;0.0
72.2;163.1;100.6;0.0
58.8;163.1;0.0;0.0
142.9;163.9;3.3;0.0
511.0;163.9;172.7;0.0
55.5;164.5;11.0;0.0
91.0;164.5;12.1;0.0
515.0;164.5;2.2;0.0
356.9;205.9;365.2;0.0
486.0;255.4;96.8;0.0
463.8;245.9;3.0;0.0
550.6;245.9;170.0;0.0
95.5;229.6;49.5;44.0
85.8;411.1;528.0;0.0
65.6;1101.9;6867.3;0.0
77.0;1097.9;3599.0;0.0
245.5;1102.3;3001.6;0.0
106.9;1035.3;3620.4;0.0
578.8;1369.5;1465.3;0.0
58.0;1394.5;6.6;2156.0
64.2;281.5;17849.4;1368.0
59.5;1113.3;10.5;3308.0
