128.6;166.9;268.4;0.0
68.4;148.1;576.8;0.0
221.5;321.1;449.4;0.0
404.0;156.5;302.0;0.0
0.0;156.9;13.1;0.0
249.2;205.2;131.8;0.0
50.0;163.2;0.0;0.0
69.0;163.4;0.0;0.0
67.7;163.4;0.0;0.0
80.8;163.4;0.0;0.0
62.6;163.4;0.0;0.0
75.0;163.4;0.0;0.0
50.0;163.4;0.0;0.0
90.1;163.4;0.0;0.0
55.0;164.4;3.3;0.0
398.0;164.4;97.1;0.0
329.5;164.4;31.4;0.0
211.0;164.4;79.0;0.0
76.9;164.4;0.0;0.0
120.6;164.4;0.0;0.0
50.8;165.0;12.1;0.0
227.9;165.0;194.9;0.0
509.9;239.9;93.2;0.0
338.9;196.6;131.1;0.0
320.6;172.6;1.0;0.0
69.4;172.6;0.0;0.0
119.9;327.3;191.4;44.0
149.5;559.0;6011.4;40.0
69.0;560.7;3708.1;0.0
50.0;251.0;762.4;0.0
50.0;251.0;885.6;0.0
72.9;539.2;2362.5;0.0
101.0;282.2;18.4;132.0
72.9;282.2;0.4;128.0
68.0;251.9;0.7;132.0
49.9;188.3;0.0;0.0
