96.6;100.7;123.6;0.0
50.0;136.5;124.4;0.0
84.9;138.8;74.2;0.0
145.9;156.5;40.3;0.0
5.0;156.5;61.1;0.0
436.0;220.9;25.1;0.0
190.0;162.8;58.3;0.0
56.6;162.8;0.0;0.0
50.0;163.0;0.0;0.0
49.8;163.0;0.0;0.0
48.5;180.0;0.0;0.0
495.6;180.0;99.0;0.0
259.5;184.0;76.0;0.0
55.0;184.0;0.0;0.0
85.9;184.0;0.0;0.0
95.0;163.9;3.3;0.0
535.0;180.9;10.1;0.0
200.0;180.9;99.6;0.0
240.9;218.1;161.9;0.0
171.6;230.1;21.0;0.0
62.0;418.1;538.0;40.0
57.1;1033.1;6440.0;0.0
103.4;1029.5;3811.0;0.0
195.0;1029.5;3667.1;0.0
410.0;1333.7;3011.7;0.0
499.0;1166.0;73.0;3920.0
323.9;331.8;0.0;0.0
49.8;171.8;0.0;0.0
50.0;171.8;0.0;0.0
46.5;187.0;50.7;4.0
50.5;281.3;1727.2;68.0
45.9;281.3;0.8;256.0
53.8;186.5;0.5;72.0
