103.9;342.9;1225.4;0.0
395.0;427.2;411.6;0.0
470.2;388.8;568.3;0.0
660.0;259.2;182.7;0.0
66.9;203.3;179.8;0.0
499.0;217.8;225.5;0.0
152.4;163.5;91.3;0.0
79.5;163.7;0.0;0.0
90.1;163.7;0.0;0.0
464.2;164.7;3.3;0.0
496.0;164.7;27.5;0.0
292.4;164.8;161.7;0.0
53.6;164.8;0.0;0.0
49.7;165.3;0.0;0.0
386.7;165.3;7.2;0.0
211.5;209.9;235.4;0.0
619.3;248.4;69.3;0.0
50.0;253.9;0.0;0.0
49.8;253.9;0.0;0.0
129.0;244.4;159.5;44.0
398.8;424.2;129.5;0.0
299.8;1067.6;7222.7;0.0
237.0;1038.9;3441.4;0.0
59.0;1058.9;3030.8;40.0
56.6;883.9;3218.6;0.0
50.0;597.1;6651.3;0.0
50.0;594.1;3594.6;2156.0
92.9;594.1;3104.4;1408.0
89.9;1112.9;2670.5;792.0
