454.0;862.5;323.0;0.0
449.0;663.8;606.4;0.0
240.0;544.0;755.3;0.0
245.0;390.0;397.0;0.0
251.0;229.2;400.0;0.0
550.0;229.2;19.0;0.0
536.8;229.2;0.0;0.0
566.5;229.2;0.0;0.0
550.0;229.2;0.0;0.0
544.5;229.2;0.0;0.0
548.9;229.2;0.0;0.0
543.4;239.1;0.0;0.0
55.0;239.1;25.3;0.0
110.0;240.2;54.3;0.0
456.0;203.2;149.0;0.0
76.0;164.2;0.0;0.0
49.5;164.2;0.0;0.0
49.0;164.2;0.0;0.0
76.8;164.7;14.3;0.0
361.0;184.2;349.8;0.0
456.2;221.6;129.8;0.0
379.8;263.4;0.0;0.0
56.0;263.4;0.0;0.0
49.9;263.4;0.0;0.0
249.9;306.2;168.6;44.0
541.2;771.5;5013.9;0.0
536.8;1110.3;5493.1;0.0
607.2;1113.6;4495.7;0.0
536.8;1453.5;4439.6;0.0
555.5;1453.5;6.6;2156.0
0.0;1241.2;9.9;2200.0
