102.0;161.2;116.2;0.0
94.0;166.8;122.6;0.0
86.8;182.9;240.3;0.0
157.0;192.7;57.4;0.0
7.0;156.1;14.7;0.0
55.0;201.4;43.1;0.0
336.2;162.2;47.3;0.0
56.2;162.8;0.0;0.0
48.9;162.9;0.0;0.0
110.2;162.9;0.0;0.0
102.8;162.9;0.0;0.0
78.6;162.9;0.0;0.0
146.2;162.9;0.0;0.0
141.9;162.9;0.0;0.0
83.0;163.8;1.1;0.0
155.0;163.8;19.1;0.0
60.3;163.9;49.1;0.0
94.1;164.3;0.0;0.0
174.0;164.3;13.2;0.0
453.0;164.6;226.6;0.0
410.0;187.4;304.7;0.0
557.0;237.4;29.2;0.0
658.4;208.9;371.0;0.0
141.3;190.9;65.0;0.0
151.3;331.9;540.0;40.0
106.0;821.3;5766.0;44.0
58.5;591.7;15338.6;0.0
92.3;590.9;2910.4;1452.0
479.0;417.1;3517.1;2904.0
