45.0;184.7;307.0;0.0
139.0;176.9;200.4;0.0
182.2;221.4;459.6;0.0
263.0;271.4;146.5;0.0
273.9;156.1;260.9;0.0
92.0;191.1;34.4;0.0
90.7;163.0;104.5;0.0
368.2;163.9;1.1;0.0
0.0;163.9;5.2;0.0
61.7;164.0;22.3;0.0
65.0;164.0;0.0;0.0
50.0;164.0;0.0;0.0
78.0;164.0;0.0;0.0
110.0;164.0;11.0;0.0
436.2;164.5;277.1;0.0
617.0;206.5;152.1;0.0
572.0;238.0;322.3;0.0
255.5;366.3;366.2;40.0
414.2;676.5;5962.0;0.0
61.0;983.5;3135.0;0.0
65.0;983.5;4508.0;0.0
93.9;949.3;3296.4;44.0
68.6;594.7;16317.0;680.0
54.0;313.9;2767.1;1884.0
71.4;547.9;1.6;752.0
51.8;278.9;0.9;196.0
