86.9;347.7;1224.0;0.0
141.0;585.9;147.0;0.0
155.0;398.4;848.8;0.0
665.0;275.8;129.1;0.0
304.0;225.1;326.2;0.0
502.0;239.1;3.0;0.0
0.0;239.1;69.0;0.0
237.0;242.1;100.0;0.0
494.0;247.1;0.0;0.0
449.0;247.1;39.0;0.0
50.0;252.1;298.0;0.0
938.0;305.1;87.0;0.0
574.0;298.1;0.0;0.0
449.0;473.1;542.0;40.0
501.0;1099.1;6519.0;0.0
500.0;1099.1;3952.0;0.0
515.0;1103.1;3230.0;0.0
483.0;1356.1;3605.0;0.0
499.0;1414.1;22.0;1320.0
528.0;1414.1;6.0;1920.0
499.0;1111.1;5.0;720.0
0.0;156.1;0.0;0.0
0.0;156.1;0.0;0.0
0.0;156.1;0.0;0.0
0.0;156.1;0.0;0.0
0.0;156.1;0.0;0.0
0.0;156.1;0.0;0.0
0.0;156.1;0.0;0.0
0.0;156.1;0.0;0.0
0.0;156.1;0.0;0.0
0.0;156.1;0.0;0.0
0.0;156.1;0.0;0.0
0.0;156.1;0.0;0.0
0.0;156.1;0.0;0.0
0.0;156.1;0.0;0.0
0.0;156.1;0.0;0.0
0.0;156.1;0.0;0.0
0.0;156.1;0.0;0.0
0.0;156.1;0.0;0.0
0.0;156.1;0.0;0.0
0.0;156.1;0.0;0.0
0.0;156.1;0.0;0.0
0.0;156.1;0.0;0.0
0.0;156.1;0.0;0.0
0.0;156.1;0.0;0.0
0.0;156.1;0.0;0.0
0.0;156.1;0.0;0.0
0.0;156.1;0.0;0.0
0.0;156.1;0.0;0.0
0.0;156.1;0.0;0.0
0.0;156.1;0.0;0.0
0.0;156.1;0.0;0.0
0.0;156.1;0.0;0.0
0.0;156.1;0.0;0.0
0.0;156.1;2.1;0.0
10.0;156.5;18.6;0.0
39.5;162.9;6.2;0.0
50.0;162.9;0.0;0.0
50.0;163.1;0.0;0.0
50.0;163.1;0.0;0.0
50.0;163.1;0.0;0.0
49.8;163.1;0.0;0.0
49.7;163.1;0.0;0.0
50.0;163.1;0.0;0.0
50.0;163.1;0.0;0.0
50.0;164.0;0.0;0.0
10.0;164.0;0.3;0.0
5.0;164.0;14.1;0.0
41.7;164.0;2.1;0.0
50.0;164.0;0.0;0.0
50.0;164.0;0.0;0.0
50.0;164.0;0.0;0.0
54.7;164.5;1.3;0.0
10.0;166.4;34.5;0.0
92.1;170.4;8.3;0.0
69.8;171.9;0.0;0.0
49.8;171.9;0.0;0.0
50.0;171.9;0.0;0.0
45.0;187.0;52.6;4.0
55.6;250.0;598.3;0.0
45.0;250.0;306.8;0.0
50.0;250.3;291.2;0.0
50.0;250.3;319.8;0.0
55.0;281.5;211.5;0.0
47.2;281.5;0.6;196.0
52.2;281.5;0.4;128.0
53.2;251.1;0.5;68.0
