66.1;342.8;1215.0;0.0
335.9;436.8;410.4;0.0
473.8;392.1;562.9;0.0
660.0;262.5;153.7;0.0
200.0;216.0;226.2;0.0
401.0;224.4;183.7;0.0
130.8;162.5;78.1;0.0
50.4;162.7;0.0;0.0
195.4;162.7;0.0;0.0
234.9;163.5;4.4;0.0
293.4;163.6;183.7;0.0
115.2;163.6;0.0;0.0
100.5;164.1;0.0;0.0
100.0;164.1;53.1;0.0
271.7;203.9;307.3;0.0
781.8;237.1;72.3;0.0
159.9;242.6;0.0;0.0
91.3;242.6;0.0;0.0
88.9;236.0;151.8;44.0
73.0;408.1;429.0;0.0
179.1;1101.1;7008.1;0.0
537.4;1101.1;3418.8;0.0
196.0;1068.4;2787.1;0.0
466.1;1033.4;3661.7;0.0
142.0;1371.6;1686.3;0.0
86.9;1396.6;4.6;2156.0
50.0;583.6;11309.4;1368.0
60.0;560.2;6532.5;748.0
