94.0;360.7;1204.4;0.0
445.0;424.8;235.6;0.0
313.8;429.7;539.5;0.0
726.0;285.7;411.7;0.0
273.9;156.4;320.6;0.0
98.0;183.8;37.9;0.0
196.6;163.0;97.9;0.0
63.8;163.0;0.0;0.0
50.0;163.2;0.0;0.0
50.0;163.2;0.0;0.0
49.5;163.2;0.0;0.0
49.6;163.2;0.0;0.0
77.2;163.2;0.0;0.0
50.0;163.2;0.0;0.0
50.0;163.2;0.0;0.0
64.1;164.1;3.0;0.0
110.0;164.1;20.0;0.0
136.6;164.2;18.9;0.0
70.0;164.2;0.0;0.0
55.2;164.2;0.0;0.0
61.0;164.2;0.0;0.0
50.0;164.2;11.0;0.0
550.0;164.8;12.3;0.0
273.4;190.0;86.2;0.0
111.5;190.0;56.1;0.0
183.5;172.3;0.0;0.0
84.2;213.3;157.0;40.0
93.9;655.7;6168.5;44.0
90.6;536.2;3220.6;0.0
79.9;250.2;4168.4;0.0
101.6;333.5;1480.0;0.0
50.0;571.5;3088.8;1320.0
76.0;571.5;3786.6;1280.0
95.0;577.7;1014.9;708.0
98.0;1223.7;4.4;1408.0
53.9;281.7;0.6;192.0
49.6;189.5;0.3;8.0
