95.8;169.3;512.4;0.0
296.9;281.3;154.6;0.0
781.9;301.8;56.8;0.0
191.0;156.6;374.1;0.0
55.0;156.6;62.1;0.0
314.2;192.1;130.9;0.0
86.1;180.3;3.0;0.0
547.8;163.5;67.0;0.0
298.8;163.5;110.0;0.0
50.0;163.5;0.0;0.0
95.1;163.5;0.0;0.0
49.9;163.5;0.0;0.0
114.1;184.5;9.0;0.0
201.0;184.5;42.0;0.0
267.5;220.5;351.0;0.0
360.8;228.4;35.4;0.0
346.8;403.5;389.4;40.0
90.9;1030.5;6499.0;0.0
54.0;1030.5;3432.0;0.0
77.5;1030.5;3884.0;0.0
89.9;1340.0;3439.1;0.0
217.8;1340.0;243.7;1960.0
341.5;1304.9;214.0;1920.0
433.8;351.5;3.0;40.0
49.7;172.5;0.0;0.0
53.5;172.5;0.0;0.0
47.2;180.6;16.4;4.0
48.3;219.4;545.9;0.0
48.2;250.1;440.6;0.0
54.0;250.4;260.9;0.0
49.9;281.4;516.3;0.0
46.8;281.6;0.4;132.0
6.2;275.6;1.1;260.0
118.8;188.7;0.0;0.0
