128.0;281.6;1137.6;0.0
411.8;404.6;380.2;0.0
533.0;340.8;286.1;0.0
453.0;155.8;390.3;0.0
0.0;155.8;85.0;0.0
284.4;222.0;115.4;0.0
86.8;187.2;5.1;0.0
494.0;164.2;28.6;0.0
240.1;164.3;162.8;0.0
58.2;164.8;0.0;0.0
103.0;164.8;56.1;0.0
231.9;217.1;350.9;0.0
561.9;257.8;77.0;0.0
134.5;258.4;0.0;0.0
50.0;250.4;0.0;0.0
426.8;272.7;159.8;44.0
548.9;765.5;1366.2;0.0
547.8;1104.3;6900.4;0.0
88.7;1106.6;3478.2;0.0
80.1;1100.6;3210.8;0.0
541.8;1095.6;3565.4;0.0
396.6;1388.9;293.7;748.0
131.7;1395.9;4.6;2112.0
90.1;1218.9;533.4;1368.0
70.5;802.7;6114.3;44.0
