76.5;224.0;870.6;0.0
174.7;448.2;193.2;0.0
838.2;278.8;463.9;0.0
113.9;156.3;224.8;0.0
464.0;220.7;162.0;0.0
128.5;162.8;76.0;0.0
528.6;163.0;55.0;0.0
305.9;163.0;114.0;0.0
49.4;163.0;0.0;0.0
88.0;163.9;3.3;0.0
495.0;163.9;41.8;0.0
302.1;164.0;132.0;0.0
240.0;164.0;181.0;0.0
73.0;239.0;269.0;0.0
76.8;216.4;11.1;0.0
176.9;398.4;365.2;40.0
84.5;961.7;6128.4;0.0
591.8;959.0;3165.1;0.0
95.0;959.0;4000.0;0.0
76.0;1167.0;3723.0;0.0
84.0;1256.1;138.6;1284.0
107.9;848.4;1366.6;1280.0
50.0;250.2;7052.8;1320.0
50.0;250.5;302.0;0.0
54.0;250.5;312.0;0.0
50.0;250.5;339.0;0.0
49.5;281.7;48.7;68.0
47.9;281.7;0.6;192.0
49.4;281.7;0.4;128.0
50.0;189.6;0.3;4.0
