44.9;236.9;279.1;0.0
66.0;114.6;545.4;0.0
175.0;298.8;437.2;0.0
445.0;156.5;403.3;0.0
50.0;156.5;96.6;0.0
256.3;160.2;102.4;0.0
61.6;164.4;3.3;0.0
410.0;164.4;100.1;0.0
117.4;164.5;89.1;0.0
75.0;186.0;56.1;0.0
88.8;236.6;443.3;0.0
567.2;264.1;1.1;0.0
65.0;269.6;0.0;0.0
70.9;269.6;0.0;0.0
280.7;276.2;166.5;44.0
393.8;729.5;257.5;0.0
58.0;1115.6;7619.7;0.0
70.2;1115.6;3689.4;0.0
57.0;1115.6;3458.4;0.0
80.6;1111.6;3869.8;0.0
295.5;1458.1;148.7;748.0
102.2;1420.1;213.6;2112.0
91.0;1407.1;3.4;1408.0
65.0;796.0;11596.3;4.0
