96.0;130.8;71.4;0.0
98.0;106.9;232.4;0.0
116.6;146.0;170.3;0.0
115.8;160.9;39.6;0.0
66.0;156.0;91.1;0.0
55.0;156.3;58.7;0.0
189.4;162.6;46.5;0.0
100.9;162.6;0.0;0.0
50.0;162.8;0.0;0.0
123.0;162.8;0.0;0.0
60.0;162.8;0.0;0.0
50.0;162.8;0.0;0.0
104.2;162.8;0.0;0.0
50.0;162.8;0.0;0.0
75.4;162.8;0.0;0.0
105.0;163.8;2.3;0.0
0.0;163.8;41.7;0.0
98.1;163.8;36.3;0.0
67.0;163.8;0.0;0.0
76.8;163.8;0.0;0.0
204.9;164.4;52.3;0.0
404.0;205.6;132.4;0.0
565.4;211.2;162.9;0.0
574.8;171.4;1.1;0.0
145.0;331.9;534.0;40.0
57.4;959.9;7255.0;0.0
83.2;929.3;3197.4;44.0
72.0;250.2;7778.6;0.0
62.4;281.2;5017.5;0.0
49.9;281.8;0.4;132.0
55.0;281.8;2.4;768.0
69.0;859.3;2.7;816.0
