112.9;178.0;326.4;0.0
81.0;114.3;538.2;0.0
198.9;305.5;437.2;0.0
550.0;156.1;400.1;0.0
50.0;156.1;163.2;0.0
234.0;214.1;75.0;0.0
492.0;241.1;1.0;0.0
48.0;241.1;23.0;0.0
271.0;236.9;87.6;0.0
59.5;163.5;23.1;0.0
66.7;163.5;0.0;0.0
93.9;182.5;3.0;0.0
339.0;164.5;44.3;0.0
348.0;209.5;326.9;0.0
632.0;249.5;60.0;0.0
493.0;249.5;0.0;0.0
511.0;331.5;116.2;40.0
64.2;1338.1;17586.2;680.0
147.0;1338.1;42.0;3240.0
185.4;353.6;353.1;0.0
94.0;172.1;5.6;0.0
64.1;172.6;0.0;0.0
49.4;172.6;0.0;0.0
54.7;170.1;0.2;0.0
44.9;187.7;53.2;4.0
50.6;250.6;625.5;0.0
49.8;250.6;308.8;0.0
49.5;250.8;326.8;0.0
50.3;250.8;357.6;0.0
49.2;281.9;112.5;0.0
48.2;281.9;0.6;196.0
50.0;281.9;0.4;128.0
49.8;251.6;0.5;72.0
