89.0;99.8;79.6;0.0
60.0;145.7;131.4;0.0
140.9;138.4;72.8;0.0
91.0;156.3;40.3;0.0
55.0;156.3;16.1;0.0
62.6;160.5;37.4;0.0
49.6;163.1;0.0;0.0
63.0;163.4;0.0;0.0
94.9;163.4;0.0;0.0
62.2;164.3;3.3;0.0
453.0;164.3;106.7;0.0
184.8;164.4;79.2;0.0
70.0;185.9;0.0;0.0
89.0;185.9;53.9;0.0
200.9;219.8;420.3;0.0
1059.3;228.6;6.9;0.0
409.9;233.1;176.0;0.0
83.0;233.1;0.0;0.0
75.9;228.7;116.6;44.0
64.1;1091.1;15083.2;0.0
60.8;1429.3;4370.3;0.0
141.7;1429.3;109.4;1452.0
125.2;1392.3;304.1;2860.0
180.0;338.5;1.0;0.0
