63.5;259.5;962.1;0.0
291.0;364.5;355.1;0.0
542.9;329.5;160.1;0.0
348.0;156.5;256.3;0.0
328.9;232.2;40.2;0.0
548.9;224.2;135.0;0.0
104.0;163.4;1.0;0.0
70.4;163.4;0.0;0.0
50.0;163.4;0.0;0.0
49.6;163.4;0.0;0.0
56.9;163.4;0.0;0.0
81.0;163.4;0.0;0.0
93.5;163.4;0.0;0.0
109.0;163.9;0.0;0.0
460.0;164.3;4.4;0.0
105.0;165.9;161.8;0.0
383.9;164.4;151.0;0.0
61.7;164.4;0.0;0.0
75.6;164.4;0.0;0.0
84.0;164.4;0.0;0.0
132.2;164.9;3.3;0.0
254.0;166.5;197.3;0.0
610.7;196.0;113.4;0.0
257.8;198.5;36.0;0.0
90.1;328.5;534.0;40.0
70.3;956.5;7869.0;0.0
50.0;820.9;2741.0;44.0
96.8;250.6;2260.3;0.0
100.8;567.6;2003.2;680.0
97.9;565.8;2999.2;1920.0
76.0;250.8;3623.0;1320.0
83.0;1217.1;1901.9;0.0
49.2;282.1;0.6;196.0
49.7;282.1;0.4;128.0
50.0;251.7;0.5;72.0
