125.0;155.8;223.1;0.0
101.5;114.2;378.9;0.0
98.3;138.9;55.2;0.0
85.0;156.0;40.3;0.0
55.0;156.0;37.3;0.0
115.6;189.9;36.9;0.0
76.4;163.1;0.0;0.0
492.6;164.1;0.3;0.0
0.0;164.1;89.0;0.0
302.0;164.1;38.2;0.0
111.1;164.2;64.9;0.0
59.5;164.2;0.0;0.0
107.1;164.7;12.1;0.0
233.0;164.7;50.0;0.0
247.0;201.7;350.0;0.0
568.0;219.7;31.0;0.0
503.0;1336.7;17820.0;40.0
448.0;1339.7;4.0;1320.0
531.0;1339.7;11.0;2600.0
495.0;388.7;0.0;0.0
0.0;164.7;0.0;0.0
0.0;164.7;0.0;0.0
0.0;164.7;0.0;0.0
0.0;164.7;0.0;0.0
0.0;164.7;0.0;0.0
0.0;164.7;0.0;0.0
0.0;164.7;0.0;0.0
0.0;164.7;0.0;0.0
0.0;164.7;0.0;0.0
0.0;164.7;0.0;0.0
0.0;164.7;0.0;0.0
0.0;164.7;0.0;0.0
0.0;164.7;0.0;0.0
0.0;164.7;0.0;0.0
0.0;164.7;0.0;0.0
0.0;164.7;0.0;0.0
0.0;164.7;0.0;0.0
0.0;164.7;0.0;0.0
0.0;164.7;0.0;0.0
0.0;164.7;0.0;0.0
0.0;164.7;0.0;0.0
0.0;164.7;0.0;0.0
0.0;164.7;0.0;0.0
0.0;164.7;0.0;0.0
0.0;164.7;0.0;0.0
0.0;164.7;0.0;0.0
0.0;164.7;0.0;0.0
0.0;164.7;0.0;0.0
0.0;164.7;0.0;0.0
0.0;164.7;0.0;0.0
0.0;164.7;0.0;0.0
0.0;164.7;0.0;0.0
0.0;164.7;0.0;0.0
0.0;164.7;0.0;0.0
0.0;164.7;0.0;0.0
0.0;164.7;0.0;0.0
0.0;164.7;0.0;0.0
0.0;164.7;0.0;0.0
0.0;164.7;0.0;0.0
0.0;164.7;0.0;0.0
0.0;164.7;0.0;0.0
0.0;164.7;0.0;0.0
0.0;164.7;0.0;0.0
5.0;164.7;18.3;0.0
59.9;168.5;23.3;0.0
96.2;171.7;1.2;0.0
49.5;172.2;0.0;0.0
52.0;172.2;0.0;0.0
49.0;174.0;15.6;4.0
48.0;281.4;1769.3;68.0
18.4;277.5;1.3;328.0
129.8;189.3;0.0;0.0
