57.9;126.7;236.6;0.0
96.0;176.3;105.4;0.0
84.5;138.4;219.8;0.0
146.0;156.7;40.1;0.0
50.0;156.7;54.4;0.0
53.8;159.8;65.1;0.0
80.3;163.1;0.0;0.0
76.9;163.3;0.0;0.0
48.8;163.3;0.0;0.0
60.0;164.1;1.1;0.0
462.1;164.1;101.2;0.0
208.3;164.3;89.1;0.0
59.9;164.3;0.0;0.0
88.0;164.3;0.0;0.0
345.8;164.3;12.0;0.0
411.9;164.8;161.0;0.0
125.0;164.8;56.1;0.0
306.0;208.4;364.1;0.0
600.7;229.3;20.3;0.0
770.6;247.4;253.0;0.0
373.9;210.4;114.0;0.0
79.8;201.4;0.0;0.0
99.0;796.5;6330.1;4.0
102.6;1129.5;11037.5;0.0
50.0;566.3;6856.7;3960.0
56.0;882.3;3088.8;0.0
50.0;250.5;231.2;0.0
50.0;250.5;259.8;0.0
49.7;259.1;330.5;0.0
54.9;281.8;2.0;68.0
45.0;281.8;0.6;192.0
49.9;281.8;0.4;128.0
50.0;189.6;0.3;8.0
