93.9;199.5;318.8;0.0
98.8;192.7;211.8;0.0
170.0;236.1;428.2;0.0
189.0;284.5;147.3;0.0
199.0;156.5;223.1;0.0
5.0;157.1;43.0;0.0
160.0;163.0;83.4;0.0
92.0;163.0;0.0;0.0
50.0;163.2;0.0;0.0
50.0;163.2;0.0;0.0
114.5;163.2;0.0;0.0
49.1;163.2;0.0;0.0
70.0;163.2;0.0;0.0
64.9;163.2;0.0;0.0
110.0;163.2;3.0;0.0
495.0;164.0;77.3;0.0
300.0;164.0;35.9;0.0
63.1;164.6;118.8;0.0
170.0;164.6;123.2;0.0
120.8;209.2;301.4;0.0
538.8;243.8;31.9;0.0
245.0;249.3;66.0;0.0
168.6;169.8;313.0;0.0
382.9;357.4;519.0;44.0
74.0;1031.3;6733.1;0.0
105.5;1031.3;3366.0;0.0
93.9;1059.6;3467.2;0.0
50.0;878.6;3256.4;40.0
72.0;595.9;5076.5;0.0
48.7;592.9;4281.6;2156.0
70.0;592.9;3436.4;1408.0
122.0;1104.4;3086.5;748.0
