63.5;155.9;291.6;0.0
149.6;228.9;167.5;0.0
153.4;335.8;351.2;0.0
400.0;156.8;318.4;0.0
210.1;199.3;94.1;0.0
456.5;200.2;174.0;0.0
49.4;163.3;0.0;0.0
75.6;163.3;0.0;0.0
73.5;163.3;0.0;0.0
60.7;163.3;0.0;0.0
75.0;163.3;0.0;0.0
49.9;163.3;0.0;0.0
85.4;163.3;0.0;0.0
136.0;164.2;3.3;0.0
487.0;164.2;150.7;0.0
146.1;164.4;27.8;0.0
539.0;164.4;93.0;0.0
184.5;164.8;80.0;0.0
90.0;164.8;56.1;0.0
318.6;206.4;433.4;0.0
534.0;246.0;15.4;0.0
167.4;246.5;11.0;0.0
534.6;246.5;0.0;0.0
602.8;237.7;74.8;44.0
521.4;412.6;509.3;0.0
543.4;1447.7;18977.2;0.0
523.6;1451.0;6.6;2156.0
568.7;1115.5;9.9;2156.0
