71.0;101.5;124.7;0.0
113.8;146.7;109.8;0.0
478.3;314.8;402.8;0.0
66.9;156.2;363.4;0.0
5.0;157.0;97.8;0.0
150.0;163.1;117.4;0.0
93.5;163.4;0.0;0.0
449.4;163.4;23.0;0.0
327.5;164.3;144.3;0.0
449.0;164.3;93.5;0.0
243.4;164.4;86.9;0.0
108.2;164.4;0.0;0.0
60.0;164.4;6.0;0.0
253.9;164.9;84.1;0.0
35.0;204.9;245.0;0.0
172.2;210.6;334.9;0.0
494.8;172.0;24.4;40.0
120.2;326.6;507.0;0.0
47.9;954.6;6381.0;0.0
57.7;946.5;3241.0;44.0
84.2;531.6;3158.6;0.0
58.9;567.7;3710.9;0.0
50.0;569.7;3490.7;1320.0
60.0;567.9;2706.4;1280.0
50.0;250.9;3750.6;1360.0
49.9;282.2;115.9;68.0
50.0;282.2;0.4;128.0
48.6;282.2;0.4;128.0
49.9;190.0;0.5;68.0
