103.0;166.3;290.4;0.0
95.0;163.9;90.6;0.0
130.8;185.1;436.8;0.0
208.9;243.4;163.4;0.0
110.0;156.4;149.4;0.0
54.0;185.8;70.3;0.0
200.9;163.2;89.1;0.0
105.2;163.4;0.0;0.0
49.7;164.4;3.3;0.0
431.8;164.4;26.4;0.0
285.1;181.5;163.9;0.0
62.5;181.5;0.0;0.0
51.0;187.0;0.0;0.0
76.8;187.0;84.7;0.0
400.0;193.0;388.3;0.0
680.5;232.4;32.3;0.0
770.6;256.6;168.0;0.0
50.0;253.6;1.0;0.0
49.9;253.6;0.0;0.0
65.0;419.7;585.2;44.0
89.9;1070.9;6503.2;0.0
99.0;1104.4;3227.3;0.0
504.0;1101.6;2705.4;0.0
205.6;1070.6;3612.0;0.0
284.7;1391.8;2482.5;0.0
101.7;1373.8;4.4;1452.0
63.8;1373.8;6.6;2112.0
88.9;1053.5;7.5;708.0
