53.0;233.9;504.1;0.0
201.1;285.2;102.3;0.0
187.7;430.4;83.4;0.0
595.0;285.4;236.7;0.0
154.0;157.1;159.9;0.0
486.8;245.2;183.0;0.0
322.0;191.2;70.0;0.0
325.7;164.2;171.6;0.0
110.0;164.2;0.0;0.0
501.0;164.2;23.0;0.0
304.0;164.2;153.0;0.0
71.0;164.2;0.0;0.0
106.8;164.8;35.2;0.0
111.8;225.5;474.1;0.0
538.8;249.2;10.1;0.0
197.8;249.2;125.0;0.0
59.8;214.2;257.0;0.0
202.7;173.6;127.6;44.0
53.5;247.4;1641.8;40.0
66.7;589.5;9756.2;0.0
488.0;553.5;8068.9;3920.0
1128.8;1205.7;4.4;1452.0
54.6;265.8;1.1;260.0
49.2;186.8;0.0;0.0
