107.0;191.8;274.4;0.0
50.0;183.0;117.4;0.0
219.8;217.9;400.6;0.0
211.9;271.0;148.1;0.0
273.9;156.1;311.3;0.0
0.0;156.1;20.9;0.0
0.0;156.1;41.0;0.0
100.0;196.1;114.2;0.0
328.8;183.5;136.4;0.0
56.5;163.1;0.0;0.0
48.9;163.1;0.0;0.0
63.2;163.1;0.0;0.0
59.4;163.1;0.0;0.0
50.0;163.1;0.0;0.0
50.0;163.1;0.0;0.0
50.0;163.1;0.0;0.0
64.2;163.7;0.0;0.0
405.0;164.0;4.4;0.0
249.0;164.0;15.8;0.0
0.0;164.0;18.0;0.0
55.0;164.1;160.6;0.0
450.0;164.1;152.0;0.0
63.9;164.1;0.0;0.0
50.0;164.1;0.0;0.0
59.0;164.1;0.0;0.0
49.8;164.6;14.3;1540.0
410.9;199.7;356.4;0.0
806.4;243.7;61.7;0.0
720.0;230.2;195.0;0.0
206.0;198.2;85.0;0.0
135.9;328.6;421.7;4.0
110.9;689.5;5550.2;0.0
54.8;590.2;15925.6;0.0
65.2;591.7;3587.6;2156.0
54.5;591.7;3342.6;2112.0
