53.9;101.0;68.2;0.0
59.9;126.7;90.4;0.0
130.9;138.9;55.2;0.0
90.0;156.6;40.3;0.0
50.0;156.6;20.5;0.0
267.0;211.4;47.2;0.0
187.2;191.7;33.0;0.0
451.6;180.0;23.0;0.0
353.9;180.0;147.0;0.0
494.0;164.0;3.3;0.0
499.0;164.0;63.8;0.0
111.8;164.7;115.5;0.0
123.9;164.7;49.0;0.0
305.0;165.2;183.2;0.0
527.8;168.6;220.7;0.0
390.9;207.9;6.0;0.0
133.1;172.3;27.7;40.0
69.2;329.3;507.0;0.0
109.3;939.3;6297.3;1320.0
84.9;788.1;2982.7;44.0
65.0;284.9;3611.5;0.0
58.9;536.2;1124.6;0.0
67.1;538.2;3716.2;1320.0
60.0;538.2;3782.2;1280.0
96.9;618.5;794.9;748.0
49.5;285.5;0.4;128.0
49.2;285.5;0.6;192.0
49.0;193.2;0.3;4.0
