40.0;113.3;101.4;0.0
50.0;113.1;108.6;0.0
84.9;138.4;108.8;748.0
50.0;157.1;50.1;0.0
0.0;157.1;11.3;0.0
50.0;157.4;96.5;0.0
472.0;202.4;3.9;0.0
234.8;181.2;63.8;0.0
49.3;163.2;0.0;0.0
67.2;164.2;3.3;0.0
463.0;164.2;59.4;0.0
249.0;164.4;115.5;0.0
75.8;181.9;0.0;0.0
73.6;164.9;0.0;0.0
95.0;164.9;55.0;0.0
150.7;203.4;353.4;0.0
973.5;232.0;66.0;0.0
760.1;248.5;89.0;0.0
81.0;247.5;77.0;0.0
98.8;255.8;20.3;44.0
498.9;442.2;254.4;396.0
401.1;1427.4;18955.2;748.0
169.5;1434.4;6.8;2816.0
124.2;214.6;532.5;752.0
