87.8;274.7;470.0;0.0
198.3;259.4;176.8;0.0
185.8;275.4;451.2;0.0
398.0;309.6;93.3;0.0
199.0;156.6;253.3;0.0
115.0;198.0;37.2;0.0
402.0;191.7;123.0;0.0
69.0;163.0;0.0;0.0
75.5;163.0;0.0;0.0
62.6;163.0;0.0;0.0
64.4;163.0;0.0;0.0
62.0;163.0;0.0;0.0
48.4;163.0;0.0;0.0
122.8;163.0;0.0;0.0
50.0;163.0;0.0;0.0
125.5;163.7;3.0;0.0
115.0;164.1;129.3;0.0
349.0;164.1;29.0;0.0
524.0;164.1;0.0;0.0
491.0;164.1;0.0;0.0
490.0;164.1;0.0;0.0
600.0;164.1;12.0;0.0
149.0;164.1;285.0;0.0
677.0;211.1;161.0;0.0
606.0;221.1;2.0;0.0
499.0;399.1;531.0;40.0
479.0;1028.1;6423.0;0.0
549.0;1028.1;3314.0;0.0
488.0;1028.1;4624.0;0.0
505.0;1343.1;2923.0;680.0
502.0;1345.1;4.0;1280.0
481.0;1345.1;6.0;1920.0
500.0;422.1;3.0;80.0
0.0;164.1;0.0;0.0
0.0;164.1;0.0;0.0
0.0;164.1;0.0;0.0
0.0;164.1;0.0;0.0
0.0;164.1;0.0;0.0
0.0;164.1;0.0;0.0
0.0;164.1;0.0;0.0
0.0;164.1;0.0;0.0
0.0;164.1;0.0;0.0
0.0;164.1;0.0;0.0
0.0;164.1;0.0;0.0
0.0;164.1;0.0;0.0
0.0;164.1;0.0;0.0
0.0;164.1;0.0;0.0
0.0;164.1;0.0;0.0
0.0;164.1;0.0;0.0
0.0;164.1;0.0;0.0
0.0;164.1;0.0;0.0
0.0;164.1;0.0;0.0
0.0;164.1;0.0;0.0
0.0;164.1;0.0;0.0
0.0;164.1;0.0;0.0
0.0;164.1;0.0;0.0
0.0;164.1;0.0;0.0
0.0;164.1;0.0;0.0
0.0;164.1;0.0;0.0
0.0;164.1;0.0;0.0
0.0;164.1;0.0;0.0
0.0;164.1;0.0;0.0
0.0;164.1;0.0;0.0
0.0;164.1;0.0;0.0
0.0;164.1;0.0;0.0
0.0;164.1;0.0;0.0
0.0;164.1;2.0;0.0
46.0;164.7;15.3;0.0
24.9;164.7;10.3;0.0
50.6;168.8;28.1;0.0
70.0;171.8;2.2;0.0
49.1;172.3;0.0;0.0
51.5;174.6;11.6;4.0
45.5;192.4;42.2;0.0
50.2;284.9;1726.6;0.0
51.5;285.2;0.8;132.0
51.6;285.2;0.8;256.0
49.5;190.4;0.3;4.0
