56.4;100.0;94.0;0.0
153.4;148.9;107.7;0.0
127.2;139.0;88.1;0.0
142.2;156.5;40.3;0.0
0.0;156.5;40.5;0.0
11.0;159.7;32.6;0.0
56.9;161.6;0.0;0.0
70.0;162.9;0.0;0.0
49.9;162.9;0.0;0.0
75.0;162.9;0.0;0.0
71.8;162.9;0.0;0.0
65.0;162.9;0.0;0.0
62.0;162.9;0.0;0.0
85.4;162.9;0.0;0.0
58.9;162.9;0.0;0.0
285.6;162.9;4.0;0.0
223.9;164.0;164.4;0.0
498.0;164.0;161.8;0.0
97.7;164.1;18.7;0.0
71.2;164.1;0.0;0.0
94.4;164.1;0.0;0.0
103.5;164.1;21.0;0.0
546.9;164.5;316.1;0.0
295.0;201.0;309.8;0.0
129.4;169.9;46.0;0.0
373.0;172.0;0.0;0.0
48.5;172.0;0.0;0.0
87.1;172.1;12.0;40.0
65.3;1099.7;17305.3;44.0
48.6;284.8;19004.8;3880.0
81.9;1254.1;1.4;1412.0
50.4;269.1;1.1;260.0
