50.0;91.1;47.0;0.0
115.3;107.4;170.0;0.0
136.8;130.3;139.3;0.0
104.5;144.9;34.1;0.0
64.9;156.6;36.8;0.0
5.0;156.6;42.9;0.0
207.2;160.1;10.7;0.0
75.8;163.5;0.0;0.0
136.9;164.6;3.3;0.0
455.0;164.6;101.2;0.0
294.9;182.8;89.1;0.0
56.9;182.8;0.0;0.0
70.0;182.8;0.0;0.0
56.9;182.8;0.0;0.0
104.5;164.8;3.0;0.0
596.2;165.2;51.2;0.0
39.0;248.8;357.4;0.0
564.8;253.2;1.1;0.0
87.2;258.7;0.0;0.0
49.9;258.7;0.0;0.0
117.8;299.9;149.6;44.0
144.9;804.8;2170.3;0.0
293.7;1453.0;16851.4;0.0
817.9;1434.3;58.6;2156.0
75.1;1416.3;6.6;2112.0
60.5;375.7;3.3;44.0
