86.0;346.8;1224.0;0.0
84.9;584.1;147.0;0.0
271.6;395.7;859.8;0.0
663.9;277.6;107.1;0.0
304.9;220.6;340.5;0.0
457.0;234.6;202.7;0.0
501.6;163.0;34.4;0.0
319.6;164.4;97.3;0.0
494.0;164.4;84.7;0.0
191.6;164.7;56.7;0.0
486.8;164.7;298.0;0.0
467.3;227.7;87.0;0.0
67.3;216.2;12.1;0.0
134.0;391.2;499.7;40.0
141.9;985.7;6216.6;0.0
580.2;954.2;3896.2;0.0
75.7;952.8;3230.0;0.0
100.0;1205.8;3605.0;0.0
65.2;1226.0;149.6;1284.0
78.9;812.9;491.2;1920.0
54.4;253.7;8095.4;720.0
49.9;254.0;301.6;0.0
50.0;254.0;309.0;0.0
49.7;254.0;341.0;0.0
49.9;285.2;33.7;68.0
48.5;285.2;0.6;192.0
49.1;285.2;0.4;128.0
52.6;192.4;0.3;4.0
