53.7;350.5;1333.5;0.0
332.0;635.0;156.3;0.0
797.0;432.6;786.5;0.0
550.0;296.4;106.2;0.0
338.9;221.0;299.4;0.0
482.4;235.3;201.0;0.0
229.1;193.4;85.3;0.0
458.0;164.4;81.4;0.0
98.1;164.5;103.4;0.0
494.4;164.9;13.1;0.0
139.0;164.9;50.5;0.0
54.5;250.8;267.3;0.0
568.8;251.9;1.1;0.0
99.2;258.5;0.0;0.0
98.0;252.5;11.0;0.0
134.0;309.7;45.5;44.0
73.0;779.6;1334.7;0.0
187.4;1075.3;7313.9;0.0
85.5;579.7;3617.4;40.0
106.0;551.7;14139.2;0.0
100.5;603.0;2531.5;3920.0
337.9;1079.2;16.5;4312.0
129.8;193.9;0.0;0.0
