94.0;341.8;1229.6;0.0
535.0;423.9;240.0;0.0
367.7;410.8;617.6;0.0
768.9;282.1;352.3;0.0
218.9;156.6;297.5;0.0
53.0;185.6;32.4;0.0
277.6;178.1;113.3;0.0
58.4;163.3;0.0;0.0
139.0;164.4;3.3;0.0
498.0;164.4;158.4;0.0
114.9;164.5;24.2;0.0
65.4;185.1;0.0;0.0
160.0;185.1;55.0;0.0
139.9;224.7;361.9;0.0
549.3;258.2;69.3;0.0
160.9;254.7;3.0;0.0
578.6;254.7;92.0;0.0
197.9;297.9;92.6;44.0
79.9;567.4;423.5;0.0
83.1;1153.7;10564.4;0.0
71.8;1153.7;5630.9;0.0
55.1;1491.9;2757.7;0.0
599.5;1491.9;6.8;2860.0
495.6;1153.6;305.7;1452.0
