96.7;172.0;503.4;0.0
296.0;275.0;153.5;0.0
838.0;309.0;65.9;0.0
191.9;156.6;374.1;0.0
0.0;156.6;170.1;0.0
442.0;219.1;192.5;0.0
146.4;192.9;87.2;0.0
484.0;181.2;67.0;0.0
240.5;182.2;110.0;0.0
65.2;164.8;3.3;0.0
500.0;164.8;55.0;0.0
281.2;164.9;141.9;0.0
106.0;164.9;9.0;0.0
201.0;164.9;42.0;0.0
251.0;207.9;351.0;0.0
137.6;223.9;39.0;0.0
164.5;395.4;525.3;40.0
486.0;1013.4;6184.0;0.0
450.0;970.2;3364.5;0.0
432.8;954.0;3884.0;0.0
76.6;1268.0;3449.0;0.0
56.7;1268.0;6.0;1960.0
50.0;1100.6;580.3;1884.0
54.4;894.4;6571.7;40.0
50.0;254.8;308.4;0.0
49.9;254.8;349.6;0.0
49.4;254.8;336.8;0.0
50.0;286.0;133.3;0.0
49.8;286.0;0.6;196.0
50.0;286.0;0.4;128.0
53.0;255.6;0.5;68.0
