85.0;177.0;182.1;0.0
97.1;213.8;562.4;0.0
140.5;435.3;115.3;0.0
474.9;317.1;207.9;0.0
201.0;157.7;245.9;0.0
467.5;216.0;162.0;0.0
267.5;186.3;96.0;0.0
91.0;163.3;0.0;0.0
66.9;163.3;0.0;0.0
120.3;163.3;0.0;0.0
60.0;163.3;0.0;0.0
100.2;164.1;0.0;0.0
391.0;164.1;24.2;0.0
141.6;164.8;156.2;0.0
60.8;185.2;0.0;0.0
195.9;165.2;59.5;0.0
383.9;213.8;262.8;0.0
787.8;251.3;21.9;0.0
163.8;256.8;0.0;0.0
68.7;256.8;0.0;0.0
119.1;292.5;106.5;44.0
52.1;768.2;53.5;0.0
513.2;1069.0;8170.9;0.0
74.3;1097.3;4180.0;0.0
88.9;918.3;3971.6;40.0
66.1;631.3;5520.7;0.0
50.2;425.6;3322.5;4312.0
