88.0;194.5;238.6;0.0
50.0;168.6;248.0;0.0
238.8;246.8;389.9;0.0
351.7;286.3;97.0;0.0
169.8;156.6;294.2;0.0
55.0;199.6;106.2;0.0
455.0;179.9;206.8;0.0
49.0;178.6;0.0;0.0
64.0;162.9;0.0;0.0
58.0;163.0;0.0;0.0
61.0;163.0;0.0;0.0
66.0;163.0;0.0;0.0
105.5;163.0;0.0;0.0
96.0;163.0;0.0;0.0
59.0;163.0;0.0;0.0
350.0;163.5;4.0;0.0
443.3;163.5;176.0;0.0
243.9;164.6;4.4;0.0
489.0;164.7;178.2;0.0
50.0;164.7;0.0;0.0
49.8;164.7;0.0;0.0
50.0;164.7;31.0;0.0
500.0;199.7;371.0;0.0
106.2;213.2;53.3;0.0
401.0;387.7;243.9;40.0
334.5;968.9;6146.7;0.0
438.9;952.7;3665.0;0.0
49.7;955.7;2914.0;0.0
61.1;955.7;3527.0;0.0
122.5;1100.1;452.0;644.0
70.8;538.8;9319.6;1280.0
75.0;315.3;9674.0;1920.0
95.9;1238.3;1.2;708.0
50.0;285.3;0.6;192.0
53.2;285.3;0.4;128.0
49.5;193.2;0.3;4.0
