100.9;203.9;402.4;0.0
95.0;218.0;110.4;0.0
138.8;213.9;452.5;0.0
312.0;249.9;127.6;0.0
165.0;156.9;161.7;0.0
55.0;157.3;74.0;0.0
124.7;163.1;82.6;0.0
83.0;163.1;0.0;0.0
63.4;163.1;0.0;0.0
49.0;163.1;0.0;0.0
105.6;164.6;1.1;0.0
469.0;164.6;24.2;0.0
273.5;164.7;172.7;0.0
49.9;164.7;0.0;0.0
77.5;164.7;0.0;0.0
455.0;165.1;13.1;0.0
242.0;165.1;80.8;0.0
197.6;243.7;399.3;0.0
632.2;252.5;1.1;0.0
84.9;252.5;0.0;0.0
75.0;247.5;11.0;0.0
222.4;415.8;22.3;44.0
99.2;765.8;5561.2;0.0
167.2;1091.7;3539.0;0.0
159.4;914.1;3011.3;40.0
69.4;286.1;4914.3;0.0
50.0;625.2;830.3;0.0
77.9;627.4;4460.4;1452.0
97.5;316.4;1733.6;1432.0
50.0;528.9;1.5;1272.0
