102.6;167.5;156.5;0.0
95.0;183.0;247.9;0.0
177.5;193.6;471.0;0.0
213.0;255.7;175.1;0.0
165.0;156.6;262.9;0.0
55.0;156.6;20.9;0.0
0.0;156.6;41.0;0.0
100.0;191.6;70.1;0.0
280.2;179.0;105.6;0.0
66.0;162.9;0.0;0.0
61.0;163.2;0.0;0.0
49.7;163.2;0.0;0.0
97.9;163.2;0.0;0.0
54.1;163.2;0.0;0.0
50.0;163.2;0.0;0.0
49.2;163.2;0.0;0.0
50.0;163.2;0.0;0.0
49.8;163.2;0.0;0.0
276.8;164.3;4.0;0.0
53.9;164.3;7.3;0.0
0.0;164.3;0.0;0.0
100.0;164.3;80.0;0.0
194.5;164.4;86.9;0.0
56.2;164.4;0.0;0.0
75.3;164.4;0.0;0.0
49.5;164.4;0.0;0.0
68.0;164.9;3.3;0.0
154.0;165.4;210.9;0.0
896.0;213.7;96.0;0.0
158.0;201.5;85.0;0.0
115.0;320.5;545.0;40.0
92.9;950.5;5912.0;0.0
57.0;793.9;2746.8;44.0
104.0;494.6;3082.9;0.0
136.0;291.4;1140.3;0.0
69.0;526.7;2281.8;680.0
50.0;526.7;3492.9;1280.0
107.0;324.8;2658.0;1280.0
49.9;628.8;1.4;732.0
49.6;285.8;0.6;192.0
50.0;255.5;0.5;68.0
