58.0;387.9;1204.7;0.0
350.0;428.1;263.1;0.0
311.8;428.4;572.7;0.0
770.0;297.9;214.6;0.0
27.9;197.0;317.3;0.0
454.0;216.0;177.1;0.0
453.0;161.9;112.2;0.0
66.0;162.0;0.0;0.0
50.0;163.2;0.0;0.0
71.8;163.3;0.0;0.0
50.0;163.3;0.0;0.0
94.0;163.3;0.0;0.0
106.2;163.3;0.0;0.0
95.8;163.3;0.0;0.0
489.0;163.3;54.0;0.0
261.0;163.3;121.0;0.0
49.9;163.8;0.0;0.0
366.9;164.2;25.3;0.0
319.9;164.4;160.6;0.0
129.0;164.4;11.0;0.0
401.0;164.4;294.0;0.0
298.0;209.4;89.0;0.0
263.1;241.4;39.0;0.0
158.0;217.8;11.3;40.0
449.0;388.3;271.7;0.0
455.0;1013.8;7724.1;0.0
464.1;971.8;3597.3;0.0
248.0;958.3;3108.0;0.0
80.9;1271.3;2675.0;0.0
49.5;1271.3;4.0;1320.0
64.0;1101.2;578.1;1884.0
97.0;253.8;6522.4;680.0
50.0;254.2;301.0;0.0
49.8;254.2;330.4;0.0
49.6;254.2;338.4;0.0
49.1;285.4;169.8;0.0
50.0;285.4;0.6;196.0
47.6;285.4;0.4;128.0
53.6;193.2;0.5;68.0
