133.0;205.9;436.4;0.0
141.0;223.1;112.0;0.0
229.3;223.7;442.0;0.0
421.0;276.0;166.3;0.0
170.0;156.9;236.1;0.0
53.0;186.9;28.8;0.0
277.4;177.9;94.6;0.0
106.3;162.7;0.0;0.0
102.9;163.0;0.0;0.0
60.0;164.0;3.3;0.0
499.0;164.0;1.1;0.0
427.0;164.0;167.2;0.0
202.1;164.2;13.2;0.0
138.4;164.2;0.0;0.0
397.5;164.6;12.0;0.0
248.0;164.6;116.0;0.0
229.4;206.8;332.2;0.0
410.8;228.2;96.8;0.0
169.5;248.0;49.0;0.0
498.9;324.4;121.6;44.0
441.4;1103.6;7044.8;0.0
57.6;1438.9;12301.3;0.0
148.5;796.1;6453.4;1412.0
50.4;393.3;11374.1;2904.0
84.6;1106.3;15.0;3960.0
