67.0;391.6;615.1;0.0
278.0;596.6;286.5;0.0
601.2;446.1;867.5;0.0
821.7;299.8;287.6;0.0
121.0;183.0;361.9;0.0
477.0;203.0;194.7;0.0
75.0;163.4;112.2;0.0
49.9;163.4;0.0;0.0
50.0;164.5;0.0;0.0
502.0;164.5;72.6;0.0
206.9;181.6;113.3;0.0
69.0;187.1;0.0;0.0
136.0;187.1;12.1;0.0
510.0;187.1;0.0;0.0
494.0;165.1;0.0;0.0
99.0;165.1;22.0;0.0
149.0;165.1;160.0;0.0
454.0;165.1;203.5;0.0
107.9;218.0;277.2;0.0
585.9;259.8;1.1;0.0
74.9;259.8;0.0;0.0
125.2;254.8;33.0;0.0
378.5;306.2;208.6;44.0
540.9;745.9;1650.0;0.0
79.0;1079.7;6718.8;0.0
57.0;1083.0;3484.8;0.0
101.0;1051.0;3283.2;40.0
79.5;723.6;2854.1;0.0
82.0;643.2;7621.2;1452.0
50.0;640.2;4222.4;1408.0
49.8;304.7;3813.7;1452.0
98.0;1081.2;729.0;680.0
