49.8;934.0;413.0;0.0
81.2;732.0;790.0;0.0
150.0;544.0;812.0;0.0
241.4;390.0;397.0;0.0
236.7;236.9;400.0;0.0
55.0;236.9;5.2;0.0
161.7;238.0;167.2;0.0
555.5;238.0;0.0;0.0
550.0;238.0;0.0;0.0
548.9;238.0;0.0;0.0
581.9;238.0;0.0;0.0
605.0;242.4;34.1;0.0
0.0;242.4;19.8;0.0
0.0;242.4;125.0;0.0
234.9;238.4;137.0;0.0
244.0;222.4;145.2;0.0
452.0;219.4;0.0;0.0
488.0;219.4;0.0;0.0
372.0;240.3;2.2;0.0
90.1;256.8;0.0;0.0
74.5;256.8;0.0;0.0
93.0;325.0;179.3;792.0
54.9;821.1;847.0;9064.0
49.6;1159.9;7396.4;0.0
306.0;1154.3;3288.2;0.0
555.5;1154.3;3783.0;0.0
537.9;1154.3;3867.3;0.0
579.7;1497.5;233.2;1452.0
539.0;1497.5;4.4;1408.0
547.8;1497.5;4.4;1408.0
550.0;480.0;3.3;44.0
