45.0;100.7;82.1;0.0
50.0;114.4;90.8;0.0
101.9;138.5;62.2;0.0
40.0;156.6;40.3;0.0
55.0;156.6;17.8;0.0
92.0;182.1;68.1;0.0
394.0;191.0;58.3;0.0
64.9;162.7;0.0;0.0
550.0;163.0;25.0;0.0
311.0;163.0;146.0;0.0
90.0;163.0;0.0;0.0
49.6;163.0;0.0;0.0
93.4;163.0;0.0;0.0
140.6;181.0;11.0;0.0
401.0;183.0;287.0;0.0
212.9;220.0;153.0;0.0
181.4;253.3;0.0;0.0
318.9;404.1;483.2;40.0
358.6;724.2;5830.6;0.0
61.0;1031.2;3135.0;0.0
74.0;1031.2;4508.0;0.0
50.0;1031.2;3426.0;0.0
62.0;1346.2;337.0;680.0
97.9;1343.5;8.3;1920.0
408.9;1022.4;365.9;1360.0
94.3;170.2;8.2;0.0
68.8;172.0;0.0;0.0
49.9;172.0;0.0;0.0
50.4;172.0;0.0;0.0
50.0;190.9;53.1;4.0
49.0;253.6;592.0;0.0
49.9;254.0;296.1;0.0
52.0;254.0;319.6;0.0
49.1;254.0;385.4;0.0
50.0;285.2;133.5;68.0
49.4;285.2;0.4;128.0
50.0;285.2;0.4;128.0
49.2;193.0;0.5;68.0
