90.0;338.3;1218.0;0.0
280.9;582.3;286.8;0.0
711.7;410.2;922.6;0.0
626.5;157.0;586.7;0.0
374.0;218.0;71.8;0.0
511.0;221.6;195.9;0.0
474.7;182.9;55.0;0.0
305.9;163.2;114.0;0.0
76.2;163.3;0.0;0.0
87.1;163.3;0.0;0.0
94.6;163.3;0.0;0.0
69.0;163.3;11.0;0.0
212.5;163.3;181.0;0.0
50.0;245.3;269.0;0.0
102.0;226.3;1.0;0.0
104.0;408.3;538.0;40.0
305.0;1029.2;6371.4;0.0
404.9;1028.3;3019.3;0.0
62.6;1028.3;4000.0;0.0
74.9;1236.3;3723.0;0.0
49.5;1344.3;22.0;1320.0
71.9;1344.3;4.0;1280.0
113.6;1036.8;27.1;1320.0
10.0;166.7;34.5;0.0
97.3;170.8;8.1;0.0
69.5;172.3;0.0;0.0
49.9;172.3;0.0;0.0
49.9;173.4;0.9;8.0
40.5;192.3;53.2;124.0
54.5;254.2;951.7;0.0
49.2;285.2;775.3;0.0
49.0;285.4;0.4;132.0
49.0;285.4;0.6;192.0
44.0;254.9;0.5;68.0
