153.9;223.6;271.1;792.0
135.0;171.4;262.9;396.0
266.5;260.9;315.2;0.0
319.9;300.3;45.5;352.0
385.0;156.9;343.1;132.0
50.0;177.9;48.1;0.0
365.8;160.3;150.7;0.0
69.0;163.1;0.0;0.0
54.5;163.4;0.0;0.0
50.0;163.4;0.0;0.0
95.1;163.4;0.0;0.0
89.4;163.4;0.0;0.0
49.6;163.4;0.0;0.0
78.0;163.4;0.0;0.0
55.0;163.4;0.0;0.0
152.0;163.4;3.0;0.0
500.0;164.4;98.0;0.0
249.0;164.4;58.3;0.0
319.9;164.5;162.8;0.0
53.5;164.5;0.0;0.0
50.7;164.5;0.0;0.0
67.4;164.5;13.0;0.0
435.1;165.0;302.0;0.0
434.0;217.0;65.4;0.0
432.2;191.1;410.4;0.0
522.4;172.0;1.1;0.0
136.0;172.5;0.0;0.0
98.9;308.5;186.0;40.0
108.6;598.6;6143.5;308.0
62.5;493.5;1119.7;3520.0
64.0;289.3;3131.7;0.0
72.0;254.6;2403.0;0.0
132.9;526.6;3669.6;1320.0
86.4;317.0;3811.9;1280.0
68.0;627.8;15.0;132.0
50.0;285.8;0.4;128.0
50.0;255.5;0.7;136.0
50.0;191.4;0.0;0.0
