102.0;153.9;41.0;0.0
50.0;128.2;97.6;0.0
141.8;166.1;161.0;0.0
155.0;141.1;150.9;0.0
119.0;156.9;55.6;0.0
50.0;156.9;159.0;0.0
213.0;198.9;125.0;0.0
511.0;219.9;0.0;0.0
467.0;220.9;0.0;0.0
505.0;220.9;0.0;0.0
482.0;220.9;0.0;0.0
557.0;220.9;0.0;0.0
486.0;220.9;0.0;0.0
495.0;220.9;0.0;0.0
489.0;220.9;0.0;0.0
249.0;230.9;4.0;0.0
0.0;230.9;154.0;0.0
499.0;231.9;6.0;0.0
502.0;231.9;0.0;0.0
450.0;231.9;0.0;0.0
498.0;231.9;0.0;0.0
545.0;236.9;31.0;0.0
50.0;255.9;337.0;0.0
593.0;288.9;69.0;0.0
441.0;449.9;412.0;40.0
551.0;1063.9;6043.0;0.0
475.0;1094.9;3141.0;0.0
507.0;1094.9;3886.0;0.0
499.0;1094.9;3438.0;0.0
500.0;1408.9;901.0;680.0
499.0;1408.9;4.0;1280.0
471.0;1408.9;4.0;1280.0
508.0;487.9;5.0;680.0
0.0;156.9;0.0;0.0
0.0;156.9;0.0;0.0
0.0;156.9;0.0;0.0
0.0;156.9;0.0;0.0
0.0;156.9;0.0;0.0
0.0;156.9;0.0;0.0
0.0;156.9;0.0;0.0
0.0;156.9;0.0;0.0
0.0;156.9;0.0;0.0
0.0;156.9;0.0;0.0
0.0;156.9;0.0;0.0
0.0;156.9;0.0;0.0
0.0;156.9;0.0;0.0
0.0;156.9;0.0;0.0
0.0;156.9;0.0;0.0
0.0;156.9;0.0;0.0
0.0;156.9;0.0;0.0
0.0;156.9;0.0;0.0
0.0;156.9;0.0;0.0
0.0;156.9;0.0;0.0
0.0;156.9;0.0;0.0
0.0;156.9;0.3;0.0
10.0;156.9;18.1;0.0
29.1;162.1;8.9;0.0
49.5;164.4;0.3;0.0
0.0;164.4;9.6;0.0
37.2;164.6;8.1;0.0
49.1;164.6;0.0;0.0
49.2;165.0;0.0;0.0
45.0;165.0;5.0;0.0
34.8;168.6;34.4;0.0
101.2;172.1;3.2;0.0
53.7;172.7;0.0;0.0
50.9;172.7;0.0;0.0
45.0;191.8;53.2;4.0
50.0;254.6;605.7;0.0
48.8;254.9;327.8;0.0
54.6;254.9;313.5;0.0
50.0;254.9;349.1;0.0
45.0;286.1;133.3;0.0
52.5;286.1;0.6;196.0
50.0;286.1;0.4;128.0
50.0;194.7;0.5;68.0
