75.9;194.3;359.4;0.0
63.1;116.5;624.9;0.0
230.7;339.1;514.2;0.0
348.0;157.1;384.1;0.0
5.0;157.1;30.8;0.0
189.4;182.2;59.3;0.0
127.9;163.0;0.0;0.0
74.5;163.3;0.0;0.0
50.4;164.2;3.3;0.0
495.0;164.2;1.1;0.0
441.0;164.2;187.0;0.0
502.2;164.4;98.1;0.0
215.5;164.4;76.0;0.0
137.5;164.4;0.0;0.0
74.3;164.8;12.1;0.0
320.9;165.3;310.2;0.0
263.6;221.7;150.7;0.0
813.1;241.5;185.1;0.0
71.1;202.5;233.0;0.0
206.7;192.7;13.8;44.0
62.0;191.2;53.3;40.0
50.0;285.1;932.9;0.0
66.0;288.4;1177.6;0.0
60.0;288.4;933.8;0.0
59.9;535.4;670.6;0.0
50.0;443.4;1673.5;3920.0
67.1;1263.6;6.6;2156.0
49.4;285.6;0.4;128.0
50.0;224.7;0.5;68.0
