101.0;124.7;71.6;0.0
66.9;180.9;581.4;0.0
121.8;382.5;172.6;0.0
720.0;268.7;277.9;0.0
115.0;156.8;139.6;0.0
331.0;204.8;155.2;0.0
184.3;161.9;103.4;0.0
64.4;163.2;0.0;0.0
86.8;163.2;0.0;0.0
59.0;163.2;0.0;0.0
78.9;164.1;3.3;0.0
535.0;164.1;77.0;0.0
376.1;164.2;105.6;0.0
70.0;183.8;0.0;0.0
248.8;164.8;89.5;0.0
327.8;209.2;182.7;0.0
512.8;246.6;59.4;0.0
199.8;253.2;0.0;0.0
54.8;253.2;0.0;0.0
113.0;274.5;148.5;44.0
244.9;457.1;201.5;0.0
95.0;1109.9;6661.5;0.0
94.6;1102.4;3400.2;0.0
65.0;292.4;8814.4;40.0
51.1;524.4;2871.4;0.0
392.9;624.4;1224.7;3920.0
922.0;1269.4;6.6;2156.0
52.0;285.4;0.6;192.0
50.0;193.4;0.3;8.0
