144.0;248.4;1031.6;0.0
280.0;408.7;364.7;0.0
429.4;339.3;352.2;0.0
451.0;177.2;417.8;0.0
385.0;159.7;22.0;0.0
0.0;159.7;1.0;0.0
0.0;159.7;1.1;0.0
0.0;159.7;12.0;0.0
0.0;159.7;13.2;0.0
0.0;159.7;7.0;0.0
0.0;159.7;7.7;0.0
0.0;159.7;6.0;0.0
0.0;159.7;0.0;0.0
209.0;159.7;1.5;0.0
521.0;159.7;0.0;0.0
125.7;160.5;5.5;0.0
171.3;160.5;13.1;0.0
328.9;161.0;14.3;0.0
0.0;161.0;1.0;0.0
0.0;161.0;1.1;0.0
0.0;161.0;13.0;0.0
0.0;161.0;14.3;0.0
0.0;161.0;7.0;0.0
0.0;161.0;7.7;0.0
0.0;161.0;5.0;0.0
0.0;161.0;6.6;0.0
141.0;161.0;5.0;0.0
305.9;374.3;535.6;40.0
66.0;1111.2;23917.8;44.0
53.7;555.5;9643.0;1320.0
52.0;555.5;4898.9;1920.0
92.0;245.8;4685.4;1160.0
47.9;245.8;353.6;0.0
50.0;277.1;334.3;0.0
45.1;277.1;0.6;196.0
51.0;246.7;0.9;260.0
