107.0;173.6;433.6;0.0
255.0;264.6;123.1;0.0
374.1;352.8;199.7;0.0
96.4;181.5;406.5;0.0
299.0;159.5;20.0;0.0
0.0;159.5;1.1;0.0
0.0;159.5;1.0;0.0
0.0;159.5;5.5;0.0
0.0;159.5;5.8;0.0
0.0;159.5;0.0;0.0
0.0;159.5;7.7;0.0
0.0;159.5;7.0;0.0
0.0;159.5;6.6;0.0
0.0;159.5;6.0;0.0
525.8;160.8;18.7;0.0
219.9;161.3;4.2;0.0
498.0;161.3;0.0;0.0
499.0;161.3;11.1;0.0
106.0;161.3;2.0;0.0
0.0;161.3;13.3;0.0
0.0;161.3;0.0;0.0
0.0;161.3;6.7;0.0
0.0;161.3;0.0;0.0
0.0;161.3;1.6;0.0
0.0;161.3;0.0;0.0
217.2;161.8;3.9;44.0
539.0;1435.9;26940.1;748.0
291.2;1397.9;154.6;2072.0
100.0;1209.9;381.4;1408.0
65.2;811.2;8179.3;484.0
