138.8;160.1;207.3;0.0
148.9;242.4;137.9;0.0
243.3;322.4;253.6;0.0
183.0;177.9;367.6;0.0
261.0;159.9;20.0;0.0
0.0;159.9;0.0;0.0
0.0;159.9;0.1;0.0
0.0;159.9;0.0;0.0
0.0;159.9;2.3;0.0
0.0;159.9;0.0;0.0
0.0;159.9;0.7;0.0
0.0;159.9;0.0;0.0
0.0;159.9;0.5;0.0
0.0;159.9;0.0;0.0
99.0;159.9;4.0;0.0
58.6;160.6;5.5;0.0
291.9;161.5;14.3;0.0
491.0;161.5;14.0;0.0
0.0;161.5;1.1;0.0
0.0;161.5;1.0;0.0
55.0;161.5;13.2;0.0
50.0;161.5;13.0;0.0
0.0;161.5;7.7;0.0
0.0;161.5;7.0;0.0
0.0;161.6;5.5;0.0
0.0;161.6;6.0;0.0
101.2;161.8;5.5;0.0
590.7;396.9;587.9;44.0
54.1;977.2;13939.3;40.0
510.0;895.6;6703.3;0.0
1770.7;588.8;6738.4;1452.0
296.0;288.5;3209.3;3608.0
566.8;794.6;3663.0;0.0
