112.1;240.6;273.8;0.0
125.9;209.0;303.9;0.0
85.2;433.9;114.2;0.0
381.0;346.5;275.0;0.0
500.0;176.5;380.0;0.0
50.0;159.5;19.1;0.0
0.0;159.5;0.0;0.0
50.0;159.5;13.3;0.0
0.0;159.5;0.0;0.0
0.0;159.5;0.0;0.0
0.0;159.5;7.7;0.0
0.0;159.5;0.0;0.0
0.0;159.5;5.5;0.0
0.0;159.5;0.0;0.0
482.9;160.3;4.4;0.0
138.6;160.3;1.1;0.0
987.8;161.1;14.3;0.0
0.0;161.1;4.0;0.0
0.0;161.1;7.1;0.0
0.0;161.1;0.0;0.0
55.0;161.1;7.3;0.0
0.0;161.1;0.0;0.0
0.0;161.1;0.7;0.0
0.0;161.1;0.0;0.0
496.0;161.1;1.6;0.0
199.0;161.1;13.0;0.0
173.8;161.6;5.5;0.0
548.9;403.9;590.8;44.0
533.5;749.3;8993.6;0.0
544.5;1088.1;2586.3;0.0
544.5;1088.1;3443.0;0.0
500.0;1094.7;3370.0;0.0
548.9;1094.7;3685.0;0.0
533.5;1121.1;4204.9;0.0
544.5;1437.9;24.2;1452.0
351.1;1425.9;11.6;2072.0
55.8;590.9;21157.2;704.0
126.0;1074.7;3298.3;528.0
