88.0;100.6;79.7;0.0
56.0;114.9;102.2;0.0
84.9;138.9;55.2;0.0
56.0;158.1;39.1;0.0
24.9;159.8;2.0;0.0
0.0;159.8;0.0;0.0
0.0;159.8;0.1;0.0
0.0;159.8;0.0;0.0
0.0;159.8;13.0;0.0
0.0;159.8;13.2;0.0
0.0;159.8;7.0;0.0
0.0;159.8;7.7;0.0
0.0;159.8;5.0;0.0
55.0;159.8;5.5;0.0
188.0;159.8;4.0;0.0
197.5;160.7;5.6;0.0
329.6;160.7;13.0;0.0
530.2;160.7;0.0;0.0
328.9;161.5;14.4;0.0
0.0;161.5;0.0;0.0
0.0;161.5;12.1;0.0
0.0;161.5;0.0;0.0
0.0;161.5;3.4;0.0
0.0;161.5;9.9;0.0
0.0;161.5;1.7;0.0
0.0;161.5;0.0;0.0
299.0;161.5;18.5;40.0
496.0;1004.5;20305.0;0.0
355.8;1313.9;4155.4;680.0
65.8;991.1;474.3;3524.0
46.0;245.4;901.7;0.0
48.8;245.4;350.4;0.0
53.3;245.7;760.2;0.0
0.0;276.7;437.5;0.0
104.8;276.9;0.4;132.0
49.2;276.9;0.8;256.0
