50.0;430.7;1225.1;0.0
432.0;480.9;112.4;0.0
60.7;541.9;582.6;0.0
843.2;348.8;588.2;0.0
588.5;176.9;430.1;0.0
218.9;159.7;21.0;0.0
0.0;159.7;0.0;0.0
0.0;159.7;12.1;0.0
0.0;159.7;11.0;0.0
0.0;159.7;14.3;0.0
50.0;159.7;4.0;0.0
499.0;159.7;6.7;0.0
248.0;159.7;13.0;0.0
0.0;159.7;6.6;0.0
0.0;159.7;1.0;0.0
107.8;160.5;5.5;0.0
528.5;160.5;13.0;0.0
581.9;160.5;8.8;0.0
273.9;160.9;1.6;0.0
0.0;160.9;0.0;0.0
0.0;160.9;4.1;0.0
0.0;160.9;0.0;0.0
246.0;195.9;128.3;40.0
537.0;385.9;393.0;0.0
500.0;1005.9;8502.7;0.0
474.0;1005.9;3594.0;0.0
499.0;1004.1;3123.6;0.0
495.0;1004.1;3431.0;0.0
262.2;979.1;3687.8;44.0
49.4;556.8;16483.8;680.0
75.1;276.6;8790.7;1920.0
72.4;277.1;0.4;172.0
69.7;866.7;11.3;3124.0
53.5;184.9;0.0;0.0
