44.9;100.1;117.7;0.0
50.0;126.0;108.4;0.0
84.9;138.5;79.4;0.0
99.0;157.6;39.1;0.0
80.9;159.3;2.0;0.0
0.0;159.3;0.0;0.0
0.0;159.3;1.0;0.0
0.0;159.3;1.1;0.0
0.0;159.3;13.0;0.0
0.0;159.3;14.3;0.0
0.0;159.3;7.0;0.0
0.0;159.3;7.7;0.0
0.0;159.3;5.0;0.0
0.0;159.3;5.5;0.0
141.0;159.3;5.0;0.0
305.0;160.1;4.4;0.0
63.5;160.1;0.0;0.0
120.8;160.1;14.0;0.0
550.0;160.5;15.4;0.0
0.0;160.5;1.0;0.0
0.0;160.5;0.0;0.0
0.0;160.5;11.1;0.0
0.0;160.5;0.0;0.0
0.0;160.5;6.2;0.0
0.0;160.5;0.0;0.0
0.0;160.5;1.7;0.0
0.0;160.5;0.0;0.0
138.0;160.7;0.5;0.0
400.0;350.7;402.0;40.0
407.0;691.9;5480.5;0.0
75.0;805.6;5372.8;44.0
59.7;521.2;4089.0;0.0
53.5;244.9;791.9;0.0
103.5;244.9;560.2;0.0
96.7;560.2;1410.2;0.0
59.1;560.2;3918.8;1960.0
105.6;357.7;3829.7;1920.0
68.9;1225.5;19.2;772.0
50.0;276.5;0.6;192.0
50.0;276.5;0.4;128.0
50.0;184.2;0.3;12.0
