107.0;166.8;226.0;0.0
57.0;143.5;380.9;0.0
117.0;166.5;131.2;0.0
202.8;179.2;87.5;0.0
189.4;159.6;7.5;0.0
0.0;159.6;0.0;0.0
0.0;159.6;0.1;0.0
0.0;159.6;0.0;0.0
0.0;159.6;8.4;0.0
55.0;159.6;9.9;0.0
0.0;159.6;7.0;0.0
0.0;159.6;7.7;0.0
0.0;159.6;6.0;0.0
0.0;159.6;7.7;0.0
191.0;159.6;4.0;0.0
92.8;160.4;3.4;0.0
253.2;160.4;12.1;0.0
259.6;161.1;14.3;0.0
0.0;161.1;1.0;0.0
55.0;161.1;1.1;0.0
0.0;161.1;12.0;0.0
0.0;161.1;13.2;0.0
0.0;161.1;7.0;0.0
0.0;161.1;7.7;0.0
0.0;161.1;7.0;0.0
0.0;161.1;6.6;0.0
395.0;239.1;151.0;40.0
371.8;686.6;8560.5;0.0
103.6;1116.9;15282.0;44.0
63.4;753.2;9148.2;4560.0
49.9;881.1;2737.9;0.0
47.7;245.1;332.4;0.0
50.0;245.5;319.0;0.0
50.0;245.5;321.4;0.0
50.0;245.5;382.9;0.0
55.0;276.7;2.0;68.0
48.5;276.7;0.8;256.0
47.8;276.7;0.2;64.0
50.0;184.5;0.3;44.0
