156.5;275.0;1054.4;0.0
268.9;541.9;117.3;0.0
487.0;375.6;510.0;0.0
500.0;177.6;391.0;0.0
298.0;159.6;19.1;0.0
0.0;159.6;0.0;0.0
0.0;159.6;1.0;0.0
0.0;159.6;13.2;0.0
0.0;159.6;13.0;0.0
0.0;159.6;7.7;0.0
0.0;159.6;7.0;0.0
0.0;159.6;6.6;0.0
0.0;159.6;5.0;0.0
451.0;160.5;5.5;0.0
50.0;160.5;4.1;0.0
306.9;161.4;14.3;0.0
514.0;161.4;0.0;0.0
350.0;161.4;13.1;0.0
0.0;161.4;0.0;0.0
0.0;161.4;12.2;0.0
0.0;161.4;0.0;0.0
0.0;161.4;6.7;0.0
0.0;161.4;0.0;0.0
50.0;161.4;2.5;0.0
0.0;161.4;0.0;0.0
0.0;161.4;6.0;0.0
416.9;240.0;173.8;44.0
392.1;540.6;419.5;0.0
58.0;550.6;17134.9;40.0
61.4;555.6;3287.8;3240.0
95.9;879.6;3508.4;1200.0
50.0;245.8;312.2;0.0
49.0;245.8;343.2;0.0
50.0;277.1;299.1;0.0
49.9;277.1;0.4;132.0
50.0;277.1;0.6;192.0
48.8;277.1;0.2;64.0
48.8;185.0;0.3;48.0
