45.0;236.5;293.1;0.0
50.0;184.6;243.5;0.0
318.3;252.9;423.7;0.0
232.0;263.9;139.2;160.0
301.0;159.5;250.6;0.0
0.0;159.5;0.0;0.0
0.0;159.5;1.0;0.0
0.0;159.5;1.1;0.0
50.0;159.5;13.0;0.0
0.0;159.5;13.2;0.0
0.0;159.5;7.0;0.0
0.0;159.5;7.7;0.0
0.0;159.5;6.0;0.0
0.0;159.5;6.6;0.0
50.0;159.5;5.0;0.0
295.5;160.5;5.5;0.0
84.5;160.5;0.0;0.0
77.3;160.5;14.0;0.0
495.0;161.0;15.4;0.0
0.0;161.0;1.0;0.0
0.0;161.0;1.1;0.0
0.0;161.0;12.0;0.0
0.0;161.0;14.3;0.0
0.0;161.0;7.0;0.0
0.0;161.0;7.7;0.0
0.0;161.0;6.0;0.0
0.0;161.2;7.7;0.0
97.0;161.2;4.0;0.0
485.0;347.2;381.0;40.0
149.0;1232.7;24415.2;44.0
49.9;835.5;976.3;1960.0
49.8;557.4;9070.1;1920.0
60.6;875.4;3336.6;520.0
49.9;245.4;317.2;0.0
54.4;245.7;331.0;0.0
49.5;245.7;339.2;0.0
44.9;276.7;225.5;0.0
54.8;277.0;0.6;196.0
52.0;277.0;0.6;192.0
48.0;246.5;0.3;36.0
