63.2;116.1;158.6;0.0
149.9;157.6;55.5;0.0
210.1;174.2;59.9;0.0
208.5;159.6;19.9;0.0
0.0;159.6;0.0;0.0
0.0;159.6;1.0;0.0
0.0;159.6;0.0;0.0
0.0;159.6;0.0;0.0
0.0;159.6;0.0;0.0
0.0;159.6;0.0;0.0
0.0;159.6;0.0;0.0
0.0;159.6;0.0;0.0
0.0;159.6;0.0;0.0
0.0;159.6;0.0;0.0
0.0;159.6;0.0;0.0
0.0;159.6;0.0;0.0
0.0;159.6;12.0;0.0
0.0;159.6;0.0;0.0
0.0;159.6;7.0;0.0
0.0;159.6;0.0;0.0
0.0;159.6;6.0;0.0
0.0;159.6;0.0;0.0
376.0;159.6;4.0;0.0
252.0;159.6;14.0;0.0
0.0;159.6;0.0;0.0
0.0;159.6;1.0;0.0
0.0;159.6;0.0;0.0
0.0;159.6;12.0;0.0
0.0;159.6;0.0;0.0
0.0;159.6;7.0;0.0
0.0;159.6;0.0;0.0
0.0;159.6;6.0;0.0
0.0;176.6;5.0;0.0
499.0;272.6;149.0;40.0
512.0;707.6;3960.0;0.0
481.0;1015.6;6257.0;0.0
482.0;1015.6;3270.0;0.0
499.0;1015.6;3172.0;0.0
500.0;1019.6;3302.0;0.0
499.0;1019.6;3542.0;0.0
542.0;1329.6;1301.0;680.0
490.0;1332.6;6.0;1920.0
498.0;1332.6;4.0;1280.0
491.0;409.6;5.0;680.0
0.0;159.6;0.0;0.0
0.0;159.6;0.0;0.0
0.0;159.6;0.0;0.0
0.0;159.6;0.0;0.0
0.0;159.6;0.0;0.0
0.0;159.6;0.0;0.0
0.0;159.6;0.0;0.0
0.0;159.6;0.0;0.0
0.0;159.6;0.0;0.0
0.0;159.6;0.0;0.0
0.0;159.6;0.1;0.0
0.0;159.6;0.0;0.0
0.0;159.6;0.4;0.0
0.0;159.6;0.9;0.0
0.0;159.6;0.0;0.0
0.0;159.6;0.7;0.0
0.0;159.6;0.0;0.0
0.0;159.6;0.6;0.0
0.0;159.6;0.0;0.0
33.5;160.3;0.5;0.0
39.2;160.3;0.0;0.0
29.9;160.3;0.3;0.0
59.8;161.1;1.1;0.0
0.0;161.1;0.0;0.0
0.0;161.1;0.0;0.0
0.0;161.1;0.0;0.0
0.0;161.1;0.0;0.0
0.0;161.1;0.0;0.0
0.0;161.1;0.1;0.0
0.0;161.1;0.0;0.0
5.0;161.1;1.2;0.0
0.0;161.1;0.0;0.0
0.0;161.1;0.7;0.0
0.0;161.1;0.0;0.0
0.0;161.1;0.5;0.0
0.0;161.1;0.0;0.0
9.8;161.5;0.6;0.0
49.9;181.3;52.3;4.0
49.9;214.3;525.8;0.0
50.0;245.1;475.5;0.0
49.5;245.1;311.0;0.0
50.0;245.4;300.0;0.0
53.0;245.4;331.4;0.0
45.0;245.4;350.2;0.0
53.0;276.4;149.7;0.0
50.0;276.6;0.8;260.0
51.1;276.6;0.4;128.0
49.2;185.1;0.3;56.0
