44.9;103.6;65.2;0.0
106.0;106.0;89.4;0.0
201.2;160.4;197.2;0.0
265.0;293.8;303.5;0.0
204.0;179.6;400.8;0.0
165.0;159.5;22.0;0.0
0.0;159.5;1.0;0.0
0.0;159.5;1.1;0.0
0.0;159.5;12.0;0.0
0.0;159.5;14.3;0.0
0.0;159.5;7.0;0.0
0.0;159.5;7.7;0.0
0.0;159.5;6.0;0.0
0.0;159.5;6.6;0.0
278.0;159.5;5.0;0.0
360.9;160.3;4.5;0.0
252.0;160.3;13.0;0.0
550.0;160.3;0.0;0.0
550.0;160.6;14.4;0.0
275.0;161.1;0.0;0.0
0.0;161.1;13.0;0.0
0.0;161.1;1.1;0.0
0.0;161.1;7.0;0.0
0.0;161.1;14.3;0.0
0.0;161.1;1.7;0.0
0.0;161.1;0.0;0.0
249.0;186.1;110.6;40.0
506.0;385.1;413.0;0.0
300.9;998.6;8396.9;44.0
139.0;807.8;2499.7;0.0
76.0;524.3;3005.7;0.0
120.0;245.1;754.6;0.0
55.0;245.1;1397.8;0.0
135.0;563.1;2239.2;680.0
59.0;560.4;3314.0;2560.0
72.0;560.4;3581.8;640.0
95.0;1194.5;2059.5;520.0
50.0;276.7;0.6;196.0
50.0;276.7;0.6;192.0
50.0;246.2;0.5;72.0
