56.0;238.3;311.4;0.0
101.8;247.8;197.8;0.0
204.8;254.0;530.1;0.0
268.9;307.4;105.7;0.0
399.9;179.6;381.5;0.0
110.0;159.5;22.0;0.0
0.0;159.5;1.0;0.0
0.0;159.5;1.1;0.0
50.0;159.5;13.0;0.0
55.0;159.5;14.3;0.0
0.0;159.5;7.0;0.0
0.0;159.5;7.7;0.0
0.0;159.5;4.0;0.0
0.0;159.5;5.5;0.0
266.0;159.5;5.0;0.0
160.6;160.3;2.6;0.0
938.9;160.3;6.0;0.0
541.2;160.3;0.0;0.0
495.0;161.1;14.4;0.0
0.0;161.1;0.0;0.0
55.0;161.1;12.1;0.0
0.0;161.1;0.0;0.0
0.0;161.1;7.3;0.0
0.0;161.1;0.0;0.0
0.0;161.1;2.7;0.0
0.0;161.1;0.0;0.0
248.0;191.1;145.6;40.0
507.0;1006.1;23613.0;0.0
365.1;1316.4;718.5;680.0
83.9;1136.4;562.9;2524.0
50.0;841.2;6065.6;640.0
49.5;870.0;4924.1;720.0
46.5;245.0;340.2;0.0
54.2;245.3;319.4;0.0
50.0;245.3;336.2;0.0
50.3;276.2;399.9;0.0
49.9;276.5;0.4;132.0
49.0;276.5;0.6;192.0
55.0;246.0;0.5;108.0
