61.0;233.3;931.7;0.0
396.6;338.5;417.1;0.0
435.5;325.7;195.3;0.0
354.9;177.7;410.1;0.0
275.0;159.4;22.0;0.0
0.0;159.4;1.0;0.0
0.0;159.4;1.1;0.0
0.0;159.4;13.0;0.0
0.0;159.4;13.2;0.0
0.0;159.4;7.0;0.0
0.0;159.4;7.7;0.0
0.0;159.4;7.0;0.0
0.0;159.4;5.5;0.0
50.0;159.4;4.0;0.0
500.0;159.4;0.0;0.0
133.3;160.3;4.4;0.0
57.1;160.3;14.0;0.0
574.2;160.3;13.2;0.0
201.3;161.1;1.2;0.0
0.0;161.1;0.0;0.0
0.0;161.1;11.1;0.0
0.0;161.1;0.0;0.0
0.0;161.1;7.3;0.0
0.0;161.1;0.0;0.0
0.0;161.1;2.7;0.0
0.0;161.1;0.0;0.0
8.0;161.3;0.5;0.0
475.0;349.3;174.0;40.0
234.4;671.8;4562.8;44.0
58.8;802.5;5141.3;0.0
49.5;585.3;23117.0;0.0
354.0;246.1;3322.5;4840.0
