70.8;258.7;977.6;0.0
433.8;339.6;462.2;0.0
827.2;341.5;194.0;0.0
168.2;159.7;441.1;0.0
0.0;159.7;0.0;0.0
0.0;159.7;1.0;0.0
0.0;159.7;1.1;0.0
0.0;159.7;13.0;0.0
0.0;159.7;13.2;0.0
0.0;159.7;7.0;0.0
0.0;159.7;7.7;0.0
0.0;159.7;5.0;0.0
0.0;159.7;6.6;0.0
476.0;159.7;4.0;0.0
490.0;159.7;1.0;0.0
266.5;160.7;5.8;0.0
1757.8;161.5;12.1;0.0
0.0;161.5;1.0;0.0
0.0;161.5;1.1;0.0
0.0;161.5;12.0;0.0
0.0;161.5;13.2;0.0
0.0;161.5;7.0;0.0
0.0;161.5;7.7;0.0
0.0;161.5;5.0;0.0
0.0;161.7;6.6;0.0
250.0;161.7;125.0;40.0
287.4;1305.0;24358.5;0.0
72.5;1080.2;568.0;4364.0
45.7;245.4;990.0;0.0
49.2;245.4;509.5;0.0
53.0;276.8;896.5;0.0
44.6;277.0;0.8;260.0
55.0;260.2;0.9;200.0
54.9;184.9;0.0;0.0
