76.0;242.7;984.2;0.0
318.9;378.5;450.4;0.0
496.9;332.8;219.2;0.0
445.0;183.3;410.1;0.0
327.8;159.6;22.0;0.0
0.0;159.6;1.0;0.0
0.0;159.6;1.1;0.0
0.0;159.6;13.0;0.0
0.0;159.6;13.2;0.0
0.0;159.6;7.0;0.0
0.0;159.6;2.7;0.0
0.0;159.6;0.0;0.0
50.0;159.6;1.5;0.0
495.0;159.6;1.0;0.0
254.0;159.6;8.5;0.0
522.5;160.4;0.0;0.0
501.0;160.4;1.0;0.0
588.5;160.7;13.2;0.0
108.9;161.1;11.2;0.0
0.0;161.1;0.0;0.0
55.0;161.1;6.1;0.0
0.0;161.1;0.0;0.0
0.0;161.1;7.2;0.0
0.0;161.1;0.0;0.0
249.0;183.1;101.7;40.0
498.0;1003.1;17599.0;0.0
461.0;1316.1;6783.5;0.0
513.0;1158.1;15.0;4320.0
284.9;354.6;72.6;44.0
47.9;182.6;47.1;0.0
48.9;225.9;817.8;0.0
50.4;276.3;1576.4;0.0
37.2;276.6;0.4;132.0
53.8;276.6;0.6;192.0
52.6;246.2;0.5;112.0
