152.9;197.5;371.4;0.0
67.9;186.4;565.9;0.0
205.8;326.3;380.8;0.0
215.9;159.6;378.0;0.0
50.0;159.6;15.0;0.0
0.0;159.6;1.1;0.0
0.0;159.6;1.0;0.0
0.0;159.6;0.0;0.0
0.0;159.6;2.3;0.0
0.0;159.6;0.0;0.0
0.0;159.6;0.7;0.0
0.0;159.6;0.0;0.0
0.0;159.6;0.6;0.0
0.0;159.6;0.0;0.0
39.8;160.5;1.5;0.0
48.8;160.5;1.1;0.0
325.9;161.4;2.3;0.0
141.0;161.4;2.0;0.0
0.0;161.4;1.1;0.0
50.0;161.4;1.0;0.0
0.0;161.4;0.0;0.0
0.0;161.4;13.0;0.0
0.0;161.4;0.0;0.0
0.0;161.4;7.0;0.0
0.0;161.4;0.0;0.0
0.0;161.4;6.0;0.0
0.0;161.4;4.4;0.0
249.0;201.4;81.9;40.0
499.0;1310.4;24393.0;0.0
466.0;1312.4;1.7;1960.0
504.0;1312.4;9.0;2520.0
524.0;391.5;5.5;0.0
0.0;161.5;0.0;0.0
45.5;178.9;16.9;4.0
49.5;245.8;2421.2;0.0
49.9;277.1;10.1;132.0
44.9;277.1;0.6;192.0
55.9;246.7;0.5;116.0
