100.9;224.5;273.2;0.0
121.9;161.6;182.6;0.0
223.4;226.9;379.1;0.0
143.0;287.9;79.8;0.0
347.7;159.3;358.4;0.0
0.0;159.3;0.0;0.0
0.0;159.3;1.0;0.0
0.0;159.3;1.1;0.0
0.0;159.3;13.0;0.0
53.9;159.3;14.3;0.0
0.0;159.3;0.0;0.0
0.0;159.3;0.7;0.0
0.0;159.3;0.0;0.0
0.0;159.3;2.6;0.0
0.0;159.3;0.0;0.0
41.0;160.1;13.7;0.0
374.6;160.5;2.2;0.0
499.0;160.5;12.0;0.0
231.0;160.5;1.1;0.0
0.0;160.5;0.0;0.0
0.0;160.5;14.4;0.0
0.0;160.5;0.0;0.0
52.8;160.5;6.7;0.0
0.0;160.5;0.0;0.0
0.0;160.7;2.5;0.0
0.0;160.7;0.0;0.0
320.1;199.3;171.0;44.0
493.9;407.2;423.5;0.0
81.9;873.4;8831.2;40.0
99.5;559.1;21855.3;0.0
64.0;561.1;3512.2;3240.0
59.0;883.4;3391.8;1000.0
50.0;245.4;338.6;0.0
50.0;276.2;333.9;0.0
50.0;276.7;0.8;132.0
50.0;276.7;0.6;192.0
50.0;246.2;0.5;100.0
50.0;184.4;0.0;0.0
