56.0;157.7;42.8;0.0
162.8;159.5;3.0;0.0
0.0;159.5;0.0;0.0
0.0;159.5;0.1;0.0
0.0;159.5;0.0;0.0
0.0;159.5;2.1;0.0
0.0;159.5;0.0;0.0
0.0;159.5;0.7;0.0
0.0;159.5;0.0;0.0
50.0;159.5;0.5;0.0
0.0;159.5;0.0;0.0
301.8;160.4;1.4;0.0
254.0;160.4;13.0;0.0
562.1;160.4;0.0;0.0
500.8;160.7;14.4;0.0
0.0;161.2;0.0;0.0
0.0;161.2;12.0;0.0
0.0;161.2;1.1;0.0
0.0;161.2;7.0;0.0
0.0;161.2;14.3;0.0
0.0;161.2;6.0;0.0
51.7;161.2;7.7;0.0
249.0;185.2;131.0;40.0
512.0;1002.2;13956.5;0.0
426.0;1002.2;3170.0;0.0
342.0;1001.6;3670.4;0.0
88.0;810.8;3091.9;44.0
50.0;840.3;7065.0;1320.0
59.3;563.1;3818.7;1920.0
73.6;563.1;3601.6;640.0
64.9;871.4;3444.4;520.0
49.8;245.4;326.4;0.0
50.0;245.4;367.8;0.0
49.0;276.6;32.3;68.0
48.2;276.6;0.8;256.0
49.6;276.6;0.2;64.0
50.0;184.4;0.3;44.0
