71.0;353.8;1205.4;0.0
186.0;585.0;290.0;0.0
362.7;442.7;975.9;0.0
712.8;296.9;413.6;0.0
598.4;157.9;335.6;0.0
0.0;159.6;22.0;0.0
0.0;159.6;13.0;0.0
0.0;159.6;1.1;0.0
0.0;159.6;7.0;0.0
0.0;159.6;13.2;0.0
0.0;159.6;6.0;0.0
0.0;159.6;7.7;0.0
149.0;159.6;4.0;0.0
491.0;159.6;5.5;0.0
499.0;159.6;0.0;0.0
300.9;160.5;10.4;0.0
495.6;160.5;0.0;0.0
536.8;160.5;0.0;0.0
599.5;161.0;14.4;0.0
0.0;161.2;0.0;0.0
0.0;161.2;12.1;0.0
0.0;161.2;0.0;0.0
0.0;161.2;6.2;0.0
0.0;161.2;0.0;0.0
0.0;161.2;6.0;0.0
98.0;161.2;2.7;0.0
480.0;341.2;180.0;40.0
495.0;998.4;11421.6;0.0
500.0;1308.4;12889.0;0.0
162.9;1262.7;151.1;4324.0
49.5;245.5;1949.2;0.0
51.4;276.5;484.1;0.0
43.4;276.7;1.0;324.0
