73.5;100.4;66.2;0.0
91.0;114.2;101.4;0.0
143.9;138.7;73.2;0.0
50.0;157.8;39.1;0.0
24.9;159.6;2.0;0.0
0.0;159.6;0.0;0.0
0.0;159.6;0.1;0.0
0.0;159.6;0.0;0.0
50.0;159.6;12.0;0.0
0.0;159.6;0.0;0.0
0.0;159.6;6.2;0.0
0.0;159.6;0.0;0.0
0.0;159.6;1.7;0.0
0.0;159.6;0.0;0.0
95.0;159.6;1.5;0.0
516.0;159.6;0.0;0.0
414.0;160.3;4.4;0.0
49.6;160.3;14.0;0.0
537.9;160.3;0.0;0.0
588.5;160.7;12.2;0.0
110.0;161.1;2.2;0.0
0.0;161.1;12.0;0.0
0.0;161.1;1.1;0.0
0.0;161.1;7.0;0.0
0.0;161.1;0.0;0.0
0.0;161.1;7.0;0.0
0.0;161.1;0.0;0.0
99.0;161.1;4.0;0.0
440.0;339.1;172.0;40.0
487.0;698.1;7315.0;0.0
546.0;1006.1;3438.2;0.0
460.0;1006.1;3296.0;0.0
539.0;1006.1;3167.7;0.0
494.0;1008.1;3378.0;0.0
500.0;1008.1;3631.5;0.0
500.0;1319.1;523.0;680.0
365.9;1317.3;3.5;2560.0
66.4;1122.9;589.8;604.0
66.6;854.7;17426.5;680.0
0.0;276.7;857.5;0.0
135.0;276.9;0.6;196.0
53.7;274.0;0.9;256.0
52.6;183.0;0.0;0.0
