70.0;171.9;284.8;0.0
91.0;182.0;142.0;0.0
124.8;200.8;451.2;0.0
216.0;268.6;145.3;0.0
301.0;159.5;272.6;0.0
0.0;159.5;0.0;0.0
50.0;159.5;1.0;0.0
0.0;159.5;1.1;0.0
0.0;159.5;13.0;0.0
0.0;159.5;13.2;0.0
0.0;159.5;7.0;0.0
0.0;159.5;7.7;0.0
0.0;159.5;5.0;0.0
0.0;159.5;6.6;0.0
48.0;159.5;5.0;0.0
328.0;160.4;8.4;0.0
321.9;160.4;2.0;0.0
510.4;160.4;0.0;0.0
550.0;161.2;14.4;0.0
0.0;161.2;0.0;0.0
0.0;161.2;1.1;0.0
0.0;161.2;0.0;0.0
0.0;161.2;14.3;0.0
0.0;161.2;0.0;0.0
0.0;161.2;0.0;0.0
0.0;161.2;7.7;0.0
0.0;161.2;0.0;0.0
0.0;161.2;9.4;0.0
0.0;161.2;0.0;0.0
422.4;243.5;170.1;44.0
603.9;711.0;423.5;0.0
537.9;1085.0;9667.3;0.0
503.8;1085.0;3689.4;0.0
354.0;1080.0;3477.6;0.0
54.9;560.3;21682.8;40.0
61.4;562.3;4299.2;4480.0
51.4;276.3;206.5;0.0
49.9;276.5;0.6;196.0
47.1;276.5;0.6;192.0
51.8;246.1;0.3;52.0
