65.7;226.5;878.0;0.0
342.8;321.5;388.5;0.0
446.8;330.8;151.3;0.0
282.9;178.7;410.1;0.0
220.0;159.5;22.0;0.0
0.0;159.5;1.0;0.0
0.0;159.5;1.1;0.0
0.0;159.5;12.0;0.0
0.0;159.5;0.0;0.0
0.0;159.5;5.1;0.0
0.0;159.5;0.0;0.0
0.0;159.5;2.7;0.0
0.0;159.5;0.0;0.0
367.0;159.5;0.5;0.0
296.0;159.5;14.0;0.0
481.8;160.4;6.6;0.0
522.5;160.4;1.0;0.0
550.0;160.8;13.2;0.0
277.8;161.3;11.2;0.0
0.0;161.3;0.0;0.0
0.0;161.3;6.1;0.0
0.0;161.3;0.0;0.0
0.0;161.3;8.3;0.0
0.0;161.3;0.0;0.0
249.0;181.3;127.7;40.0
492.0;1317.3;24804.0;40.0
535.0;1315.5;4.6;3200.0
519.0;1315.5;5.0;1160.0
426.2;373.7;5.5;0.0
44.6;180.0;18.5;4.0
50.3;245.3;1005.7;0.0
48.7;276.7;1425.7;0.0
51.5;277.0;0.4;132.0
49.9;277.0;0.8;256.0
48.0;246.6;0.5;72.0
