45.0;130.3;61.6;0.0
49.9;107.3;71.8;0.0
76.8;127.3;104.1;0.0
125.7;141.0;53.2;0.0
50.0;158.1;78.0;0.0
5.0;159.8;2.0;0.0
0.0;159.8;0.0;0.0
0.0;159.8;0.1;0.0
0.0;159.8;0.0;0.0
0.0;159.8;3.1;0.0
0.0;159.8;0.0;0.0
0.0;159.8;0.7;0.0
0.0;159.8;0.0;0.0
0.0;159.8;0.5;0.0
0.0;159.8;0.0;0.0
328.0;160.6;0.5;0.0
50.0;160.6;0.0;0.0
98.5;160.6;14.0;0.0
450.9;160.9;15.4;0.0
55.0;161.4;0.0;0.0
0.0;161.4;1.0;0.0
0.0;161.4;1.1;0.0
0.0;161.4;14.0;0.0
0.0;161.4;14.3;0.0
0.0;161.4;7.0;0.0
0.0;161.4;5.7;0.0
0.0;161.4;4.0;0.0
0.0;161.4;6.6;0.0
442.0;237.4;150.0;40.0
121.0;646.9;1310.6;44.0
99.6;800.4;8411.5;0.0
419.0;589.4;22395.6;0.0
2320.2;591.6;3196.6;2156.0
87.8;588.6;4029.8;2816.0
121.0;1103.4;2433.3;44.0
