83.5;184.4;371.9;0.0
66.5;115.8;627.9;0.0
166.3;315.9;488.7;0.0
184.0;179.5;367.6;0.0
249.0;159.5;20.0;0.0
0.0;159.5;1.1;0.0
0.0;159.5;1.0;0.0
0.0;159.5;14.3;0.0
0.0;159.5;13.0;0.0
0.0;159.5;7.7;0.0
0.0;159.5;0.0;0.0
0.0;159.5;1.6;0.0
0.0;159.5;0.0;0.0
216.7;160.3;0.5;0.0
517.0;160.3;0.0;0.0
50.0;160.3;6.0;0.0
301.0;160.3;2.4;0.0
110.0;160.8;0.0;0.0
0.0;160.8;1.0;0.0
0.0;160.8;1.1;0.0
0.0;160.8;13.0;0.0
0.0;160.8;13.2;0.0
0.0;160.8;7.0;0.0
0.0;160.8;7.7;0.0
0.0;160.8;5.0;0.0
0.0;160.8;5.5;0.0
349.0;200.8;151.0;40.0
399.8;688.2;987.4;0.0
137.0;833.7;8285.1;44.0
60.6;521.4;3674.7;0.0
121.0;245.2;1254.5;0.0
79.5;245.2;2473.6;0.0
94.5;554.6;1166.4;0.0
81.4;554.6;4501.8;1960.0
62.8;276.6;3462.3;1920.0
67.0;1201.8;1.4;732.0
50.3;276.8;0.6;192.0
50.1;246.4;0.5;108.0
