152.0;192.7;256.6;0.0
74.0;186.9;298.8;0.0
265.8;248.7;439.1;0.0
241.0;316.5;119.2;0.0
360.0;180.6;398.0;0.0
110.0;159.4;22.0;0.0
0.0;159.4;1.0;0.0
0.0;159.4;1.1;0.0
0.0;159.4;13.0;0.0
0.0;159.4;14.3;0.0
0.0;159.4;7.0;0.0
0.0;159.4;7.7;0.0
0.0;159.4;6.0;0.0
0.0;159.4;6.6;0.0
100.0;159.4;4.0;0.0
510.0;160.2;5.5;0.0
81.7;160.2;0.0;0.0
280.7;160.2;3.2;0.0
316.8;161.0;2.2;0.0
0.0;161.0;1.0;0.0
0.0;161.0;1.1;0.0
0.0;161.0;13.0;0.0
0.0;161.0;13.2;0.0
0.0;161.0;7.0;0.0
0.0;161.0;7.7;0.0
0.0;161.0;6.0;0.0
0.0;161.0;5.5;0.0
287.0;161.0;17.0;40.0
400.0;377.4;520.5;0.0
86.0;836.6;8697.4;44.0
58.9;525.2;1732.2;0.0
60.5;244.9;2837.6;0.0
82.7;244.9;673.2;0.0
63.4;245.3;655.2;0.0
128.4;559.3;2540.2;680.0
125.5;561.3;4017.8;1920.0
94.0;577.5;544.1;1188.0
56.2;1194.5;8.8;2816.0
49.6;276.5;0.2;64.0
50.0;184.4;0.3;44.0
