94.0;178.9;271.0;0.0
99.0;159.9;20.0;0.0
0.0;159.9;1.1;0.0
0.0;159.9;1.0;0.0
0.0;159.9;13.2;0.0
0.0;159.9;13.0;0.0
0.0;159.9;0.0;0.0
0.0;159.9;0.7;0.0
0.0;159.9;0.0;0.0
0.0;159.9;5.0;0.0
0.0;159.9;0.0;0.0
294.0;159.9;5.0;0.0
514.0;159.9;0.0;0.0
450.0;159.9;6.6;0.0
350.0;159.9;14.0;0.0
110.0;160.7;4.4;0.0
550.0;160.7;1.0;0.0
517.0;160.7;0.0;0.0
606.1;161.1;2.4;0.0
0.0;161.6;0.0;0.0
52.8;161.6;6.1;0.0
0.0;161.6;0.0;0.0
0.0;161.6;7.3;0.0
0.0;161.6;0.0;0.0
226.0;161.6;3.7;0.0
495.0;1309.6;24966.0;40.0
448.0;1314.6;4.0;1320.0
512.0;1314.6;0.6;1920.0
498.0;1030.6;5.0;1080.0
43.2;172.0;15.4;4.0
50.1;276.6;2477.7;0.0
49.9;277.1;0.4;132.0
47.9;277.1;0.6;192.0
53.0;246.7;0.5;128.0
50.0;181.9;0.0;0.0
