59.5;118.1;128.2;0.0
89.9;158.6;100.2;0.0
189.9;138.3;109.4;0.0
50.0;156.9;39.1;0.0
129.9;159.4;2.0;0.0
0.0;159.4;0.0;0.0
0.0;159.4;0.1;0.0
0.0;159.4;0.0;0.0
0.0;159.4;13.0;0.0
0.0;159.4;13.2;0.0
0.0;159.4;7.0;0.0
0.0;159.4;7.7;0.0
0.0;159.4;6.0;0.0
0.0;159.4;6.6;0.0
196.0;159.4;5.0;0.0
75.6;160.3;14.3;0.0
301.9;161.1;6.6;0.0
500.0;161.1;14.0;0.0
50.0;161.1;1.1;0.0
0.0;161.1;1.0;0.0
0.0;161.1;14.3;0.0
0.0;161.1;0.0;0.0
0.0;161.1;6.7;0.0
0.0;161.1;0.0;0.0
0.0;161.1;1.6;0.0
0.0;161.1;0.0;0.0
353.1;224.9;161.1;44.0
49.5;1430.5;27285.5;0.0
2637.4;1293.5;169.6;2116.0
495.0;534.5;24748.9;2772.0
812.4;1107.4;20.0;680.0
