66.0;123.2;188.7;0.0
49.8;155.1;161.3;0.0
123.8;138.8;83.1;0.0
103.9;157.6;39.1;0.0
24.9;159.5;2.0;0.0
0.0;159.5;0.0;0.0
0.0;159.5;0.1;0.0
0.0;159.5;0.0;0.0
0.0;159.5;0.0;0.0
0.0;159.5;13.0;0.0
0.0;159.5;0.0;0.0
0.0;159.5;7.0;0.0
0.0;159.5;0.0;0.0
0.0;159.5;5.0;0.0
0.0;159.5;0.0;0.0
466.0;159.5;4.0;0.0
521.0;159.5;0.0;0.0
399.0;159.5;3.2;0.0
0.0;159.5;0.0;0.0
0.0;159.5;6.7;0.0
0.0;159.5;0.0;0.0
0.0;159.5;8.5;0.0
0.0;159.5;0.0;0.0
271.7;160.3;2.5;0.0
544.5;160.3;0.0;0.0
577.5;160.3;6.0;0.0
440.0;161.1;15.4;0.0
150.0;161.1;5.0;0.0
448.0;362.1;526.0;40.0
508.0;692.1;7010.1;0.0
477.0;1000.1;3412.0;0.0
530.0;1000.1;3834.3;0.0
515.0;1000.1;3522.0;0.0
449.0;1004.1;3327.7;0.0
498.0;1315.1;2823.0;0.0
505.0;1316.3;3.5;2600.0
499.0;1316.3;4.0;1280.0
369.7;391.5;1.4;720.0
49.9;182.7;53.8;4.0
45.0;214.1;657.6;0.0
54.9;244.9;356.3;0.0
49.9;244.9;321.1;0.0
52.3;244.9;334.5;0.0
50.0;244.9;334.4;0.0
49.9;245.3;357.0;0.0
45.0;276.6;32.3;68.0
50.0;276.6;0.8;256.0
49.2;276.6;0.4;128.0
48.8;184.4;0.3;12.0
