97.8;175.5;353.6;0.0
92.9;179.2;141.0;0.0
146.9;185.9;396.2;0.0
68.1;189.8;81.1;0.0
214.0;159.6;29.0;0.0
0.0;159.6;0.0;0.0
55.0;159.6;0.1;0.0
0.0;159.6;0.0;0.0
0.0;159.6;14.3;0.0
0.0;159.6;12.0;0.0
0.0;159.6;7.7;0.0
0.0;159.6;7.0;0.0
0.0;159.6;6.6;0.0
0.0;159.6;6.0;0.0
0.0;160.4;5.5;0.0
250.0;160.4;4.0;0.0
102.0;160.4;0.0;0.0
50.0;161.1;3.4;0.0
199.0;161.1;2.0;0.0
0.0;161.1;1.1;0.0
0.0;161.1;1.0;0.0
0.0;161.1;14.3;0.0
0.0;161.1;12.0;0.0
0.0;161.1;0.0;0.0
0.0;161.1;0.7;0.0
0.0;161.1;0.0;0.0
0.0;161.3;5.5;0.0
0.0;161.3;4.0;0.0
513.7;350.3;179.3;44.0
77.2;646.5;3596.5;40.0
49.9;555.3;3762.5;0.0
58.0;245.3;4666.8;0.0
49.5;245.3;408.2;0.0
103.9;245.7;518.8;0.0
120.4;245.7;1055.6;0.0
86.7;276.9;1702.5;748.0
94.4;276.9;2.8;856.0
104.8;276.9;4.2;1344.0
61.4;184.7;0.3;36.0
