45.0;177.9;262.4;0.0
50.0;158.9;96.0;0.0
232.5;214.4;264.7;0.0
168.9;277.4;130.4;0.0
84.9;158.5;355.3;0.0
87.2;177.5;20.0;0.0
272.4;160.2;58.2;0.0
126.8;161.7;86.7;0.0
49.5;161.7;0.0;0.0
50.0;161.7;0.0;0.0
77.2;161.7;0.0;0.0
79.9;161.7;0.0;0.0
84.8;161.7;0.0;0.0
81.3;161.7;0.0;0.0
106.4;161.7;0.0;0.0
66.5;161.7;0.0;0.0
228.1;163.2;29.7;0.0
164.2;181.7;165.0;0.0
76.0;201.5;9.9;0.0
117.9;428.1;595.1;44.0
96.9;442.4;0.0;0.0
50.0;482.0;0.0;0.0
70.9;509.5;0.0;0.0
77.9;878.0;4303.2;0.0
50.0;880.2;15081.0;0.0
50.0;880.2;15174.5;0.0
65.5;880.2;16343.8;0.0
66.5;880.2;15551.8;0.0
66.0;880.2;16385.6;0.0
63.0;885.7;12391.5;0.0
49.1;1231.1;216.7;0.0
69.8;1229.1;4063.4;0.0
91.1;1229.1;3850.0;0.0
50.0;1229.1;3797.2;0.0
67.1;1229.1;3707.0;0.0
121.0;1229.1;3612.4;0.0
123.8;1229.1;4001.8;0.0
55.0;1229.1;3773.0;0.0
50.0;1229.1;3880.8;0.0
90.9;1229.1;4105.2;0.0
79.1;1229.1;4059.0;0.0
81.0;1229.1;4028.2;0.0
53.4;1229.1;3737.8;0.0
79.0;1229.1;3747.7;0.0
71.9;1229.1;3786.2;0.0
48.1;1229.1;4163.5;0.0
86.0;1226.1;4061.2;0.0
292.3;1207.1;3998.0;0.0
307.0;1205.1;3764.6;0.0
94.3;1190.1;3981.0;0.0
85.0;978.1;3371.2;40.0
56.5;566.1;41629.1;0.0
50.0;259.1;60692.7;0.0
56.7;259.1;33736.0;0.0
50.0;259.1;34321.6;0.0
55.0;259.1;35574.5;0.0
50.0;582.1;31136.7;0.0
57.0;584.1;3905.8;2600.0
81.5;584.1;4064.2;2560.0
54.0;584.1;4059.2;640.0
64.0;847.1;3905.3;160.0
50.0;259.1;352.0;0.0
50.0;259.1;359.8;0.0
48.2;259.1;390.3;0.0
49.7;259.1;366.9;0.0
50.0;259.1;362.3;0.0
52.4;259.1;380.8;0.0
49.9;259.1;368.4;0.0
50.0;259.1;359.8;0.0
50.9;259.1;420.8;0.0
50.0;259.1;366.3;0.0
49.1;259.1;395.3;0.0
50.0;259.1;371.2;0.0
50.0;259.1;372.0;0.0
49.8;259.1;392.6;0.0
48.9;259.1;403.6;0.0
54.9;259.1;390.4;0.0
50.0;290.7;119.5;132.0
46.5;290.7;1.0;320.0
51.3;290.7;0.4;128.0
49.5;260.3;0.3;32.0
