45.0;117.8;134.8;0.0
91.0;143.6;147.1;0.0
134.9;138.4;70.9;0.0
68.0;157.4;40.4;0.0
50.0;158.4;0.0;0.0
71.5;160.3;4.0;0.0
128.8;160.3;59.4;0.0
96.6;161.7;50.2;0.0
77.5;161.7;0.0;0.0
49.8;161.7;0.0;0.0
73.6;161.7;0.0;0.0
56.5;161.7;0.0;0.0
73.5;161.7;0.0;0.0
61.0;161.7;0.0;0.0
53.6;161.7;0.0;0.0
105.0;161.7;0.0;0.0
68.9;161.7;0.0;0.0
50.0;161.7;0.0;0.0
64.4;161.7;0.0;0.0
87.0;161.7;0.0;0.0
50.0;161.7;0.0;0.0
70.0;161.7;0.0;0.0
57.2;161.7;0.0;0.0
80.8;161.7;0.0;0.0
95.1;161.7;0.0;0.0
75.8;161.7;0.0;0.0
63.2;161.7;0.0;0.0
82.4;161.7;0.0;0.0
72.0;161.7;0.0;0.0
58.7;161.7;0.0;0.0
55.5;161.7;0.0;0.0
60.8;161.7;0.0;0.0
55.2;161.7;0.0;0.0
89.6;161.7;0.0;0.0
59.0;161.7;0.0;0.0
66.2;161.7;0.0;0.0
49.9;161.7;0.0;0.0
84.1;161.7;0.0;0.0
56.3;161.7;0.0;0.0
87.3;161.7;0.0;0.0
49.6;161.7;0.0;0.0
67.6;161.7;0.0;0.0
54.0;161.7;0.0;0.0
55.8;161.7;0.0;0.0
50.0;161.7;0.0;0.0
56.4;161.7;0.0;0.0
56.0;161.7;0.0;0.0
96.4;162.5;29.7;0.0
138.8;163.6;27.1;0.0
253.0;184.6;84.1;0.0
231.4;165.4;85.8;0.0
99.9;365.4;406.9;4.0
108.5;210.7;431.2;0.0
80.8;191.8;0.0;0.0
94.2;532.6;59376.9;0.0
74.4;570.2;49550.0;0.0
65.6;568.2;25522.5;0.0
66.5;566.2;9062.8;0.0
143.7;566.2;10687.6;0.0
49.9;566.2;15637.5;0.0
69.0;567.3;26924.0;0.0
55.5;907.7;36208.3;0.0
49.8;260.5;2342.1;6600.0
102.8;869.0;3406.0;0.0
