89.0;164.9;355.6;0.0
192.0;230.5;176.8;0.0
298.9;300.7;237.4;0.0
58.9;157.8;425.4;0.0
101.0;175.4;42.0;0.0
163.6;160.1;105.1;0.0
320.6;161.5;161.7;0.0
60.3;161.5;0.0;0.0
50.1;161.5;0.0;0.0
63.0;161.5;14.0;0.0
325.2;182.5;32.0;0.0
114.0;200.5;136.0;0.0
67.5;225.5;157.0;40.0
56.2;412.5;385.0;0.0
103.0;450.5;0.0;0.0
89.8;485.5;0.0;0.0
72.5;823.5;8719.0;0.0
50.0;823.5;14193.0;0.0
69.4;824.5;15345.0;0.0
50.0;824.5;19586.0;0.0
50.0;824.5;15793.0;0.0
60.8;828.5;13248.0;0.0
77.2;1141.5;845.0;0.0
68.0;1141.5;3990.0;0.0
58.0;1141.5;4528.0;0.0
74.9;1141.5;4854.0;0.0
59.0;1141.5;15522.0;0.0
59.1;1141.5;37302.0;0.0
55.7;1141.5;3316.0;0.0
49.7;1141.5;3926.0;0.0
134.0;1141.5;3675.0;0.0
73.4;1141.5;4059.0;0.0
50.5;1137.0;4149.6;0.0
353.8;1126.2;3926.3;0.0
64.2;1103.7;3478.9;44.0
61.0;922.8;3466.8;0.0
48.5;903.9;4297.0;0.0
57.0;876.9;3587.0;0.0
61.0;837.3;4009.0;0.0
49.9;553.8;8731.8;0.0
82.2;553.8;11454.5;0.0
48.9;552.1;11133.8;0.0
59.8;552.1;12872.7;0.0
106.0;552.1;11649.8;0.0
60.0;552.1;10715.5;0.0
73.2;547.6;2774.1;0.0
62.0;258.3;2086.9;0.0
57.4;258.3;1632.6;0.0
50.0;258.3;658.2;0.0
49.4;258.3;761.4;0.0
69.5;258.3;1023.4;0.0
60.0;258.3;1162.8;0.0
60.0;584.3;567.8;0.0
62.7;587.3;4311.9;3240.0
62.8;587.3;3743.0;2560.0
50.0;258.3;3735.9;360.0
49.7;258.3;364.4;0.0
48.7;258.3;357.3;0.0
49.6;258.3;334.9;0.0
50.0;258.3;345.2;0.0
51.1;258.3;410.8;0.0
48.6;258.3;383.4;0.0
49.4;258.3;374.6;0.0
52.6;258.8;364.8;0.0
49.5;258.8;359.6;0.0
49.8;258.8;376.6;0.0
49.1;258.8;346.6;0.0
50.0;258.8;343.2;0.0
48.9;258.8;369.8;0.0
49.6;258.8;368.2;0.0
50.4;258.8;380.6;0.0
50.0;258.8;334.8;0.0
50.0;258.8;359.0;0.0
50.0;258.8;351.4;0.0
49.3;258.8;388.0;0.0
51.6;258.8;383.2;0.0
47.7;258.8;369.4;0.0
50.0;258.8;364.6;0.0
54.0;258.8;387.4;0.0
49.3;258.8;383.2;0.0
47.9;258.8;385.4;0.0
54.8;258.8;370.6;0.0
48.2;258.8;379.4;0.0
48.4;258.8;390.4;0.0
49.8;258.8;388.9;0.0
50.0;258.8;373.3;0.0
53.0;258.8;410.2;0.0
48.8;258.8;404.2;0.0
49.5;258.8;379.0;0.0
50.0;258.8;409.6;0.0
48.4;258.8;405.6;0.0
55.0;290.3;352.7;0.0
50.0;290.3;1.0;324.0
51.4;290.3;0.6;192.0
49.6;274.5;0.5;100.0
50.0;198.9;0.0;0.0
