45.0;196.8;362.4;0.0
157.9;179.1;110.0;0.0
231.3;209.0;428.1;0.0
207.3;269.9;139.4;0.0
57.0;158.9;284.9;0.0
127.2;158.9;20.0;0.0
369.0;160.7;46.2;0.0
328.9;181.2;143.0;0.0
550.0;181.2;0.0;0.0
543.4;181.2;0.0;0.0
523.6;181.2;0.0;0.0
588.5;181.2;0.0;0.0
528.0;181.2;0.0;0.0
550.0;181.2;0.0;0.0
536.8;181.2;0.0;0.0
548.9;181.2;0.0;0.0
568.7;181.2;0.0;0.0
547.8;181.2;0.0;0.0
572.0;181.2;0.0;0.0
522.5;181.2;0.0;0.0
550.0;181.2;0.0;0.0
550.0;181.2;0.0;0.0
550.0;181.2;0.0;0.0
554.4;181.2;0.0;0.0
576.4;181.2;0.0;0.0
529.1;181.2;0.0;0.0
576.4;181.2;0.0;0.0
544.5;181.2;0.0;0.0
536.8;181.2;0.0;0.0
517.0;181.2;0.0;0.0
558.8;181.2;0.0;0.0
602.8;181.2;0.0;0.0
550.0;181.2;0.0;0.0
550.0;181.2;0.0;0.0
550.0;181.2;0.0;0.0
510.4;181.2;0.0;0.0
550.0;181.2;0.0;0.0
576.4;181.2;0.0;0.0
550.0;181.2;0.0;0.0
547.8;181.2;0.0;0.0
579.7;181.2;0.0;0.0
540.1;181.2;0.0;0.0
550.0;181.2;0.0;0.0
500.0;181.2;3.0;0.0
500.0;162.2;157.0;0.0
62.5;162.2;0.0;0.0
58.1;162.2;0.0;0.0
94.0;185.9;29.7;0.0
280.5;188.1;100.1;0.0
116.2;207.9;71.5;0.0
99.5;270.6;159.5;44.0
87.4;443.3;423.5;0.0
49.8;476.3;0.0;0.0
63.5;515.9;0.0;0.0
108.4;891.0;4154.7;0.0
55.0;891.0;15360.4;0.0
49.8;893.2;15254.8;0.0
50.5;893.2;18433.8;0.0
89.9;893.2;16101.8;0.0
61.0;893.2;15452.8;0.0
49.2;896.5;10772.3;0.0
69.5;1240.8;1393.7;0.0
55.4;1240.8;3689.4;0.0
64.1;1240.8;4290.0;0.0
49.6;1240.8;3847.8;0.0
80.9;1240.8;3645.4;0.0
50.0;1240.8;3830.2;0.0
95.2;1240.8;3806.0;0.0
95.9;1240.8;3898.4;0.0
91.5;1240.8;4283.4;0.0
55.8;1237.8;3758.7;0.0
49.8;1237.8;3820.3;0.0
59.5;1237.8;4373.6;0.0
63.7;1237.8;3693.8;0.0
57.7;1237.8;4208.6;0.0
100.9;1237.8;4039.2;0.0
87.1;1237.8;4406.6;0.0
56.9;1237.8;4460.5;0.0
94.0;1237.8;3859.9;0.0
105.0;1237.8;4043.6;0.0
107.0;1237.8;3974.3;0.0
74.2;1237.8;4130.5;0.0
101.3;1237.8;4253.7;0.0
111.9;1237.8;4110.7;0.0
62.1;1237.8;4158.0;0.0
50.0;1237.8;3737.8;0.0
79.0;1218.8;3847.2;0.0
236.8;1216.8;4143.1;0.0
103.9;1198.8;3739.9;0.0
49.4;1127.8;4130.7;40.0
122.0;983.8;3639.9;0.0
62.8;934.8;3916.0;0.0
60.7;580.8;767.8;0.0
71.4;578.9;11046.8;0.0
76.3;577.9;14060.4;0.0
93.9;577.9;15997.2;0.0
94.5;577.9;17604.3;0.0
86.9;259.9;35587.7;0.0
103.9;259.9;33030.2;0.0
76.9;259.9;33572.1;0.0
