57.0;344.1;1230.4;0.0
268.0;555.2;104.2;0.0
337.5;423.6;848.6;0.0
161.0;309.0;297.1;0.0
502.0;191.4;183.5;0.0
74.6;195.4;0.0;0.0
122.0;180.1;46.2;0.0
383.7;161.6;144.1;0.0
55.7;161.6;0.0;0.0
84.1;161.6;0.0;0.0
104.4;161.6;0.0;0.0
71.4;161.6;8.0;0.0
433.8;190.6;20.0;0.0
143.8;205.6;165.0;0.0
52.0;210.6;0.0;0.0
101.0;418.6;536.0;40.0
50.0;433.1;8.8;0.0
254.5;453.4;64.9;0.0
221.8;479.2;137.5;0.0
77.9;789.1;10936.8;44.0
204.2;610.0;17738.6;0.0
86.5;227.3;62221.8;0.0
100.9;227.3;3050.2;0.0
97.4;227.8;14113.2;0.0
60.0;561.0;7568.9;0.0
67.0;259.0;2276.4;0.0
73.0;259.0;492.6;0.0
63.0;259.0;2615.8;0.0
50.0;259.0;421.4;0.0
57.0;259.0;951.4;0.0
90.9;259.0;596.2;0.0
80.0;259.0;980.6;0.0
72.8;259.0;556.2;0.0
56.0;259.0;486.6;0.0
50.0;259.0;633.3;0.0
52.8;259.0;873.9;0.0
59.0;259.0;570.0;0.0
60.4;259.0;637.0;0.0
66.0;259.0;1377.2;0.0
58.0;259.0;562.0;0.0
60.2;259.0;934.8;0.0
66.0;259.0;2504.6;0.0
56.0;259.0;784.0;0.0
50.0;259.0;556.9;0.0
49.5;259.0;479.5;0.0
67.0;259.0;733.2;0.0
82.7;259.0;894.8;0.0
98.5;259.0;483.0;0.0
59.0;259.0;1349.8;0.0
49.7;259.0;357.1;0.0
61.0;259.0;506.0;0.0
50.0;259.0;353.9;0.0
58.9;259.0;380.2;0.0
50.0;259.0;1127.6;0.0
59.0;259.0;2065.4;0.0
50.0;259.0;451.8;0.0
59.0;259.0;573.6;0.0
59.0;259.0;728.7;0.0
65.9;259.0;1510.7;0.0
107.0;259.0;1193.8;0.0
75.0;259.0;1392.6;0.0
73.2;259.0;406.2;0.0
51.4;259.0;1545.0;0.0
55.0;259.0;2221.8;0.0
56.0;259.0;3699.0;0.0
49.5;586.0;2602.6;680.0
91.1;586.0;4450.5;3200.0
98.2;586.0;5006.7;1920.0
58.0;259.0;4414.6;360.0
50.0;290.4;319.5;0.0
50.0;290.6;1.0;324.0
49.9;290.6;0.6;192.0
50.0;290.6;0.2;64.0
48.5;198.9;0.3;32.0
