70.9;402.4;1198.1;0.0
282.0;607.4;240.9;0.0
213.4;477.0;870.9;0.0
223.8;347.4;454.1;0.0
251.0;180.0;353.4;0.0
216.2;193.1;66.0;0.0
125.6;160.0;25.3;0.0
324.9;161.4;169.4;0.0
50.1;161.4;0.0;0.0
54.0;161.4;0.0;0.0
65.3;161.4;0.0;0.0
50.5;161.4;0.0;0.0
66.0;161.4;0.0;0.0
64.8;161.4;0.0;0.0
55.1;161.4;0.0;0.0
83.0;161.4;0.0;0.0
55.4;161.4;0.0;0.0
76.0;161.4;0.0;0.0
49.8;161.4;0.0;0.0
50.0;161.4;0.0;0.0
312.7;163.4;30.8;0.0
140.1;197.0;166.1;0.0
69.8;241.0;94.6;44.0
63.6;428.0;496.1;0.0
83.5;451.1;0.0;0.0
85.0;484.1;0.0;0.0
71.6;535.8;0.0;0.0
58.0;879.0;14945.7;0.0
50.0;879.0;15357.1;0.0
49.7;881.2;15466.0;0.0
73.9;881.2;15507.8;0.0
51.5;881.2;17768.3;0.0
50.0;881.2;15301.0;0.0
75.4;891.1;1217.7;0.0
101.0;1229.9;3377.0;0.0
86.0;1229.9;4016.1;0.0
95.0;1218.9;3958.3;0.0
244.9;1208.9;3393.3;0.0
49.1;1190.9;3765.5;0.0
58.8;1136.9;3546.7;40.0
65.1;977.9;3489.2;0.0
50.0;939.9;3966.6;0.0
49.9;904.9;3665.2;0.0
58.0;570.9;1903.4;0.0
94.9;570.9;10749.4;0.0
99.8;570.9;11139.0;0.0
54.1;567.9;10858.6;0.0
59.7;567.9;10911.2;0.0
55.7;567.9;11126.8;0.0
98.5;564.9;7108.8;0.0
93.1;258.9;3853.6;0.0
48.9;258.9;502.2;0.0
59.9;258.9;1223.4;0.0
78.0;258.9;365.6;0.0
50.0;258.9;462.2;0.0
61.6;258.9;604.4;0.0
113.7;258.9;672.2;0.0
89.2;258.9;672.5;0.0
50.0;258.9;485.9;0.0
75.0;258.9;648.8;0.0
49.7;258.9;398.4;0.0
80.0;258.9;583.0;0.0
84.1;258.9;888.0;0.0
58.0;258.9;467.8;0.0
48.0;258.9;766.7;0.0
94.6;258.9;809.1;0.0
58.1;259.0;927.2;0.0
50.5;259.0;741.4;0.0
49.6;259.0;426.8;0.0
49.9;259.0;665.1;0.0
81.9;259.0;437.8;0.0
69.0;259.0;449.9;0.0
61.0;259.0;594.8;0.0
81.2;259.0;383.0;0.0
50.0;259.0;919.8;0.0
94.1;259.0;898.8;0.0
49.5;259.0;1183.0;0.0
80.5;259.0;1380.8;0.0
69.8;259.0;953.3;0.0
56.3;600.7;1468.8;0.0
54.8;600.7;3710.2;4268.0
79.5;600.7;4135.6;2112.0
67.1;260.2;3909.3;396.0
90.0;810.5;3990.0;0.0
