56.0;267.2;553.6;0.0
140.0;288.6;171.8;0.0
159.6;253.8;625.8;0.0
258.9;314.6;125.6;0.0
150.0;176.5;367.2;0.0
351.0;190.5;127.0;0.0
88.5;160.2;25.3;0.0
481.0;161.7;158.4;0.0
50.0;161.6;0.0;0.0
50.0;161.6;0.0;0.0
49.3;161.6;0.0;0.0
67.0;161.6;0.0;0.0
50.0;161.6;0.0;0.0
69.5;161.6;0.0;0.0
50.0;161.6;0.0;0.0
50.0;161.6;0.0;0.0
64.0;161.6;0.0;0.0
91.0;161.6;0.0;0.0
75.7;161.6;0.0;0.0
84.8;161.6;0.0;0.0
50.0;161.6;0.0;0.0
64.0;161.6;0.0;0.0
69.0;161.6;0.0;0.0
87.2;161.6;0.0;0.0
50.0;161.6;0.0;0.0
49.9;161.6;0.0;0.0
72.5;161.6;0.0;0.0
79.0;161.6;0.0;0.0
79.1;161.6;0.0;0.0
50.0;161.6;0.0;0.0
67.0;161.6;0.0;0.0
49.9;161.6;0.0;0.0
88.0;161.6;0.0;0.0
75.0;161.6;0.0;0.0
49.0;161.6;0.0;0.0
91.3;161.6;0.0;0.0
57.9;161.6;0.0;0.0
73.4;161.6;0.0;0.0
56.9;161.6;0.0;0.0
72.5;161.6;0.0;0.0
115.2;161.6;0.0;0.0
86.2;161.6;0.0;0.0
55.2;161.6;0.0;0.0
58.8;161.6;0.0;0.0
59.0;161.6;0.0;0.0
54.4;161.6;0.0;0.0
259.5;185.6;28.0;0.0
190.1;188.6;155.0;0.0
59.9;200.9;1.0;0.0
323.9;279.5;114.6;40.0
103.8;386.3;259.8;0.0
39.1;424.6;0.0;0.0
98.9;270.1;583.0;44.0
102.0;585.8;14192.0;0.0
50.0;873.3;80763.0;0.0
85.0;836.4;3448.0;0.0
78.0;550.2;6483.3;0.0
83.5;550.2;11816.6;0.0
117.0;548.4;13039.3;0.0
174.8;548.4;11782.5;0.0
68.0;548.4;12539.4;0.0
91.0;548.4;13634.3;0.0
54.4;543.0;1104.6;0.0
85.0;259.1;2272.7;0.0
56.2;259.1;490.4;0.0
75.0;259.1;443.8;0.0
84.1;259.1;572.6;0.0
103.0;259.1;966.0;0.0
103.9;259.1;642.4;0.0
49.8;259.1;515.6;0.0
63.0;259.1;748.0;0.0
49.9;259.1;593.6;0.0
50.0;259.1;467.6;0.0
94.6;259.1;445.6;0.0
100.0;259.1;624.0;0.0
82.8;259.1;933.4;0.0
61.1;259.1;743.4;0.0
69.7;259.1;535.8;0.0
63.5;259.1;751.2;0.0
61.5;259.1;552.6;0.0
71.7;259.1;1136.3;0.0
100.4;259.1;558.3;0.0
74.8;259.1;576.2;0.0
94.0;259.1;422.6;0.0
70.0;259.1;1413.4;0.0
85.0;259.1;556.2;0.0
87.5;259.1;569.0;0.0
82.5;259.1;811.8;0.0
81.0;259.1;957.2;0.0
82.9;259.1;751.0;0.0
69.1;259.1;1048.6;0.0
61.0;259.1;780.4;0.0
58.1;259.1;574.2;0.0
49.1;259.1;605.0;0.0
50.0;259.1;967.2;0.0
54.8;259.1;756.0;0.0
50.0;259.1;458.4;0.0
105.0;579.1;1908.6;680.0
59.9;579.1;4106.2;3200.0
109.0;579.1;4753.7;1920.0
