44.9;224.8;308.9;0.0
49.8;189.4;274.6;0.0
245.9;242.5;427.2;0.0
206.3;314.0;121.4;0.0
72.0;159.1;354.1;0.0
214.6;176.3;128.7;0.0
246.8;162.0;52.9;0.0
395.0;162.0;154.0;0.0
92.7;162.0;0.0;0.0
49.8;162.0;0.0;0.0
87.6;162.0;0.0;0.0
74.2;162.0;0.0;0.0
65.0;162.0;0.0;0.0
56.8;162.0;0.0;0.0
92.9;162.0;0.0;0.0
69.8;162.0;0.0;0.0
70.9;162.0;0.0;0.0
70.9;162.0;0.0;0.0
49.5;162.0;0.0;0.0
49.6;162.0;0.0;0.0
63.0;162.0;0.0;0.0
93.6;162.0;0.0;0.0
123.3;162.0;0.0;0.0
65.0;162.0;0.0;0.0
106.4;162.0;0.0;0.0
49.8;162.0;0.0;0.0
50.0;162.0;0.0;0.0
90.2;162.0;0.0;0.0
101.8;162.0;0.0;0.0
87.5;162.0;0.0;0.0
50.0;162.0;0.0;0.0
50.0;162.0;0.0;0.0
49.7;162.0;0.0;0.0
58.0;162.0;0.0;0.0
54.7;162.0;0.0;0.0
52.1;162.0;0.0;0.0
75.2;162.0;0.0;0.0
57.1;162.0;0.0;0.0
92.0;162.0;0.0;0.0
71.4;162.0;0.0;0.0
57.2;162.0;0.0;0.0
55.5;162.0;0.0;0.0
50.0;162.0;0.0;0.0
92.7;162.0;0.0;0.0
58.1;162.0;0.0;0.0
62.1;162.0;0.0;0.0
289.8;185.0;30.8;0.0
82.4;201.5;162.8;0.0
77.0;223.5;68.2;44.0
193.6;417.8;462.5;0.0
57.2;452.4;148.0;0.0
61.7;485.8;5.0;0.0
50.1;1112.4;108110.7;40.0
56.1;575.4;32139.8;0.0
50.0;259.4;14677.8;0.0
81.1;259.5;38031.4;0.0
50.0;259.5;41071.8;0.0
83.7;600.5;1904.7;0.0
57.2;607.1;3673.4;4972.0
49.2;607.1;3408.4;1408.0
104.9;797.7;3605.3;396.0
