106.0;204.8;373.0;0.0
146.0;217.9;133.4;0.0
192.0;226.2;397.3;0.0
182.0;291.5;123.2;0.0
106.7;158.3;346.5;0.0
126.3;179.3;22.0;0.0
371.9;160.1;94.2;0.0
250.8;161.5;133.0;0.0
49.5;161.5;0.0;0.0
66.6;161.5;0.0;0.0
50.0;161.5;0.0;0.0
49.8;161.5;0.0;0.0
70.9;161.5;7.0;0.0
239.0;185.5;40.0;0.0
154.8;203.5;139.0;0.0
64.0;225.5;155.0;40.0
56.0;415.5;385.0;0.0
49.8;442.5;0.0;0.0
70.9;475.5;0.0;0.0
129.4;822.5;1057.0;0.0
55.4;826.5;13965.0;0.0
50.0;826.5;13813.0;0.0
96.0;827.5;14054.0;0.0
87.7;827.5;15338.0;0.0
56.5;827.5;15395.0;0.0
50.0;827.5;13236.0;0.0
101.3;1057.5;0.0;0.0
50.0;1144.5;3135.0;0.0
50.0;1144.5;3430.0;0.0
48.8;1144.5;3710.0;0.0
49.9;1144.5;3246.0;0.0
58.9;1144.5;3540.0;0.0
50.0;1144.5;3308.0;0.0
125.6;1144.5;3531.0;0.0
98.8;1144.5;3759.0;0.0
81.9;1144.5;3458.0;0.0
50.0;1144.5;3414.0;0.0
61.0;1144.5;3686.0;0.0
50.0;1144.5;3474.0;0.0
50.0;1144.5;3413.0;0.0
104.0;1144.5;3549.0;0.0
79.9;1144.5;3977.0;0.0
77.4;1144.5;3697.0;0.0
84.1;1144.5;3684.0;0.0
59.9;1144.5;3660.0;0.0
50.0;1144.5;3490.0;0.0
72.5;1144.5;4108.0;0.0
68.0;1144.5;3592.0;0.0
59.7;1144.5;3492.0;0.0
226.0;1129.2;3734.7;0.0
49.6;1118.4;3548.2;0.0
117.1;1097.7;3235.8;44.0
115.9;924.0;3300.3;0.0
70.0;903.3;3716.0;0.0
74.2;877.2;3664.0;0.0
59.0;834.9;3782.0;0.0
49.9;554.1;9037.9;0.0
55.0;554.1;11707.7;0.0
101.5;551.4;12137.8;0.0
61.6;551.4;12056.8;0.0
60.0;553.4;11790.8;0.0
49.6;553.4;11904.5;0.0
58.0;548.9;886.5;0.0
54.0;258.9;2172.9;0.0
52.2;258.9;492.6;0.0
104.3;258.9;654.0;0.0
66.0;258.9;837.0;0.0
60.8;258.9;875.2;0.0
83.5;258.9;744.1;0.0
50.0;258.9;531.5;0.0
50.0;258.9;968.8;0.0
61.0;258.9;698.4;0.0
91.5;553.9;550.4;0.0
60.0;584.9;4039.4;1960.0
110.6;584.9;3873.0;3200.0
72.1;584.9;3776.5;640.0
59.8;258.9;4068.1;360.0
53.8;258.9;385.8;0.0
50.0;258.9;374.8;0.0
45.0;258.9;367.6;0.0
54.9;258.9;369.4;0.0
47.6;258.9;377.8;0.0
50.0;258.9;361.2;0.0
47.5;258.9;372.0;0.0
55.0;258.9;346.5;0.0
49.2;258.9;371.5;0.0
53.0;258.9;399.9;0.0
47.6;258.9;364.9;0.0
50.0;258.9;340.2;0.0
50.0;258.9;359.8;0.0
50.0;258.9;359.4;0.0
50.0;258.9;372.8;0.0
49.3;258.9;363.4;0.0
49.9;258.9;365.0;0.0
54.9;258.9;370.2;0.0
45.0;259.1;388.4;0.0
54.8;259.1;372.4;0.0
50.0;259.1;373.6;0.0
44.4;259.1;377.0;0.0
49.8;259.1;390.2;0.0
