63.0;125.9;221.4;600.0
141.9;200.9;404.8;0.0
110.6;383.6;134.2;0.0
189.0;295.7;299.9;0.0
50.0;176.6;323.5;0.0
435.5;188.6;148.0;0.0
50.0;160.3;25.3;0.0
440.0;161.3;170.5;0.0
64.6;161.7;0.0;0.0
50.0;161.7;0.0;0.0
67.0;161.7;0.0;0.0
59.0;161.7;0.0;0.0
100.9;161.7;0.0;0.0
82.0;161.7;0.0;0.0
86.8;161.7;0.0;0.0
72.6;161.7;0.0;0.0
67.9;161.7;0.0;0.0
67.8;161.7;0.0;0.0
63.6;161.7;0.0;0.0
73.5;161.7;0.0;0.0
71.9;161.7;0.0;0.0
50.0;161.7;0.0;0.0
87.8;161.7;0.0;0.0
65.7;161.7;0.0;0.0
77.8;161.7;0.0;0.0
90.4;161.7;0.0;0.0
86.9;161.7;0.0;0.0
84.0;161.7;0.0;0.0
64.0;161.7;0.0;0.0
96.2;161.7;0.0;0.0
55.1;161.7;0.0;0.0
50.0;161.7;0.0;0.0
76.0;161.7;0.0;0.0
50.0;161.7;0.0;0.0
110.6;161.7;0.0;0.0
66.0;161.7;0.0;0.0
111.9;161.7;0.0;0.0
117.8;161.7;0.0;0.0
105.4;181.7;27.0;0.0
230.6;183.7;94.0;0.0
102.0;201.7;60.0;0.0
49.3;830.7;87404.0;40.0
95.1;1141.7;34487.0;0.0
56.2;1141.7;37172.0;0.0
72.8;1141.7;36976.0;0.0
81.5;1142.7;38536.0;0.0
77.1;1452.7;22205.0;0.0
71.4;1457.7;10.0;3240.0
148.2;1457.7;6.0;1920.0
257.0;1362.5;45.6;1040.0
52.9;430.3;149.6;0.0
49.4;166.9;7.8;4.0
49.9;186.1;44.7;0.0
46.4;188.6;0.0;0.0
50.4;191.7;0.0;0.0
50.0;203.5;0.0;0.0
55.0;227.3;1292.3;0.0
49.2;227.3;1399.8;0.0
46.1;227.3;1512.5;0.0
55.0;227.3;1395.5;0.0
47.1;227.6;1485.8;0.0
49.9;227.6;1541.3;0.0
50.6;228.3;58.2;0.0
45.0;259.2;284.2;0.0
54.8;259.2;343.1;0.0
51.5;259.2;380.1;0.0
49.6;259.2;331.7;0.0
50.0;259.2;341.8;0.0
50.9;259.2;354.8;0.0
45.0;259.2;349.8;0.0
55.0;259.2;363.0;0.0
50.0;259.2;346.2;0.0
49.5;259.2;337.8;0.0
49.5;259.2;401.4;0.0
49.9;259.2;349.8;0.0
48.1;259.2;364.0;0.0
49.8;259.2;347.0;0.0
48.5;259.2;388.1;0.0
50.5;259.2;437.3;0.0
54.4;259.2;366.0;0.0
50.9;259.2;428.2;0.0
50.0;259.2;367.0;0.0
50.0;259.2;353.4;0.0
47.5;259.2;347.4;0.0
51.9;259.2;391.4;0.0
50.0;259.2;360.8;0.0
48.9;259.2;360.8;0.0
49.9;259.2;352.8;0.0
47.8;259.2;363.5;0.0
50.0;259.2;352.3;0.0
50.0;259.2;368.0;0.0
49.2;259.2;368.2;0.0
54.0;259.2;377.6;0.0
50.0;259.2;352.6;0.0
50.0;259.2;372.6;0.0
50.0;259.2;381.2;0.0
51.8;259.2;376.7;0.0
50.0;259.2;367.9;0.0
43.9;259.2;387.8;0.0
53.8;259.2;388.2;0.0
