79.5;127.4;236.2;0.0
104.9;202.2;124.2;0.0
225.2;139.8;170.4;0.0
111.3;158.9;40.4;0.0
92.7;176.2;97.9;0.0
191.7;161.5;76.0;0.0
392.8;161.5;159.0;0.0
48.5;161.5;0.0;0.0
85.0;161.5;0.0;0.0
89.0;161.5;0.0;0.0
61.4;161.5;0.0;0.0
69.0;161.5;0.0;0.0
49.8;161.5;0.0;0.0
59.7;161.5;0.0;0.0
59.5;161.5;0.0;0.0
61.0;161.5;0.0;0.0
59.0;161.5;0.0;0.0
83.2;161.5;0.0;0.0
87.0;161.5;0.0;0.0
89.0;161.5;0.0;0.0
110.2;161.5;0.0;0.0
75.0;161.5;0.0;0.0
79.1;161.5;0.0;0.0
96.9;161.5;0.0;0.0
59.5;161.5;0.0;0.0
114.5;161.5;0.0;0.0
50.0;161.5;0.0;0.0
93.3;161.5;0.0;0.0
78.4;161.5;0.0;0.0
62.7;161.5;0.0;0.0
70.0;161.5;0.0;0.0
49.9;161.5;0.0;0.0
58.4;161.5;0.0;0.0
50.0;161.5;0.0;0.0
62.0;161.5;0.0;0.0
60.8;161.5;0.0;0.0
50.0;161.5;0.0;0.0
48.9;161.5;0.0;0.0
88.2;161.5;0.0;0.0
63.7;161.5;0.0;0.0
70.0;161.5;0.0;0.0
58.9;162.0;0.0;0.0
223.2;163.3;150.7;0.0
136.9;191.1;54.0;0.0
221.5;358.5;162.1;44.0
423.5;417.9;403.7;0.0
601.7;470.7;0.0;0.0
540.1;857.9;3796.1;0.0
541.2;857.9;17880.5;0.0
587.4;861.2;18045.5;0.0
558.8;867.8;55469.7;0.0
550.0;1204.4;38804.7;0.0
492.8;1204.4;4936.8;0.0
558.8;1209.9;36183.4;0.0
550.0;1209.9;40915.6;0.0
497.2;1209.9;4969.8;0.0
555.5;1209.9;38145.8;0.0
545.6;1554.2;21640.3;0.0
511.5;1556.4;15.4;4972.0
409.2;1223.1;7.7;1848.0
746.9;543.3;0.0;0.0
