103.6;101.0;70.2;0.0
96.2;154.9;124.5;0.0
147.1;139.5;83.1;0.0
77.6;158.9;40.4;0.0
102.2;176.1;46.2;0.0
215.5;161.6;119.7;0.0
285.0;161.6;0.0;0.0
581.9;161.6;0.0;0.0
547.8;161.6;0.0;0.0
552.2;161.6;0.0;0.0
506.0;161.6;0.0;0.0
573.1;161.6;0.0;0.0
587.4;161.6;0.0;0.0
542.3;161.6;0.0;0.0
0.0;181.3;8.8;0.0
4229.5;196.7;41.8;0.0
463.1;216.5;149.6;0.0
545.6;255.0;160.6;44.0
547.8;447.5;423.5;0.0
528.0;480.5;0.0;0.0
529.1;513.5;0.0;0.0
562.1;895.2;3490.3;0.0
565.4;895.2;16650.7;0.0
542.3;898.5;15697.0;0.0
550.0;898.5;15348.3;0.0
578.6;898.5;17550.5;0.0
550.0;898.5;18322.7;0.0
550.0;901.8;8512.9;0.0
536.8;1246.1;1072.5;0.0
572.0;1246.1;3960.0;0.0
539.0;1246.1;4023.8;0.0
517.0;1246.1;3979.8;0.0
585.2;1246.1;3678.4;0.0
536.8;1246.1;3803.8;0.0
544.5;1246.1;4084.3;0.0
544.5;1246.1;4341.7;0.0
550.0;1246.1;3768.6;0.0
550.0;1246.1;3674.0;0.0
548.9;1246.1;3825.8;0.0
573.1;1246.1;4059.0;0.0
550.0;1246.1;3634.4;0.0
543.4;1246.1;4030.4;0.0
550.0;1246.1;3777.4;0.0
550.0;1246.1;4067.8;0.0
548.9;1246.1;4138.2;0.0
541.2;1246.1;3879.7;0.0
541.2;1246.1;4152.5;0.0
548.9;1246.1;3823.6;0.0
550.0;1246.1;4023.8;0.0
550.0;1246.1;3609.1;0.0
591.8;1246.1;3977.6;0.0
542.3;1246.1;4126.1;0.0
550.0;1246.1;3902.8;0.0
547.8;1246.1;3905.0;0.0
554.4;1246.1;4395.6;0.0
534.6;1246.1;4301.0;0.0
288.9;1234.1;4015.2;0.0
102.8;1234.1;3819.2;0.0
69.6;1234.1;4021.6;0.0
75.2;1234.1;4206.4;0.0
103.2;1234.1;4048.0;0.0
90.1;1235.2;4133.8;0.0
70.0;1235.2;4067.8;0.0
57.1;1235.2;4120.6;0.0
57.7;1235.2;4477.0;0.0
97.4;1232.2;4545.2;0.0
49.7;1232.2;4092.0;0.0
61.7;1232.2;4164.6;0.0
96.5;1232.2;4677.2;0.0
91.0;1232.2;4037.0;0.0
49.0;1232.2;4277.9;0.0
49.6;1232.2;4513.3;0.0
94.6;1232.2;4492.4;0.0
48.8;1232.2;4512.2;0.0
94.0;1579.8;1948.1;748.0
73.6;1579.8;13.2;4224.0
80.6;1579.8;4.4;1408.0
85.0;1245.4;3.3;396.0
