57.5;101.7;138.6;0.0
110.9;150.3;100.0;0.0
88.7;180.4;142.6;0.0
61.6;159.2;16.0;0.0
44.7;160.6;53.1;40.0
344.1;162.1;70.1;0.0
50.4;162.1;0.0;0.0
49.9;162.1;0.0;0.0
60.1;162.1;0.0;0.0
49.8;162.1;0.0;0.0
494.6;162.1;8.0;0.0
2484.0;185.1;65.0;0.0
72.9;203.1;109.0;0.0
85.0;267.1;154.0;40.0
74.9;423.1;385.0;0.0
59.9;465.1;0.0;0.0
57.9;1141.1;86998.0;0.0
71.4;1141.1;3949.0;0.0
50.0;1141.1;31956.0;0.0
49.8;1141.1;37290.0;0.0
75.9;1141.1;37207.0;0.0
82.0;1142.1;39211.0;0.0
81.0;1457.1;19095.0;680.0
395.4;1154.1;19.0;5400.0
738.2;460.1;0.0;0.0
49.4;162.1;0.0;0.0
49.9;162.1;0.0;0.0
50.0;162.1;0.0;0.0
48.5;162.1;0.0;0.0
53.8;162.1;0.0;0.0
49.7;162.1;0.0;0.0
49.5;162.1;0.0;0.0
48.0;162.1;0.0;0.0
53.6;162.1;0.0;0.0
50.5;162.1;0.0;0.0
48.4;162.1;0.0;0.0
59.3;163.8;2.7;0.0
55.0;164.3;14.3;0.0
14.9;165.8;1.2;0.0
50.5;166.1;0.0;0.0
50.5;186.7;53.7;4.0
49.9;259.6;10199.9;0.0
50.2;259.6;3610.6;0.0
50.0;259.6;3747.6;0.0
50.1;259.6;3776.2;0.0
41.7;259.6;427.4;0.0
51.8;259.6;700.6;0.0
50.4;259.6;2840.9;0.0
47.9;291.1;226.2;68.0
49.2;291.1;1.2;384.0
13.6;275.4;0.7;160.0
97.4;199.1;0.0;0.0
