53.0;194.9;352.0;0.0
93.8;202.2;97.0;0.0
270.8;207.1;454.8;0.0
190.8;259.9;107.0;0.0
87.4;158.6;237.6;0.0
98.8;159.1;20.0;0.0
190.9;160.3;60.5;0.0
268.4;161.8;135.3;0.0
587.4;161.8;0.0;0.0
529.1;161.8;0.0;0.0
551.1;161.8;0.0;0.0
545.6;161.8;0.0;0.0
489.5;161.8;0.0;0.0
562.1;161.8;0.0;0.0
545.6;161.8;0.0;0.0
550.0;185.5;1.1;0.0
777.7;202.0;181.5;0.0
556.6;221.8;13.2;0.0
507.1;448.4;591.8;44.0
539.0;505.6;0.0;0.0
552.2;902.7;55711.7;0.0
550.0;1250.3;64552.4;0.0
567.6;1250.3;4642.0;0.0
529.1;1250.3;6848.6;0.0
547.8;1250.3;28562.6;0.0
555.5;1250.3;40601.0;0.0
547.8;1251.4;42352.2;0.0
497.2;1251.4;7986.0;0.0
562.1;1594.6;30011.3;0.0
424.6;1597.9;8.8;2860.0
603.9;1597.9;11.0;3520.0
534.6;1264.6;3.3;352.0
