57.3;322.7;1217.0;0.0
206.9;590.1;269.8;0.0
372.0;385.1;832.3;0.0
113.7;213.8;435.4;0.0
450.8;188.8;121.9;0.0
166.9;178.1;86.9;0.0
181.8;161.5;103.4;0.0
53.0;161.5;0.0;0.0
73.5;161.5;0.0;0.0
86.4;161.5;0.0;0.0
68.1;161.5;0.0;0.0
90.0;161.5;0.0;0.0
80.1;161.5;0.0;0.0
136.9;161.5;0.0;0.0
68.4;161.5;0.0;0.0
70.1;162.0;3.3;0.0
264.0;163.5;189.2;0.0
83.9;198.2;11.0;0.0
49.9;377.5;189.2;44.0
76.8;434.7;403.7;0.0
50.0;476.5;0.0;0.0
59.0;507.3;0.0;0.0
50.0;876.9;5520.9;0.0
48.4;876.9;17353.6;0.0
71.0;877.2;15248.2;0.0
60.0;877.2;15274.6;0.0
65.8;877.2;15343.9;0.0
50.0;877.2;15357.1;0.0
76.1;880.5;11282.7;0.0
49.6;1225.9;390.5;0.0
71.0;1225.9;3713.6;0.0
54.4;1225.9;4312.0;0.0
58.0;1225.9;3801.6;0.0
49.0;1225.9;3844.5;0.0
78.0;1225.9;3943.5;0.0
64.0;1225.9;3652.0;0.0
71.8;1225.9;3942.4;0.0
57.7;1225.9;3944.6;0.0
68.0;1225.9;3803.8;0.0
86.3;1225.9;4298.8;0.0
50.0;1223.9;3993.0;0.0
297.9;1205.9;3762.6;0.0
237.8;1193.9;3910.6;0.0
88.0;1188.9;3916.0;0.0
101.0;979.9;3530.0;40.0
81.8;941.9;4316.4;0.0
82.0;903.9;3957.8;0.0
63.9;569.9;4954.7;0.0
70.8;569.9;12205.4;0.0
86.6;566.9;11628.9;0.0
104.5;566.9;11276.4;0.0
50.0;566.9;21427.4;0.0
76.2;563.9;5539.8;0.0
103.5;258.9;2826.2;0.0
101.9;258.9;383.6;0.0
106.0;258.9;459.8;0.0
103.4;258.9;364.6;0.0
101.0;258.9;740.0;0.0
76.8;258.9;779.2;0.0
71.4;258.9;720.2;0.0
66.4;258.9;474.2;0.0
95.6;258.9;520.6;0.0
49.9;258.9;392.4;0.0
64.0;258.9;656.6;0.0
139.6;258.9;524.0;0.0
87.8;258.9;436.0;0.0
49.4;258.9;470.4;0.0
50.0;258.9;450.8;0.0
54.5;258.9;496.0;0.0
50.0;258.9;548.2;0.0
67.5;258.9;505.0;0.0
54.3;258.9;943.4;0.0
69.0;258.9;686.2;0.0
50.0;258.9;1013.0;0.0
100.8;258.9;986.8;0.0
58.0;597.5;3252.9;1452.0
65.0;597.5;4113.0;3520.0
62.5;597.5;3354.4;1408.0
82.6;260.1;3927.3;396.0
