50.0;126.3;194.5;0.0
49.9;107.0;276.5;0.0
179.5;191.0;220.3;0.0
155.9;274.4;153.2;0.0
49.5;158.4;343.1;0.0
56.2;158.4;0.0;0.0
161.0;160.2;22.1;0.0
360.8;161.5;32.1;0.0
259.0;161.7;1.0;0.0
56.0;161.7;0.0;0.0
67.8;161.7;0.0;0.0
65.0;161.7;0.0;0.0
47.8;161.7;0.0;0.0
104.6;161.7;0.0;0.0
120.2;161.7;0.0;0.0
50.0;161.7;0.0;0.0
63.8;161.7;0.0;0.0
86.6;161.7;0.0;0.0
57.0;161.7;0.0;0.0
53.8;161.7;0.0;0.0
49.8;161.7;0.0;0.0
74.0;161.7;0.0;0.0
49.6;161.7;0.0;0.0
49.5;161.7;0.0;0.0
65.4;161.7;0.0;0.0
68.4;161.7;0.0;0.0
69.8;161.7;0.0;0.0
81.8;161.7;0.0;0.0
66.1;161.7;0.0;0.0
75.0;161.7;0.0;0.0
54.4;161.7;0.0;0.0
50.0;161.7;0.0;0.0
86.1;161.7;0.0;0.0
69.9;161.7;0.0;0.0
56.2;161.7;0.0;0.0
49.4;161.7;0.0;0.0
95.1;161.7;0.0;0.0
63.3;161.7;0.0;0.0
49.9;161.7;0.0;0.0
50.0;161.7;0.0;0.0
75.4;161.7;0.0;0.0
56.3;161.7;0.0;0.0
78.9;161.7;0.0;0.0
50.0;161.7;0.0;0.0
108.1;161.7;0.0;0.0
49.9;161.7;0.0;0.0
49.9;161.7;0.0;0.0
91.8;161.7;0.0;0.0
300.8;163.5;30.8;0.0
345.3;165.0;126.7;0.0
63.5;165.8;126.0;0.0
94.9;375.3;457.0;4.0
111.4;188.2;412.0;0.0
49.5;191.4;0.0;0.0
80.4;230.4;0.0;0.0
122.4;227.1;3963.0;0.0
115.7;549.4;64035.4;0.0
81.9;549.4;23102.7;0.0
68.9;549.4;24394.0;0.0
55.9;549.4;23430.1;0.0
58.0;547.7;27750.2;0.0
79.9;580.7;11331.0;0.0
50.0;583.7;3705.8;3240.0
76.0;258.7;4229.5;2880.0
134.0;926.7;3895.1;0.0
47.8;258.7;339.9;0.0
55.0;258.7;337.8;0.0
50.0;258.7;339.8;0.0
50.0;258.7;329.6;0.0
52.9;258.7;374.8;0.0
50.0;258.7;334.8;0.0
46.5;258.7;380.7;0.0
50.0;258.7;385.5;0.0
49.2;258.7;337.4;0.0
49.0;258.7;345.9;0.0
50.6;258.7;383.9;0.0
50.0;258.7;366.4;0.0
50.4;258.7;404.4;0.0
52.1;258.7;375.6;0.0
49.8;258.7;367.6;0.0
52.0;259.1;430.4;0.0
49.9;259.1;354.8;0.0
44.2;259.1;336.6;0.0
54.9;259.1;357.2;0.0
46.4;259.1;392.9;0.0
55.0;259.1;339.9;0.0
49.6;259.1;339.2;0.0
50.0;259.1;346.6;0.0
53.2;259.1;356.6;0.0
51.0;259.1;403.2;0.0
48.0;259.1;353.6;0.0
45.0;259.1;370.4;0.0
51.0;259.1;385.4;0.0
51.0;259.1;398.4;0.0
45.0;259.1;340.6;0.0
50.1;259.1;455.6;0.0
49.8;259.2;349.0;0.0
45.0;259.2;358.2;0.0
49.8;259.2;378.4;0.0
54.9;259.2;371.8;0.0
