45.0;141.5;63.5;0.0
101.0;106.7;88.5;0.0
168.9;126.4;112.5;0.0
174.8;140.8;66.8;0.0
50.0;158.9;47.3;0.0
84.9;158.9;0.0;0.0
91.7;160.8;22.1;0.0
73.1;162.2;38.2;0.0
79.5;162.2;0.0;0.0
61.2;162.2;0.0;0.0
71.9;162.2;0.0;0.0
59.9;162.2;0.0;0.0
55.1;162.2;1.0;0.0
278.3;162.2;27.0;0.0
176.7;194.2;147.0;0.0
91.1;198.9;1.3;40.0
225.2;398.2;433.6;0.0
119.3;1097.0;89275.6;0.0
77.2;920.6;36095.0;44.0
50.1;539.9;20745.7;0.0
72.0;259.3;84674.0;0.0
49.2;259.3;572.4;0.0
60.8;259.3;2207.9;0.0
50.3;259.3;25383.9;0.0
63.5;259.3;1285.5;0.0
81.3;259.7;3165.1;0.0
81.6;259.7;25472.8;0.0
61.4;259.7;1185.0;0.0
116.0;259.7;1634.0;0.0
68.4;259.8;28936.4;0.0
490.0;606.0;39064.7;0.0
1764.6;261.2;5312.1;6688.0
