124.1;133.0;239.4;0.0
104.8;151.1;186.5;0.0
123.0;140.4;112.8;0.0
76.0;158.5;40.1;0.0
111.0;176.5;41.0;0.0
252.9;160.2;115.3;0.0
470.0;160.2;149.6;0.0
70.7;161.6;27.5;0.0
59.3;161.6;0.0;0.0
102.6;161.6;0.0;0.0
135.0;161.6;0.0;0.0
282.0;163.3;30.8;0.0
59.3;197.3;171.6;0.0
49.9;423.1;592.5;44.0
311.4;432.0;39.0;0.0
200.0;449.2;136.0;0.0
105.0;477.4;93.0;40.0
96.6;633.1;12336.0;0.0
49.9;610.1;15437.4;0.0
50.3;583.4;16823.4;0.0
81.9;536.4;16124.9;0.0
50.0;227.4;3110.6;0.0
60.5;227.4;1857.3;0.0
58.1;228.0;11574.4;0.0
50.0;571.1;13042.2;0.0
95.6;571.1;10721.3;0.0
112.6;571.1;10384.6;0.0
94.4;565.1;1468.2;0.0
78.8;259.1;1853.4;0.0
78.6;259.1;675.8;0.0
50.0;259.1;630.2;0.0
60.8;259.1;815.2;0.0
64.4;259.1;923.0;0.0
57.7;259.1;855.2;0.0
67.2;259.1;410.4;0.0
70.9;259.1;357.8;0.0
90.3;259.1;507.8;0.0
49.5;259.1;475.8;0.0
49.2;259.1;608.2;0.0
56.0;259.1;371.0;0.0
59.9;259.1;676.0;0.0
86.9;259.1;733.4;0.0
76.0;259.1;748.6;0.0
90.1;259.1;435.4;0.0
100.0;259.1;513.1;0.0
116.0;259.1;423.0;0.0
49.5;259.1;366.1;0.0
81.2;259.1;561.0;0.0
60.8;259.1;509.0;0.0
58.1;259.1;417.3;0.0
50.0;259.1;556.3;0.0
90.7;259.1;809.0;0.0
48.8;259.1;650.6;0.0
50.0;259.1;531.8;0.0
79.8;259.1;731.6;0.0
57.8;259.1;779.4;0.0
50.0;259.1;373.4;0.0
53.9;259.1;676.8;0.0
96.2;259.1;676.6;0.0
50.0;259.1;440.3;0.0
59.5;259.1;459.2;0.0
58.8;259.1;415.4;0.0
78.5;259.1;1152.7;0.0
57.2;259.1;622.4;0.0
83.9;259.1;498.0;0.0
60.8;259.1;1161.5;0.0
50.0;259.1;679.5;0.0
62.8;259.1;469.4;0.0
50.0;259.1;616.1;0.0
55.0;601.8;3365.8;2156.0
71.0;601.8;3937.0;3520.0
54.9;601.8;4108.2;704.0
91.4;260.3;3946.3;352.0
