66.0;265.0;1004.6;0.0
373.0;376.7;446.8;0.0
416.9;337.4;238.4;1280.0
50.0;157.7;444.4;1408.0
80.0;178.6;22.0;0.0
394.0;160.4;5.3;0.0
0.0;160.4;19.8;0.0
0.0;160.4;137.0;0.0
332.2;162.0;149.6;0.0
70.0;162.0;0.0;0.0
104.6;162.0;0.0;0.0
116.8;162.0;0.0;0.0
66.0;162.0;0.0;0.0
63.5;162.0;0.0;0.0
66.7;162.0;0.0;0.0
90.0;162.0;0.0;0.0
95.0;162.0;0.0;0.0
49.2;162.0;0.0;0.0
49.2;162.0;0.0;0.0
60.0;162.0;0.0;0.0
59.6;162.0;0.0;0.0
87.7;162.0;0.0;0.0
81.2;162.0;0.0;0.0
73.9;162.0;0.0;0.0
64.0;162.0;0.0;0.0
61.0;162.0;0.0;0.0
68.0;162.0;0.0;0.0
49.9;162.0;0.0;0.0
64.6;162.0;0.0;0.0
65.2;162.0;0.0;0.0
92.3;162.0;0.0;0.0
50.0;162.0;0.0;0.0
66.0;162.0;0.0;0.0
86.0;162.0;0.0;0.0
50.0;162.0;0.0;0.0
70.1;162.0;0.0;0.0
56.0;162.0;0.0;0.0
74.0;162.0;0.0;0.0
50.0;162.0;0.0;0.0
110.0;162.0;0.0;0.0
69.8;162.0;0.0;0.0
49.2;162.0;0.0;0.0
49.4;162.0;0.0;0.0
83.6;162.0;0.0;0.0
149.0;181.0;27.0;0.0
198.0;184.0;130.0;0.0
178.0;201.0;27.0;0.0
53.2;329.0;174.0;40.0
74.0;823.0;87055.0;0.0
87.9;1123.8;32236.7;0.0
262.7;1122.0;2657.6;0.0
133.7;1105.8;3921.3;0.0
91.0;1034.7;3480.6;44.0
100.0;911.4;4257.5;0.0
62.2;877.2;4379.0;0.0
50.0;847.5;3699.0;0.0
61.0;547.8;1335.5;0.0
55.6;547.8;11396.2;0.0
65.1;545.1;11353.5;0.0
55.0;545.1;12582.4;0.0
65.0;545.1;11497.5;0.0
69.0;545.1;11712.0;0.0
86.0;542.4;7607.3;0.0
105.0;259.7;3214.5;0.0
47.9;259.7;459.0;0.0
70.8;259.7;557.0;0.0
79.8;259.7;659.4;0.0
79.4;259.7;1517.6;0.0
50.0;259.7;1523.7;0.0
64.0;259.7;810.5;0.0
92.5;259.7;463.1;0.0
58.0;259.7;1489.1;0.0
118.1;259.7;511.0;0.0
76.5;259.7;1121.6;0.0
61.4;259.7;1756.8;0.0
54.5;259.7;557.1;0.0
61.0;259.7;1249.5;0.0
90.0;259.7;991.2;0.0
63.5;259.7;642.7;0.0
78.0;259.7;1014.9;0.0
50.0;259.7;532.0;0.0
49.8;259.7;967.2;0.0
49.5;259.7;2167.8;0.0
50.0;576.7;2075.4;280.0
115.7;576.7;3690.9;4880.0
81.0;576.7;4561.9;640.0
84.9;259.7;3963.6;360.0
50.0;259.7;359.2;0.0
47.9;259.7;358.4;0.0
49.8;259.7;351.0;0.0
54.6;259.7;351.4;0.0
50.0;259.7;361.6;0.0
50.0;259.7;369.2;0.0
48.4;259.7;378.2;0.0
50.0;259.7;368.2;0.0
50.0;259.7;348.3;0.0
50.0;259.7;388.5;0.0
50.0;259.7;368.4;0.0
50.0;259.7;376.0;0.0
50.0;259.7;377.4;0.0
