49.7;161.5;0.0;0.0
73.5;161.5;0.0;0.0
73.1;161.5;0.0;0.0
591.8;161.5;1.0;0.0
1794.0;184.5;45.0;0.0
178.9;201.5;136.0;0.0
55.7;215.5;148.0;40.0
60.6;409.5;391.0;0.0
64.0;448.5;0.0;0.0
54.8;481.5;0.0;0.0
58.0;820.5;3771.0;0.0
59.0;820.5;14616.0;0.0
50.0;822.5;14256.0;0.0
94.0;822.5;14449.0;0.0
74.0;822.5;15008.0;0.0
50.0;822.5;14341.0;0.0
74.9;825.5;10269.0;0.0
97.3;1139.5;517.0;0.0
76.0;1139.5;3433.0;0.0
62.9;1139.5;3597.0;0.0
49.8;1139.5;3584.0;0.0
49.0;1139.5;3350.0;0.0
69.6;1139.5;3404.0;0.0
50.0;1139.5;3487.0;0.0
94.0;1139.5;3357.0;0.0
50.0;1139.5;4004.0;0.0
62.6;1139.5;3344.0;0.0
76.0;1139.5;3712.0;0.0
49.8;1139.5;3632.0;0.0
50.0;1139.5;3426.0;0.0
50.0;1139.5;3497.0;0.0
48.8;1139.5;3433.0;0.0
48.1;1139.5;4323.0;0.0
59.9;1137.7;3903.0;0.0
323.9;1122.4;3387.7;0.0
89.4;1106.2;3707.4;0.0
90.0;1057.6;3528.7;44.0
93.0;917.2;3151.5;0.0
49.8;892.9;3362.0;0.0
50.0;865.9;3557.0;0.0
83.9;553.6;3037.6;0.0
76.3;550.9;12510.5;0.0
49.5;548.2;12115.4;0.0
76.1;548.2;13045.9;0.0
78.6;548.2;12667.9;0.0
63.5;548.2;12431.0;0.0
77.0;548.2;9934.9;0.0
78.6;258.8;3707.0;0.0
73.5;258.8;1122.7;0.0
73.3;258.8;479.0;0.0
92.0;258.8;712.0;0.0
93.7;258.8;659.4;0.0
72.0;258.8;778.8;0.0
66.2;258.8;638.6;0.0
78.5;258.8;835.8;0.0
113.6;258.8;1072.8;0.0
50.0;258.8;895.7;0.0
61.0;258.8;927.3;0.0
91.0;258.8;744.9;0.0
64.4;258.8;413.5;0.0
66.0;258.8;1140.2;0.0
58.0;258.8;1022.4;0.0
70.8;258.8;504.0;0.0
50.0;578.8;3143.6;1320.0
49.9;578.8;3904.9;3200.0
50.0;578.8;4016.5;1280.0
97.0;258.8;4337.6;240.0
50.0;258.8;380.0;0.0
50.0;258.8;335.6;0.0
50.0;258.8;339.4;0.0
53.4;258.8;385.2;0.0
50.8;258.8;394.2;0.0
48.7;258.8;364.0;0.0
50.0;258.8;335.2;0.0
53.1;258.8;359.4;0.0
45.0;258.8;366.8;0.0
50.0;258.8;369.4;0.0
49.0;258.8;410.0;0.0
53.1;258.8;404.3;0.0
46.9;258.8;393.0;0.0
49.5;259.0;387.3;0.0
48.5;259.0;368.0;0.0
52.8;259.0;376.2;0.0
50.0;259.0;387.4;0.0
48.9;259.0;384.2;0.0
55.0;259.0;383.6;0.0
49.5;259.0;375.3;0.0
46.6;259.0;420.5;0.0
54.7;259.0;381.0;0.0
46.5;259.0;415.2;0.0
53.8;259.0;408.6;0.0
49.2;259.0;419.4;0.0
50.0;259.0;393.8;0.0
49.1;290.6;236.9;0.0
50.0;290.6;1.2;388.0
51.6;290.6;0.6;192.0
50.0;260.2;0.3;36.0
51.1;198.4;0.0;0.0
