95.9;100.2;170.2;0.0
50.0;156.6;147.1;0.0
166.8;179.7;143.2;0.0
150.0;243.1;193.1;0.0
162.8;156.7;240.9;0.0
0.0;156.7;1.0;0.0
0.0;156.7;1.1;0.0
0.0;156.7;13.0;0.0
0.0;156.7;14.3;0.0
0.0;156.7;7.0;0.0
0.0;156.7;7.7;0.0
0.0;156.7;6.0;0.0
0.0;156.7;5.5;0.0
0.0;156.7;6.0;0.0
0.0;156.7;4.4;0.0
0.0;156.7;2.0;0.0
96.0;190.7;4.6;0.0
395.0;190.7;2.0;0.0
0.0;190.7;1.1;0.0
464.2;159.5;1.1;0.0
161.7;160.1;23.1;0.0
383.9;160.7;48.4;0.0
546.7;160.7;0.0;0.0
574.2;160.7;0.0;0.0
550.0;160.7;0.0;0.0
540.1;160.7;0.0;0.0
550.0;160.7;0.0;0.0
598.4;160.7;0.0;0.0
493.9;160.7;12.1;0.0
0.0;160.7;9.9;0.0
306.9;161.7;52.8;0.0
0.0;161.7;1.1;0.0
0.0;161.7;0.0;0.0
0.0;161.7;14.3;0.0
0.0;161.7;0.0;0.0
0.0;161.7;7.7;0.0
0.0;161.7;6.6;0.0
0.0;161.7;0.0;0.0
0.0;161.7;4.4;0.0
0.0;161.7;0.0;0.0
0.0;161.7;1.1;0.0
0.0;161.7;3.3;0.0
0.0;161.7;0.0;0.0
0.0;183.2;2.2;0.0
0.0;183.2;0.0;0.0
0.0;183.2;0.0;0.0
0.0;183.2;0.0;0.0
0.0;183.2;0.0;0.0
0.0;183.2;0.0;0.0
0.0;183.2;0.0;0.0
0.0;183.2;0.0;0.0
0.0;183.2;0.0;0.0
0.0;183.2;0.0;0.0
0.0;183.2;0.0;0.0
0.0;183.2;0.0;0.0
0.0;183.2;0.0;0.0
0.0;183.2;0.0;0.0
0.0;183.2;0.0;0.0
0.0;183.2;0.0;0.0
0.0;183.2;0.0;0.0
0.0;183.2;0.0;0.0
0.0;183.2;0.0;0.0
0.0;183.2;0.0;0.0
0.0;183.2;0.0;0.0
0.0;183.2;2.0;0.0
191.0;162.2;61.0;0.0
485.0;162.2;0.0;0.0
493.0;162.2;0.0;0.0
484.0;162.2;0.0;0.0
530.0;162.2;0.0;0.0
475.0;162.2;0.0;0.0
500.0;162.2;11.0;0.0
0.0;162.2;0.0;0.0
0.0;162.2;0.0;0.0
0.0;162.2;0.0;0.0
0.0;162.2;0.0;0.0
0.0;162.2;0.0;0.0
0.0;162.2;0.0;0.0
0.0;162.2;0.0;0.0
0.0;162.2;0.0;0.0
0.0;162.2;0.0;0.0
0.0;162.2;0.0;0.0
0.0;162.2;0.0;0.0
0.0;162.2;0.0;0.0
0.0;162.2;0.0;0.0
0.0;162.2;0.0;0.0
0.0;162.2;0.0;0.0
0.0;162.2;0.0;0.0
0.0;162.2;0.0;0.0
0.0;162.2;0.0;0.0
0.0;162.2;0.0;0.0
0.0;162.2;0.0;0.0
0.0;162.2;0.0;0.0
0.0;162.2;0.0;0.0
0.0;162.2;0.0;0.0
0.0;162.2;0.0;0.0
0.0;162.2;0.0;0.0
0.0;162.2;0.0;0.0
0.0;162.2;0.0;0.0
0.0;162.2;0.0;0.0
