57.4;127.7;181.0;0.0
117.0;131.9;192.6;0.0
160.2;140.1;82.5;0.0
120.9;155.9;39.8;0.0
0.0;155.9;0.0;0.0
0.0;155.9;0.1;0.0
0.0;155.9;0.0;0.0
0.0;155.9;4.4;0.0
47.0;155.9;5.8;0.0
0.0;155.9;0.0;0.0
0.0;155.9;0.7;0.0
0.0;155.9;0.0;0.0
0.0;155.9;2.4;0.0
0.0;155.9;5.3;0.0
0.0;155.9;0.0;0.0
143.0;192.9;3.5;0.0
349.0;199.9;5.0;0.0
0.0;158.8;58.2;0.0
409.8;160.0;2.3;0.0
504.0;160.0;23.1;0.0
73.6;160.3;39.6;0.0
76.6;160.3;9.9;0.0
518.0;160.3;23.1;0.0
291.9;161.2;44.0;0.0
447.0;161.2;10.1;0.0
0.0;161.2;59.0;0.0
235.0;161.2;13.3;0.0
0.0;161.2;1.0;0.0
0.0;161.2;7.7;0.0
0.0;161.2;13.0;0.0
0.0;161.2;0.0;0.0
0.0;161.2;2.5;0.0
0.0;161.2;0.0;0.0
0.0;161.2;2.4;0.0
0.0;161.2;0.0;0.0
0.0;161.2;4.3;0.0
0.0;161.2;0.0;0.0
394.0;341.7;179.2;40.0
448.0;394.7;367.0;0.0
525.0;707.7;17213.0;0.0
454.0;1018.7;5842.0;0.0
495.0;1018.7;3508.0;0.0
499.0;1018.7;4952.0;0.0
507.0;1018.7;3742.0;0.0
500.0;1018.7;3394.0;0.0
527.0;1021.7;4155.0;0.0
465.0;1021.7;3625.0;0.0
495.0;1021.7;3584.0;0.0
500.0;1021.7;3560.0;0.0
529.0;1021.7;4207.0;0.0
475.0;1021.7;3779.0;0.0
540.0;1336.7;1553.0;1320.0
438.0;1336.7;10.0;3200.0
526.0;1287.7;5.0;840.0
520.0;412.7;0.0;0.0
0.0;161.7;0.0;0.0
0.0;161.7;0.0;0.0
0.0;161.7;0.0;0.0
0.0;161.7;0.0;0.0
0.0;161.7;0.0;0.0
0.0;161.7;0.0;0.0
0.0;161.7;0.0;0.0
0.0;161.7;0.0;0.0
0.0;161.7;0.0;0.0
0.0;161.7;0.0;0.0
0.0;161.7;0.0;0.0
0.0;161.7;0.0;0.0
0.0;161.7;0.0;0.0
0.0;161.7;0.0;0.0
0.0;161.7;0.0;0.0
0.0;161.7;0.0;0.0
0.0;161.7;0.0;0.0
0.0;161.7;0.0;0.0
0.0;161.7;0.0;0.0
0.0;161.7;0.0;0.0
0.0;161.7;0.0;0.0
0.0;161.7;0.0;0.0
0.0;161.7;0.0;0.0
0.0;161.7;0.0;0.0
0.0;161.7;0.0;0.0
0.0;161.7;0.0;0.0
0.0;161.7;0.0;0.0
0.0;161.7;0.0;0.0
0.0;161.7;0.0;0.0
0.0;161.7;0.0;0.0
0.0;161.7;0.0;0.0
0.0;161.7;0.0;0.0
0.0;161.7;0.0;0.0
0.0;161.7;0.0;0.0
0.0;161.7;0.0;0.0
0.0;161.7;0.0;0.0
0.0;161.7;0.0;0.0
0.0;161.7;0.0;0.0
0.0;161.7;0.0;0.0
0.0;161.7;0.0;0.0
0.0;161.7;0.0;0.0
0.0;161.7;0.0;0.0
0.0;161.7;0.0;0.0
0.0;161.7;0.0;0.0
0.0;161.7;0.0;0.0
