96.0;265.6;1103.0;0.0
381.5;428.6;301.6;0.0
631.1;376.7;362.4;0.0
605.0;287.6;190.3;0.0
275.0;156.1;390.6;0.0
0.0;156.1;0.0;0.0
0.0;156.1;12.1;0.0
0.0;156.1;0.0;0.0
0.0;156.1;7.3;0.0
0.0;156.1;0.0;0.0
0.0;156.1;2.7;0.0
0.0;156.1;0.0;0.0
0.0;156.1;5.6;0.0
0.0;156.1;7.0;0.0
0.0;156.1;3.5;0.0
521.0;199.1;1.0;0.0
0.0;199.1;44.6;0.0
497.0;202.1;22.0;0.0
0.0;187.7;21.2;0.0
252.0;178.7;40.0;0.0
110.0;176.9;5.6;0.0
55.0;160.3;60.5;0.0
495.0;160.3;13.0;0.0
547.8;160.3;7.0;0.0
599.5;160.3;0.0;0.0
550.0;160.3;6.0;0.0
557.7;160.3;0.0;0.0
539.0;160.3;9.0;0.0
533.5;160.3;0.0;0.0
347.0;160.6;9.1;0.0
440.0;357.1;121.0;40.0
309.9;400.4;356.1;0.0
497.0;708.4;17383.0;0.0
508.0;1020.4;5281.5;0.0
496.0;1020.4;3136.8;0.0
492.0;1020.4;3340.0;0.0
535.0;1020.4;3257.7;0.0
495.0;1020.4;3548.0;0.0
504.0;1020.4;5017.7;0.0
491.0;1020.4;4228.0;0.0
486.0;1024.4;4657.6;0.0
508.0;1024.4;3863.0;0.0
521.0;1024.4;4240.6;0.0
509.0;1326.9;4139.2;0.0
466.0;1333.9;12.0;1960.0
498.0;1333.9;6.0;1920.0
500.0;1030.9;5.0;960.0
0.0;161.9;0.0;0.0
0.0;161.9;0.0;0.0
0.0;161.9;0.0;0.0
0.0;161.9;0.0;0.0
0.0;161.9;0.0;0.0
0.0;161.9;0.0;0.0
0.0;161.9;0.0;0.0
0.0;161.9;0.0;0.0
0.0;161.9;0.0;0.0
0.0;161.9;0.0;0.0
0.0;161.9;0.0;0.0
0.0;161.9;0.0;0.0
0.0;161.9;0.0;0.0
0.0;161.9;0.0;0.0
0.0;161.9;0.0;0.0
0.0;161.9;0.0;0.0
0.0;161.9;0.0;0.0
0.0;161.9;0.0;0.0
0.0;161.9;0.0;0.0
0.0;161.9;0.0;0.0
0.0;161.9;0.0;0.0
0.0;161.9;0.0;0.0
0.0;161.9;0.0;0.0
0.0;161.9;0.0;0.0
0.0;161.9;0.0;0.0
0.0;161.9;0.0;0.0
0.0;161.9;0.0;0.0
0.0;161.9;0.0;0.0
0.0;161.9;0.0;0.0
0.0;161.9;0.0;0.0
0.0;161.9;0.0;0.0
0.0;161.9;0.0;0.0
0.0;161.9;0.0;0.0
0.0;161.9;0.0;0.0
0.0;161.9;0.0;0.0
0.0;161.9;0.0;0.0
0.0;161.9;0.0;0.0
0.0;161.9;0.0;0.0
0.0;161.9;0.0;0.0
0.0;161.9;0.0;0.0
0.0;161.9;0.0;0.0
0.0;161.9;0.0;0.0
0.0;161.9;0.0;0.0
0.0;161.9;0.0;0.0
0.0;161.9;0.0;0.0
0.0;161.9;0.0;0.0
0.0;161.9;0.0;0.0
0.0;161.9;0.0;0.0
0.0;161.9;0.0;0.0
0.0;161.9;0.0;0.0
0.0;161.9;0.0;0.0
0.0;161.9;0.0;0.0
0.0;161.9;0.0;0.0
