75.4;264.7;1018.2;0.0
216.8;500.8;137.3;0.0
880.0;317.7;567.3;0.0
495.0;156.3;441.1;0.0
0.0;156.3;5.0;0.0
0.0;156.3;8.0;0.0
0.0;156.3;6.1;0.0
0.0;156.3;0.0;0.0
0.0;156.3;8.3;0.0
0.0;156.3;0.0;0.0
0.0;156.3;1.7;0.0
0.0;156.3;0.0;0.0
222.0;187.3;3.5;0.0
299.0;193.3;6.0;0.0
232.0;199.3;52.5;0.0
549.0;199.3;2.2;0.0
486.0;199.3;4.4;0.0
484.0;184.0;2.2;0.0
63.5;159.9;0.0;0.0
498.0;159.9;5.5;0.0
359.7;160.6;53.9;0.0
497.8;160.6;61.0;0.0
351.0;160.6;0.0;0.0
515.4;160.6;1.0;0.0
547.8;160.6;0.0;0.0
548.9;160.6;13.0;0.0
550.0;160.6;0.0;0.0
548.9;160.6;7.0;0.0
110.0;160.6;33.0;0.0
323.4;161.5;38.0;0.0
0.0;161.5;1.1;0.0
0.0;161.5;7.0;0.0
0.0;161.5;13.2;0.0
250.0;161.5;1.0;0.0
449.0;378.5;530.7;40.0
499.0;703.5;1782.0;0.0
531.0;703.5;14987.6;0.0
491.0;1015.5;5876.0;0.0
499.0;1015.5;4255.4;0.0
500.0;1015.5;3983.0;0.0
500.0;1015.5;3251.5;0.0
525.0;1015.5;4325.0;0.0
481.0;1011.0;4276.3;0.0
505.0;1011.0;4100.0;0.0
491.0;1014.0;4564.0;0.0
498.0;1014.0;4202.0;0.0
516.0;1014.0;5340.0;0.0
477.0;1329.0;745.0;1320.0
500.0;1329.0;8.0;2560.0
499.0;1024.0;5.0;920.0
0.0;162.0;0.0;0.0
0.0;162.0;0.0;0.0
0.0;162.0;0.0;0.0
0.0;162.0;0.0;0.0
0.0;162.0;0.0;0.0
0.0;162.0;0.0;0.0
0.0;162.0;0.0;0.0
0.0;162.0;0.0;0.0
0.0;162.0;0.0;0.0
0.0;162.0;0.0;0.0
0.0;162.0;0.0;0.0
0.0;162.0;0.0;0.0
0.0;162.0;0.0;0.0
0.0;162.0;0.0;0.0
0.0;162.0;0.0;0.0
0.0;162.0;0.0;0.0
0.0;162.0;0.0;0.0
0.0;162.0;0.0;0.0
0.0;162.0;0.0;0.0
0.0;162.0;0.0;0.0
0.0;162.0;0.0;0.0
0.0;162.0;0.0;0.0
0.0;162.0;0.0;0.0
0.0;162.0;0.0;0.0
0.0;162.0;0.0;0.0
0.0;162.0;0.0;0.0
0.0;162.0;0.0;0.0
0.0;162.0;0.0;0.0
0.0;162.0;0.0;0.0
0.0;162.0;0.0;0.0
0.0;162.0;0.0;0.0
0.0;162.0;0.0;0.0
0.0;162.0;0.0;0.0
0.0;162.0;0.0;0.0
0.0;162.0;0.0;0.0
0.0;162.0;0.0;0.0
0.0;162.0;0.0;0.0
0.0;162.0;0.0;0.0
0.0;162.0;0.0;0.0
0.0;162.0;0.0;0.0
0.0;162.0;0.0;0.0
0.0;162.0;0.0;0.0
0.0;162.0;0.0;0.0
0.0;162.0;0.0;0.0
0.0;162.0;0.0;0.0
0.0;162.0;0.0;0.0
0.0;162.0;0.0;0.0
0.0;162.0;0.0;0.0
0.0;162.0;0.0;0.0
0.0;162.0;0.0;0.0
