59.6;100.4;88.5;1120.0
97.8;153.6;139.1;0.0
84.3;138.7;82.1;0.0
96.0;156.5;40.1;0.0
0.0;156.5;0.0;0.0
0.0;156.5;0.0;0.0
0.0;156.5;0.1;0.0
0.0;156.5;0.0;0.0
0.0;156.5;14.3;0.0
0.0;156.5;13.0;0.0
0.0;156.5;7.7;0.0
0.0;156.5;7.0;0.0
0.0;156.5;6.6;0.0
0.0;156.5;7.0;0.0
0.0;156.5;4.4;0.0
0.0;156.5;8.0;0.0
0.0;156.5;4.4;0.0
192.0;183.5;3.0;0.0
142.8;159.4;3.2;0.0
249.0;159.9;58.3;0.0
499.0;159.9;24.2;0.0
171.2;160.6;40.7;0.0
118.0;160.6;0.0;0.0
70.1;160.6;1.1;0.0
500.0;160.6;34.1;0.0
196.4;161.5;40.7;0.0
194.0;161.5;11.1;0.0
299.0;161.5;60.0;0.0
0.0;161.5;13.3;0.0
0.0;161.5;0.0;0.0
0.0;161.5;5.7;0.0
0.0;161.5;0.0;0.0
0.0;161.5;1.6;0.0
0.0;161.5;0.0;0.0
0.0;161.5;1.6;0.0
0.0;161.5;0.0;0.0
0.0;161.5;1.5;0.0
0.0;161.5;4.0;0.0
53.9;162.0;2.2;0.0
432.0;301.0;174.0;40.0
498.0;1016.0;46036.0;0.0
495.0;1329.0;16539.0;0.0
507.0;1145.0;19.0;5320.0
500.0;392.0;0.0;0.0
0.0;162.0;0.0;0.0
0.0;162.0;0.0;0.0
0.0;162.0;0.0;0.0
0.0;162.0;0.0;0.0
0.0;162.0;0.0;0.0
0.0;162.0;0.0;0.0
0.0;162.0;0.0;0.0
0.0;162.0;0.0;0.0
0.0;162.0;0.0;0.0
0.0;162.0;0.0;0.0
0.0;162.0;0.0;0.0
0.0;162.0;0.0;0.0
0.0;162.0;0.0;0.0
0.0;162.0;0.0;0.0
0.0;162.0;0.0;0.0
0.0;162.0;0.0;0.0
0.0;162.0;0.0;0.0
0.0;162.0;0.0;0.0
0.0;162.0;0.0;0.0
0.0;162.0;0.0;0.0
0.0;162.0;0.0;0.0
0.0;162.0;0.0;0.0
0.0;162.0;0.0;0.0
0.0;162.0;0.0;0.0
0.0;162.0;0.0;0.0
0.0;162.0;0.0;0.0
0.0;162.0;0.0;0.0
0.0;162.0;0.0;0.0
0.0;162.0;0.0;0.0
0.0;162.0;0.0;0.0
0.0;162.0;0.0;0.0
0.0;162.0;0.0;0.0
0.0;162.0;0.0;0.0
0.0;162.0;0.0;0.0
0.0;162.0;0.0;0.0
0.0;162.0;0.0;0.0
0.0;162.0;0.0;0.0
0.0;162.0;0.0;0.0
0.0;162.0;0.0;0.0
0.0;162.0;0.0;0.0
0.0;162.0;0.0;0.0
0.0;162.0;0.0;0.0
0.0;162.0;0.0;0.0
0.0;162.0;0.0;0.0
0.0;162.0;0.0;0.0
0.0;162.0;0.0;0.0
0.0;162.0;0.0;0.0
0.0;162.0;0.0;0.0
0.0;162.0;0.0;0.0
0.0;162.0;0.0;0.0
0.0;162.0;0.0;0.0
0.0;162.0;0.0;0.0
0.0;162.0;0.0;0.0
0.0;162.0;0.0;0.0
0.0;162.0;0.0;0.0
0.0;162.0;0.0;0.0
