102.0;285.8;324.9;0.0
50.0;230.6;371.8;0.0
445.0;380.1;330.2;0.0
450.9;363.9;229.3;0.0
548.9;199.2;414.7;0.0
55.0;155.9;79.3;0.0
0.0;155.9;0.0;0.0
55.0;155.9;1.1;0.0
0.0;155.9;13.0;0.0
0.0;155.9;14.3;0.0
0.0;155.9;7.0;0.0
0.0;155.9;2.7;0.0
0.0;155.9;0.0;0.0
0.0;155.9;2.6;0.0
0.0;155.9;0.0;0.0
92.0;193.9;2.5;0.0
398.0;199.9;3.0;0.0
0.0;199.9;4.6;0.0
48.0;203.9;57.0;0.0
308.7;179.8;2.2;0.0
73.0;159.4;2.3;0.0
50.0;159.4;10.2;0.0
248.6;179.0;8.7;0.0
496.1;179.0;1.0;0.0
561.0;179.0;9.9;0.0
55.0;179.0;13.3;0.0
273.9;160.8;42.9;0.0
55.0;160.8;6.1;0.0
0.0;160.8;0.0;0.0
0.0;160.8;8.3;0.0
0.0;160.8;0.0;0.0
0.0;160.8;2.7;0.0
0.0;160.8;0.0;0.0
400.0;201.8;153.4;40.0
475.0;394.8;385.0;0.0
488.0;711.8;7843.5;0.0
516.0;715.8;12968.0;0.0
499.0;1023.8;2705.4;0.0
474.0;1023.8;3346.0;0.0
543.0;1018.4;3595.2;0.0
498.0;1018.4;3201.0;0.0
464.0;1018.4;4533.0;0.0
512.0;1018.4;3587.0;0.0
507.0;1018.4;4378.0;0.0
495.0;1018.4;3516.0;0.0
515.0;1021.4;4394.0;0.0
498.0;1021.4;3469.0;0.0
524.0;1333.4;3694.0;0.0
469.0;1335.4;10.0;3240.0
499.0;1335.4;4.0;1280.0
524.0;1031.4;5.0;840.0
0.0;161.4;0.0;0.0
0.0;161.4;0.0;0.0
0.0;161.4;0.0;0.0
0.0;161.4;0.0;0.0
0.0;161.4;0.0;0.0
0.0;161.4;0.0;0.0
0.0;161.4;0.0;0.0
0.0;161.4;0.0;0.0
0.0;161.4;0.0;0.0
0.0;161.4;0.0;0.0
0.0;161.4;0.0;0.0
0.0;161.4;0.0;0.0
0.0;161.4;0.0;0.0
0.0;161.4;0.0;0.0
0.0;161.4;0.0;0.0
0.0;161.4;0.0;0.0
0.0;161.4;0.0;0.0
0.0;161.4;0.0;0.0
0.0;161.4;0.0;0.0
0.0;161.4;0.0;0.0
0.0;161.4;0.0;0.0
0.0;161.4;0.0;0.0
0.0;161.4;0.0;0.0
0.0;161.4;0.0;0.0
0.0;161.4;0.0;0.0
0.0;161.4;0.0;0.0
0.0;161.4;0.0;0.0
0.0;161.4;0.0;0.0
0.0;161.4;0.0;0.0
0.0;161.4;0.0;0.0
0.0;161.4;0.0;0.0
0.0;161.4;0.0;0.0
0.0;161.4;0.0;0.0
0.0;161.4;0.0;0.0
0.0;161.4;0.0;0.0
0.0;161.4;0.0;0.0
0.0;161.4;0.0;0.0
0.0;161.4;0.0;0.0
0.0;161.4;0.0;0.0
0.0;161.4;0.0;0.0
0.0;161.4;0.0;0.0
0.0;161.4;0.0;0.0
0.0;161.4;0.0;0.0
0.0;161.4;0.0;0.0
0.0;161.4;0.0;0.0
0.0;161.4;0.0;0.0
0.0;161.4;0.0;0.0
0.0;161.4;0.0;0.0
0.0;161.4;0.0;0.0
