89.0;363.7;133.8;0.0
80.1;115.9;777.8;0.0
118.0;139.3;55.2;0.0
125.9;156.1;40.1;0.0
0.0;156.1;0.0;0.0
0.0;156.1;0.1;0.0
0.0;156.1;0.0;0.0
0.0;156.1;1.2;0.0
0.0;156.1;0.0;0.0
0.0;156.1;7.0;0.0
0.0;156.1;7.7;0.0
0.0;156.1;6.0;0.0
0.0;156.1;5.5;0.0
55.0;156.1;3.4;0.0
0.0;156.1;0.0;0.0
197.0;189.1;2.5;0.0
291.0;195.1;6.0;0.0
467.0;202.1;57.2;0.0
526.9;159.9;29.1;0.0
204.0;160.4;30.5;0.0
548.9;160.7;1.0;0.0
550.0;160.7;0.0;0.0
550.0;160.7;13.0;0.0
539.0;160.7;0.0;0.0
548.9;160.7;7.0;0.0
548.9;160.7;2.0;0.0
550.0;160.7;4.0;0.0
218.9;160.7;34.1;0.0
328.9;161.6;37.1;0.0
0.0;161.6;1.1;0.0
449.0;227.6;157.0;40.0
515.0;396.6;373.3;0.0
474.0;706.6;13831.0;0.0
518.0;1017.6;7713.7;0.0
488.0;1017.6;3270.0;0.0
525.0;1017.6;4036.4;0.0
474.0;1017.6;4096.0;0.0
497.0;1017.6;3347.5;0.0
505.0;1017.6;4532.0;0.0
516.0;1017.6;3693.5;0.0
521.0;1017.6;3660.0;0.0
403.0;1013.1;3720.3;0.0
524.0;1018.1;4005.0;0.0
495.0;1018.1;4292.0;0.0
526.0;1332.1;539.0;680.0
499.0;1332.1;8.0;2560.0
505.0;1303.1;7.0;1480.0
499.0;410.1;0.0;0.0
0.0;162.1;0.0;0.0
0.0;162.1;0.0;0.0
0.0;162.1;0.0;0.0
0.0;162.1;0.0;0.0
0.0;162.1;0.0;0.0
0.0;162.1;0.0;0.0
0.0;162.1;0.0;0.0
0.0;162.1;0.0;0.0
0.0;162.1;0.0;0.0
0.0;162.1;0.0;0.0
0.0;162.1;0.0;0.0
0.0;162.1;0.0;0.0
0.0;162.1;0.0;0.0
0.0;162.1;0.0;0.0
0.0;162.1;0.0;0.0
0.0;162.1;0.0;0.0
0.0;162.1;0.0;0.0
0.0;162.1;0.0;0.0
0.0;162.1;0.0;0.0
0.0;162.1;0.0;0.0
0.0;162.1;0.0;0.0
0.0;162.1;0.0;0.0
0.0;162.1;0.0;0.0
0.0;162.1;0.0;0.0
0.0;162.1;0.0;0.0
0.0;162.1;0.0;0.0
0.0;162.1;0.0;0.0
0.0;162.1;0.0;0.0
0.0;162.1;0.0;0.0
0.0;162.1;0.0;0.0
0.0;162.1;0.0;0.0
0.0;162.1;0.0;0.0
0.0;162.1;0.0;0.0
0.0;162.1;0.0;0.0
0.0;162.1;0.0;0.0
0.0;162.1;0.0;0.0
0.0;162.1;0.0;0.0
0.0;162.1;0.0;0.0
0.0;162.1;0.0;0.0
0.0;162.1;0.0;0.0
0.0;162.1;0.0;0.0
0.0;162.1;0.0;0.0
0.0;162.1;0.0;0.0
0.0;162.1;0.0;0.0
0.0;162.1;0.0;0.0
0.0;162.1;0.0;0.0
0.0;162.1;0.0;0.0
0.0;162.1;0.0;0.0
0.0;162.1;0.0;0.0
0.0;162.1;0.0;0.0
0.0;162.1;0.0;0.0
0.0;162.1;0.0;0.0
