89.0;183.4;245.1;0.0
54.8;108.2;100.8;0.0
258.9;178.0;262.3;0.0
154.0;210.5;329.7;0.0
60.0;155.9;161.3;0.0
0.0;155.9;0.0;0.0
0.0;155.9;0.1;0.0
0.0;155.9;0.0;0.0
0.0;155.9;2.3;0.0
0.0;155.9;0.0;0.0
55.0;155.9;0.7;0.0
0.0;155.9;0.0;0.0
0.0;155.9;0.6;0.0
0.0;155.9;0.0;0.0
0.0;155.9;2.5;0.0
0.0;155.9;0.0;0.0
351.0;199.9;3.6;0.0
43.0;204.9;25.0;0.0
110.0;177.0;3.3;0.0
497.8;159.7;42.0;0.0
416.0;160.1;27.5;0.0
69.0;160.7;50.6;0.0
481.0;160.7;23.1;0.0
279.9;161.6;42.9;0.0
461.0;161.6;1.1;0.0
537.0;161.6;7.0;0.0
0.0;161.6;47.3;0.0
299.0;161.6;6.0;0.0
0.0;161.6;6.7;0.0
0.0;161.6;0.0;0.0
0.0;161.6;7.6;0.0
0.0;161.6;3.3;0.0
0.0;161.6;5.2;0.0
0.0;161.6;5.5;0.0
0.0;161.6;4.1;0.0
0.0;162.1;2.2;0.0
0.0;162.1;6.0;0.0
0.0;162.1;0.0;0.0
250.0;162.1;3.0;0.0
499.0;379.1;520.0;40.0
498.0;703.1;4159.0;0.0
495.0;1014.1;16989.0;0.0
501.0;1014.1;3195.0;0.0
504.0;1014.1;5174.0;0.0
496.0;1014.1;3496.0;0.0
461.0;1014.1;3606.0;0.0
492.0;1014.1;3384.0;0.0
532.0;1014.1;3512.0;0.0
499.0;1014.1;4044.0;0.0
534.0;1017.1;4113.0;0.0
462.0;1017.1;4463.0;0.0
481.0;1017.1;3570.0;0.0
539.0;1332.1;2515.0;0.0
473.0;1332.1;10.0;3240.0
500.0;1332.1;4.0;1280.0
535.0;1028.1;5.0;760.0
0.0;162.1;0.0;0.0
0.0;162.1;0.0;0.0
0.0;162.1;0.0;0.0
0.0;162.1;0.0;0.0
0.0;162.1;0.0;0.0
0.0;162.1;0.0;0.0
0.0;162.1;0.0;0.0
0.0;162.1;0.0;0.0
0.0;162.1;0.0;0.0
0.0;162.1;0.0;0.0
0.0;162.1;0.0;0.0
0.0;162.1;0.0;0.0
0.0;162.1;0.0;0.0
0.0;162.1;0.0;0.0
0.0;162.1;0.0;0.0
0.0;162.1;0.0;0.0
0.0;162.1;0.0;0.0
0.0;162.1;0.0;0.0
0.0;162.1;0.0;0.0
0.0;162.1;0.0;0.0
0.0;162.1;0.0;0.0
0.0;162.1;0.0;0.0
0.0;162.1;0.0;0.0
0.0;162.1;0.0;0.0
0.0;162.1;0.0;0.0
0.0;162.1;0.0;0.0
0.0;162.1;0.0;0.0
0.0;162.1;0.0;0.0
0.0;162.1;0.0;0.0
0.0;162.1;0.0;0.0
0.0;162.1;0.0;0.0
0.0;162.1;0.0;0.0
0.0;162.1;0.0;0.0
0.0;162.1;0.0;0.0
0.0;162.1;0.0;0.0
0.0;162.1;0.0;0.0
0.0;162.1;0.0;0.0
0.0;162.1;0.0;0.0
0.0;162.1;0.0;0.0
0.0;162.1;0.0;0.0
0.0;162.1;0.0;0.0
0.0;162.1;0.0;0.0
0.0;162.1;0.0;0.0
0.0;162.1;0.0;0.0
