63.9;123.7;276.8;0.0
93.5;160.1;164.2;0.0
129.6;261.2;445.9;0.0
352.9;155.9;307.4;0.0
0.0;155.9;0.0;0.0
0.0;155.9;0.1;0.0
0.0;155.9;0.0;0.0
0.0;155.9;13.2;0.0
0.0;155.9;12.0;0.0
55.0;155.9;7.7;0.0
0.0;155.9;7.0;0.0
0.0;155.9;4.4;0.0
0.0;155.9;6.0;0.0
0.0;155.9;4.4;0.0
0.0;155.9;7.0;0.0
0.0;155.9;5.5;0.0
435.0;189.9;2.0;0.0
345.4;159.6;1.5;0.0
360.0;159.6;37.2;0.0
100.2;159.8;44.0;0.0
77.2;159.8;0.0;0.0
71.2;159.8;0.0;0.0
56.1;159.8;0.0;0.0
81.6;159.8;0.0;0.0
50.0;159.8;0.0;0.0
400.0;159.8;12.0;0.0
84.9;160.1;48.1;0.0
163.9;160.8;62.8;0.0
165.0;161.0;1.1;0.0
0.0;161.0;13.0;0.0
0.0;161.0;14.3;0.0
0.0;161.0;7.0;0.0
0.0;161.0;7.7;0.0
50.0;161.0;6.0;0.0
0.0;161.0;6.6;0.0
0.0;161.0;7.0;0.0
0.0;161.0;4.4;0.0
247.0;161.0;2.0;0.0
470.0;385.0;532.5;40.0
494.0;1022.0;32248.0;0.0
455.0;1332.5;30412.2;0.0
476.0;1337.5;6.0;1960.0
512.0;1337.5;13.0;3400.0
514.0;415.5;0.0;0.0
0.0;161.5;0.0;0.0
0.0;161.5;0.0;0.0
0.0;161.5;0.0;0.0
0.0;161.5;0.0;0.0
0.0;161.5;0.0;0.0
0.0;161.5;0.0;0.0
0.0;161.5;0.0;0.0
0.0;161.5;0.0;0.0
0.0;161.5;0.0;0.0
0.0;161.5;0.0;0.0
0.0;161.5;0.0;0.0
0.0;161.5;0.0;0.0
0.0;161.5;0.0;0.0
0.0;161.5;0.0;0.0
0.0;161.5;0.0;0.0
0.0;161.5;0.0;0.0
0.0;161.5;0.0;0.0
0.0;161.5;0.0;0.0
0.0;161.5;0.0;0.0
0.0;161.5;0.0;0.0
0.0;161.5;0.0;0.0
0.0;161.5;0.0;0.0
0.0;161.5;0.0;0.0
0.0;161.5;0.0;0.0
0.0;161.5;0.0;0.0
0.0;161.5;0.0;0.0
0.0;161.5;0.0;0.0
0.0;161.5;0.0;0.0
0.0;161.5;0.0;0.0
0.0;161.5;0.0;0.0
0.0;161.5;0.0;0.0
0.0;161.5;0.0;0.0
0.0;161.5;0.0;0.0
0.0;161.5;0.0;0.0
0.0;161.5;0.0;0.0
0.0;161.5;0.0;0.0
0.0;161.5;0.0;0.0
0.0;161.5;0.0;0.0
0.0;161.5;0.0;0.0
0.0;161.5;0.0;0.0
0.0;161.5;0.0;0.0
0.0;161.5;0.0;0.0
0.0;161.5;0.0;0.0
0.0;161.5;0.0;0.0
0.0;161.5;0.0;0.0
0.0;161.5;0.0;0.0
0.0;161.5;0.0;0.0
0.0;161.5;0.0;0.0
0.0;161.5;0.0;0.0
0.0;161.5;0.0;0.0
0.0;161.5;0.0;0.0
0.0;161.5;0.0;0.0
0.0;161.5;0.0;0.0
0.0;161.5;0.0;0.0
0.0;161.5;0.0;0.0
0.0;161.5;0.0;0.0
