80.0;100.1;117.8;0.0
50.0;151.7;194.7;0.0
98.9;182.1;158.6;0.0
98.9;252.9;215.6;0.0
163.9;156.1;268.4;0.0
0.0;156.1;1.0;0.0
0.0;156.1;1.1;0.0
0.0;156.1;0.0;0.0
0.0;156.1;1.3;0.0
0.0;156.1;0.0;0.0
0.0;156.1;0.7;0.0
0.0;156.1;0.0;0.0
0.0;156.1;0.5;0.0
0.0;156.1;0.0;0.0
0.0;156.1;4.6;0.0
0.0;156.1;0.0;0.0
380.0;191.1;3.6;0.0
148.0;197.1;6.0;0.0
253.9;178.0;57.2;0.0
92.0;159.7;3.3;0.0
497.0;160.2;61.2;0.0
553.9;160.4;64.0;0.0
295.0;160.4;1.0;0.0
522.5;160.4;1.0;0.0
564.3;160.4;0.0;0.0
547.8;160.4;13.0;0.0
545.6;160.4;0.0;0.0
548.9;160.4;7.0;0.0
547.8;160.4;0.0;0.0
110.0;160.4;27.0;0.0
273.9;161.3;41.8;0.0
0.0;161.3;6.1;0.0
0.0;161.3;0.0;0.0
149.0;161.3;11.2;0.0
499.0;355.3;215.0;40.0
511.0;706.3;1898.7;0.0
482.0;709.3;16094.0;0.0
498.0;1020.3;4420.6;0.0
509.0;1020.3;3700.0;0.0
512.0;1020.3;3516.4;0.0
472.0;1020.3;4463.0;0.0
532.0;1020.3;3958.5;0.0
488.0;1020.3;5024.0;0.0
453.0;1015.8;3446.3;0.0
497.0;1018.8;5555.0;0.0
543.0;1018.8;3658.0;0.0
463.0;1018.8;4044.0;0.0
518.0;1333.8;1749.0;680.0
483.0;1333.8;8.0;2560.0
496.0;1333.8;6.0;1920.0
540.0;416.8;3.0;200.0
0.0;161.8;0.0;0.0
0.0;161.8;0.0;0.0
0.0;161.8;0.0;0.0
0.0;161.8;0.0;0.0
0.0;161.8;0.0;0.0
0.0;161.8;0.0;0.0
0.0;161.8;0.0;0.0
0.0;161.8;0.0;0.0
0.0;161.8;0.0;0.0
0.0;161.8;0.0;0.0
0.0;161.8;0.0;0.0
0.0;161.8;0.0;0.0
0.0;161.8;0.0;0.0
0.0;161.8;0.0;0.0
0.0;161.8;0.0;0.0
0.0;161.8;0.0;0.0
0.0;161.8;0.0;0.0
0.0;161.8;0.0;0.0
0.0;161.8;0.0;0.0
0.0;161.8;0.0;0.0
0.0;161.8;0.0;0.0
0.0;161.8;0.0;0.0
0.0;161.8;0.0;0.0
0.0;161.8;0.0;0.0
0.0;161.8;0.0;0.0
0.0;161.8;0.0;0.0
0.0;161.8;0.0;0.0
0.0;161.8;0.0;0.0
0.0;161.8;0.0;0.0
0.0;161.8;0.0;0.0
0.0;161.8;0.0;0.0
0.0;161.8;0.0;0.0
0.0;161.8;0.0;0.0
0.0;161.8;0.0;0.0
0.0;161.8;0.0;0.0
0.0;161.8;0.0;0.0
0.0;161.8;0.0;0.0
0.0;161.8;0.0;0.0
0.0;161.8;0.0;0.0
0.0;161.8;0.0;0.0
0.0;161.8;0.0;0.0
0.0;161.8;0.0;0.0
0.0;161.8;0.0;0.0
0.0;161.8;0.0;0.0
0.0;161.8;0.0;0.0
0.0;161.8;0.0;0.0
0.0;161.8;0.0;0.0
0.0;161.8;0.0;0.0
0.0;161.8;0.0;0.0
