100.8;263.4;1069.4;0.0
281.6;513.2;100.3;0.0
847.8;356.7;659.2;0.0
490.6;250.5;240.9;0.0
218.9;156.7;253.1;0.0
0.0;156.7;0.0;0.0
0.0;156.7;11.1;0.0
0.0;156.7;0.0;0.0
0.0;156.7;7.3;0.0
0.0;156.7;0.0;0.0
0.0;156.7;1.7;0.0
0.0;156.7;0.0;0.0
0.0;156.7;3.6;0.0
0.0;156.7;0.0;0.0
276.0;191.7;4.7;0.0
0.0;191.7;41.0;0.0
507.0;198.7;16.7;0.0
491.0;198.7;0.0;0.0
486.0;198.7;2.2;0.0
74.8;159.5;0.0;0.0
375.0;160.1;6.6;0.0
443.0;160.5;56.8;0.0
498.9;160.7;62.0;0.0
307.2;160.7;1.0;0.0
541.2;160.7;1.0;0.0
543.4;160.7;0.0;0.0
592.9;160.7;13.0;0.0
550.0;160.7;0.0;0.0
550.0;160.7;7.0;0.0
275.0;160.7;13.2;0.0
264.0;161.4;54.5;0.0
53.9;161.7;1.1;0.0
0.0;161.7;8.0;0.0
0.0;161.7;12.1;0.0
180.0;161.7;3.0;0.0
466.0;378.7;531.7;40.0
499.0;1015.7;46575.0;0.0
498.0;1329.7;15605.4;0.0
497.0;1028.7;19.0;5680.0
538.0;379.7;4.4;0.0
0.0;161.7;0.0;0.0
0.0;161.7;0.5;0.0
0.0;161.7;0.0;0.0
0.0;161.7;0.0;0.0
0.0;162.2;0.2;0.0
0.0;162.2;0.0;0.0
0.0;162.2;0.0;0.0
0.0;162.2;0.0;0.0
0.0;162.2;0.0;0.0
0.0;162.2;0.0;0.0
0.0;162.2;0.0;0.0
0.0;162.2;0.0;0.0
0.0;162.2;0.0;0.0
0.0;162.2;0.0;0.0
0.0;162.2;0.0;0.0
0.0;162.2;0.0;0.0
0.0;162.2;0.0;0.0
0.0;162.2;0.0;0.0
0.0;162.2;0.0;0.0
0.0;162.2;0.0;0.0
0.0;162.2;0.0;0.0
0.0;162.2;0.0;0.0
0.0;162.2;0.0;0.0
0.0;162.2;0.0;0.0
0.0;162.2;0.0;0.0
0.0;162.2;0.0;0.0
0.0;162.2;0.0;0.0
0.0;162.2;0.0;0.0
0.0;162.2;0.0;0.0
0.0;162.2;0.0;0.0
0.0;162.2;0.0;0.0
0.0;162.2;0.0;0.0
0.0;162.2;0.0;0.0
0.0;162.2;0.0;0.0
0.0;162.2;0.0;0.0
0.0;162.2;0.0;0.0
0.0;162.2;0.0;0.0
0.0;162.2;0.0;0.0
0.0;162.2;0.0;0.0
0.0;162.2;0.0;0.0
0.0;162.2;0.0;0.0
0.0;162.2;0.0;0.0
0.0;162.2;0.0;0.0
0.0;162.2;0.0;0.0
0.0;162.2;0.0;0.0
0.0;162.2;0.0;0.0
0.0;162.2;0.0;0.0
0.0;162.2;0.0;0.0
0.0;162.2;0.0;0.0
0.0;162.2;0.0;0.0
0.0;162.2;0.0;0.0
0.0;162.2;0.0;0.0
0.0;162.2;0.0;0.0
0.0;162.2;0.0;0.0
0.0;162.2;0.0;0.0
0.0;162.2;0.0;0.0
0.0;162.2;0.0;0.0
0.0;162.2;0.0;0.0
0.0;162.2;0.0;0.0
0.0;162.2;0.0;0.0
