65.9;329.5;1238.6;0.0
258.6;508.6;571.8;0.0
848.7;350.7;545.4;0.0
550.0;156.0;482.9;0.0
0.0;156.0;1.0;0.0
0.0;156.0;0.0;0.0
0.0;156.0;12.1;0.0
0.0;156.0;0.0;0.0
0.0;156.0;7.3;0.0
0.0;156.0;0.0;0.0
0.0;156.0;2.7;0.0
0.0;156.0;0.0;0.0
0.0;156.0;2.5;0.0
0.0;156.0;0.0;0.0
320.0;195.0;1.3;0.0
92.0;202.0;64.0;0.0
495.0;202.0;4.4;0.0
50.0;202.0;11.0;0.0
199.1;175.9;58.2;0.0
241.9;180.5;2.3;0.0
0.0;180.5;0.0;0.0
0.0;180.5;0.0;0.0
0.0;180.5;0.0;0.0
0.0;180.5;0.0;0.0
0.0;180.5;0.0;0.0
0.0;180.5;0.0;0.0
0.0;180.5;0.0;0.0
0.0;180.5;0.0;0.0
0.0;180.5;0.0;0.0
0.0;180.5;0.0;0.0
0.0;180.5;0.0;0.0
0.0;180.5;0.0;0.0
0.0;180.5;0.0;0.0
0.0;180.5;0.0;0.0
0.0;180.5;0.0;0.0
0.0;180.5;0.0;0.0
0.0;180.5;0.0;0.0
0.0;180.5;0.0;0.0
0.0;180.5;0.0;0.0
0.0;180.5;0.0;0.0
0.0;180.5;0.0;0.0
0.0;180.5;0.0;0.0
0.0;180.5;0.0;0.0
0.0;180.5;0.0;0.0
0.0;180.5;0.0;0.0
0.0;180.5;0.0;0.0
0.0;180.5;0.0;0.0
0.0;180.5;0.0;0.0
0.0;180.5;0.0;0.0
0.0;180.5;0.0;0.0
0.0;180.5;0.0;0.0
0.0;180.5;0.0;0.0
0.0;180.5;0.0;0.0
0.0;180.5;0.0;0.0
0.0;180.5;0.0;0.0
0.0;180.5;0.0;0.0
0.0;180.5;0.0;0.0
0.0;180.5;0.0;0.0
0.0;180.5;0.0;0.0
0.0;180.5;0.0;0.0
0.0;180.5;0.0;0.0
0.0;180.5;0.0;0.0
0.0;180.5;0.0;0.0
0.0;180.5;0.0;0.0
0.0;180.5;0.0;0.0
0.0;180.5;0.0;0.0
0.0;180.5;0.0;0.0
0.0;180.5;0.0;0.0
0.0;180.5;2.2;0.0
110.0;160.2;63.9;0.0
539.0;160.2;0.0;0.0
492.2;160.2;12.0;0.0
592.9;160.2;7.0;0.0
493.9;160.2;0.0;0.0
588.5;160.2;0.0;0.0
570.9;160.2;6.0;0.0
536.8;160.2;0.0;0.0
163.9;160.2;6.2;0.0
325.6;161.1;63.8;0.0
193.0;161.1;1.1;0.0
450.0;355.1;385.0;40.0
524.0;705.1;277.2;0.0
488.0;708.1;14490.0;0.0
502.0;1019.1;7327.7;0.0
511.0;1019.1;4712.0;0.0
499.0;1019.1;3338.4;0.0
472.0;1019.1;4498.0;0.0
530.0;1019.1;4656.4;0.0
470.0;1019.1;3580.0;0.0
500.0;1019.1;3462.4;0.0
495.0;1019.1;3620.0;0.0
508.0;1017.6;4336.2;0.0
499.0;1017.6;3556.0;0.0
495.0;1330.6;3473.0;0.0
525.0;1333.6;6.0;1960.0
484.0;1333.6;8.0;2560.0
496.0;1028.6;5.0;1040.0
0.0;161.6;0.0;0.0
0.0;161.6;0.0;0.0
0.0;161.6;0.0;0.0
