97.9;462.3;1308.2;0.0
393.9;494.3;77.2;0.0
149.8;569.3;491.1;0.0
933.9;356.9;710.6;0.0
547.8;209.3;377.4;0.0
110.0;155.9;116.6;0.0
0.0;155.9;12.0;0.0
0.0;155.9;1.1;0.0
0.0;155.9;7.0;0.0
0.0;155.9;14.3;0.0
0.0;155.9;7.0;0.0
0.0;155.9;7.7;0.0
0.0;155.9;8.0;0.0
0.0;155.9;5.5;0.0
149.0;187.9;2.0;0.0
349.0;193.9;0.5;0.0
50.0;198.9;63.0;0.0
499.0;200.9;4.4;0.0
499.0;200.9;0.0;0.0
369.3;158.8;2.2;0.0
85.8;159.4;3.3;0.0
473.0;160.1;69.3;0.0
60.4;160.1;0.0;0.0
444.4;160.1;31.0;0.0
250.0;160.1;39.0;0.0
547.8;160.1;1.0;0.0
602.8;160.1;0.0;0.0
530.2;160.1;12.0;0.0
533.5;160.1;9.9;0.0
55.0;160.1;45.8;0.0
273.9;161.0;13.2;0.0
0.0;161.0;6.0;0.0
0.0;161.0;0.0;0.0
0.0;161.0;9.0;0.0
0.0;161.0;0.0;0.0
50.0;161.0;2.0;0.0
491.0;258.0;153.0;40.0
500.0;1019.0;27290.0;0.0
496.0;1330.0;33355.0;0.0
516.0;1338.0;19.0;5320.0
466.0;382.0;0.0;0.0
0.0;161.0;0.0;0.0
0.0;161.0;0.0;0.0
0.0;161.0;0.0;0.0
0.0;161.0;0.0;0.0
0.0;161.0;0.0;0.0
0.0;161.0;0.0;0.0
0.0;161.0;0.0;0.0
0.0;161.0;0.0;0.0
0.0;161.0;0.0;0.0
0.0;161.0;0.0;0.0
0.0;161.0;0.0;0.0
0.0;161.0;0.0;0.0
0.0;161.0;0.0;0.0
0.0;161.0;0.0;0.0
0.0;161.0;0.0;0.0
0.0;161.0;0.0;0.0
0.0;161.0;0.0;0.0
0.0;161.0;0.0;0.0
0.0;161.0;0.0;0.0
0.0;161.0;0.0;0.0
0.0;161.0;0.0;0.0
0.0;161.0;0.0;0.0
0.0;161.0;0.0;0.0
0.0;161.0;0.0;0.0
0.0;161.0;0.0;0.0
0.0;161.0;0.0;0.0
0.0;161.0;0.0;0.0
0.0;161.0;0.0;0.0
0.0;161.0;0.0;0.0
0.0;161.0;0.0;0.0
0.0;161.0;0.0;0.0
0.0;161.0;0.0;0.0
0.0;161.0;0.0;0.0
0.0;161.0;0.0;0.0
0.0;161.0;0.0;0.0
0.0;161.0;0.0;0.0
0.0;161.0;0.0;0.0
0.0;161.0;0.0;0.0
0.0;161.0;0.0;0.0
0.0;161.0;0.1;0.0
0.0;161.0;0.0;0.0
0.0;161.0;1.1;0.0
0.0;161.0;0.0;0.0
0.0;161.0;0.7;0.0
0.0;161.0;0.0;0.0
0.0;161.0;0.5;0.0
0.0;161.0;0.0;0.0
0.0;161.0;0.6;0.0
0.0;161.0;0.0;0.0
0.0;161.0;0.4;0.0
0.0;161.0;0.0;0.0
0.0;161.5;0.2;0.0
0.0;161.5;0.0;0.0
0.0;161.5;0.0;0.0
0.0;161.5;0.0;0.0
0.0;161.5;0.0;0.0
0.0;161.5;0.0;0.0
0.0;161.5;0.0;0.0
0.0;161.5;0.0;0.0
