67.8;295.8;1174.7;0.0
226.9;586.4;328.3;0.0
762.3;410.5;842.3;0.0
715.0;307.9;282.7;0.0
331.7;156.5;440.1;0.0
0.0;156.5;0.0;0.0
55.0;156.5;11.1;0.0
0.0;156.5;7.0;0.0
0.0;156.5;0.0;0.0
0.0;156.5;9.3;0.0
0.0;156.5;0.0;0.0
0.0;156.5;1.7;0.0
0.0;156.5;0.0;0.0
352.0;193.5;2.6;0.0
0.0;197.5;23.0;0.0
482.0;200.5;34.6;0.0
492.0;200.5;1.0;0.0
48.0;200.5;25.5;0.0
249.0;209.5;39.0;0.0
160.6;183.4;1.2;0.0
440.0;178.9;3.3;0.0
55.0;160.3;55.2;0.0
576.4;160.6;0.0;0.0
541.2;160.6;7.0;0.0
511.5;160.6;0.0;0.0
547.8;160.6;4.0;0.0
575.3;160.6;1.1;0.0
48.0;160.6;5.1;0.0
323.4;161.5;64.9;0.0
385.0;224.5;155.1;40.0
470.0;392.5;385.0;0.0
521.0;708.5;10313.3;0.0
499.0;711.5;10951.0;0.0
498.0;1019.5;2550.7;0.0
475.0;1019.5;3796.0;0.0
530.0;1019.5;4838.4;0.0
499.0;1019.5;3132.0;0.0
486.0;1019.5;4026.4;0.0
500.0;1019.5;4372.0;0.0
496.0;1022.5;3148.4;0.0
494.0;1022.5;5514.0;0.0
531.0;1018.0;4298.2;0.0
474.0;1018.0;5088.0;0.0
497.0;1333.0;541.0;1320.0
498.0;1333.0;8.0;2560.0
500.0;1333.0;4.0;1280.0
540.0;419.0;3.0;480.0
0.0;162.0;0.0;0.0
0.0;162.0;0.0;0.0
0.0;162.0;0.0;0.0
0.0;162.0;0.0;0.0
0.0;162.0;0.0;0.0
0.0;162.0;0.0;0.0
0.0;162.0;0.0;0.0
0.0;162.0;0.0;0.0
0.0;162.0;0.0;0.0
0.0;162.0;0.0;0.0
0.0;162.0;0.0;0.0
0.0;162.0;0.0;0.0
0.0;162.0;0.0;0.0
0.0;162.0;0.0;0.0
0.0;162.0;0.0;0.0
0.0;162.0;0.0;0.0
0.0;162.0;0.0;0.0
0.0;162.0;0.0;0.0
0.0;162.0;0.0;0.0
0.0;162.0;0.0;0.0
0.0;162.0;0.0;0.0
0.0;162.0;0.0;0.0
0.0;162.0;0.0;0.0
0.0;162.0;0.0;0.0
0.0;162.0;0.0;0.0
0.0;162.0;0.0;0.0
0.0;162.0;0.0;0.0
0.0;162.0;0.0;0.0
0.0;162.0;0.0;0.0
0.0;162.0;0.0;0.0
0.0;162.0;0.0;0.0
0.0;162.0;0.0;0.0
0.0;162.0;0.0;0.0
0.0;162.0;0.0;0.0
0.0;162.0;0.0;0.0
0.0;162.0;0.0;0.0
0.0;162.0;0.0;0.0
0.0;162.0;0.0;0.0
0.0;162.0;0.0;0.0
0.0;162.0;0.0;0.0
0.0;162.0;0.0;0.0
0.0;162.0;0.0;0.0
0.0;162.0;0.0;0.0
0.0;162.0;0.0;0.0
0.0;162.0;0.0;0.0
0.0;162.0;0.0;0.0
0.0;162.0;0.0;0.0
0.0;162.0;0.0;0.0
0.0;162.0;0.0;0.0
0.0;162.0;0.0;0.0
0.0;162.0;0.0;0.0
0.0;162.0;0.0;0.0
0.0;162.0;0.0;0.0
