185.0;285.8;1143.3;0.0
348.0;422.3;384.0;0.0
589.6;357.0;419.6;0.0
550.0;237.3;290.4;0.0
60.0;156.0;203.6;0.0
0.0;156.0;0.0;0.0
0.0;156.0;11.1;0.0
0.0;156.0;0.0;0.0
0.0;156.0;7.3;0.0
0.0;156.0;0.0;0.0
0.0;156.0;1.7;0.0
0.0;156.0;0.0;0.0
0.0;156.0;1.6;0.0
0.0;156.0;0.0;0.0
149.0;186.0;1.4;0.0
399.0;194.0;5.0;0.0
0.0;194.0;16.4;0.0
0.0;194.0;0.0;0.0
287.1;158.9;1.1;0.0
132.0;159.4;36.3;0.0
493.0;159.4;0.0;0.0
561.0;159.4;0.0;0.0
0.0;159.4;30.0;0.0
249.0;179.4;41.0;0.0
0.0;179.4;1.0;0.0
0.0;179.4;0.0;0.0
0.0;179.4;13.0;0.0
0.0;179.4;6.0;0.0
0.0;179.4;1.0;0.0
0.0;179.4;6.0;0.0
0.0;179.4;0.0;0.0
0.0;179.4;5.0;0.0
0.0;179.4;0.0;0.0
0.0;184.4;3.0;0.0
484.0;268.4;156.0;40.0
499.0;1034.4;28252.0;0.0
500.0;1349.4;34771.0;0.0
500.0;1352.4;19.0;5320.0
520.0;406.4;0.0;0.0
0.0;159.4;0.0;0.0
0.0;159.4;0.0;0.0
0.0;159.4;0.0;0.0
0.0;159.4;0.0;0.0
0.0;159.4;0.0;0.0
0.0;159.4;0.0;0.0
0.0;159.4;0.0;0.0
0.0;159.4;0.0;0.0
0.0;159.4;0.0;0.0
0.0;159.4;0.0;0.0
0.0;159.4;0.0;0.0
0.0;159.4;0.0;0.0
0.0;159.4;0.0;0.0
0.0;159.4;0.0;0.0
0.0;159.4;0.0;0.0
0.0;159.4;0.0;0.0
0.0;159.4;0.0;0.0
0.0;159.4;0.0;0.0
0.0;159.4;0.0;0.0
0.0;159.4;0.0;0.0
0.0;159.4;0.0;0.0
0.0;159.4;0.0;0.0
0.0;159.4;0.0;0.0
0.0;159.4;0.0;0.0
0.0;159.4;0.0;0.0
0.0;159.4;0.0;0.0
0.0;159.4;0.0;0.0
0.0;159.4;0.0;0.0
0.0;159.4;0.0;0.0
0.0;159.4;0.0;0.0
0.0;159.4;0.3;0.0
0.0;159.4;1.9;0.0
0.0;159.4;0.0;0.0
0.0;159.4;0.0;0.0
39.0;160.1;4.0;0.0
49.0;160.1;0.0;0.0
50.0;160.1;0.0;0.0
48.8;160.1;0.0;0.0
49.9;160.1;0.0;0.0
49.9;160.1;0.0;0.0
50.0;160.1;0.0;0.0
39.8;160.1;1.1;0.0
0.0;160.1;2.5;0.0
29.9;161.0;3.4;0.0
0.0;161.0;0.0;0.0
0.0;161.0;0.0;0.0
0.0;161.0;0.0;0.0
0.0;161.0;0.0;0.0
0.0;161.0;0.0;0.0
0.0;161.0;0.0;0.0
0.0;161.0;0.1;0.0
0.0;161.0;0.0;0.0
0.0;161.0;1.3;0.0
0.0;161.0;0.0;0.0
0.0;161.0;0.7;0.0
0.0;161.0;0.0;0.0
0.0;161.0;0.6;0.0
0.0;161.0;0.0;0.0
0.0;161.0;0.6;0.0
0.0;161.0;0.0;0.0
0.0;161.0;0.5;0.0
