48.0;358.9;1204.4;0.0
243.9;595.4;287.4;0.0
587.4;452.7;835.7;0.0
932.8;313.2;471.9;0.0
438.9;156.6;440.1;0.0
0.0;156.6;0.0;0.0
0.0;156.6;11.1;0.0
0.0;156.6;0.0;0.0
0.0;156.6;7.0;0.0
0.0;156.6;14.3;0.0
0.0;156.6;5.0;0.0
0.0;156.6;7.7;0.0
0.0;156.6;7.0;0.0
0.0;156.6;4.4;0.0
364.0;192.6;2.1;0.0
50.0;197.6;61.3;0.0
482.0;199.6;5.5;0.0
498.0;199.6;0.0;0.0
511.0;199.6;0.0;0.0
68.6;159.4;1.1;0.0
396.0;160.0;6.6;0.0
495.0;160.0;59.4;0.0
200.0;160.6;11.0;0.0
350.0;160.6;61.0;0.0
497.8;160.6;1.0;0.0
550.0;160.6;0.0;0.0
547.8;160.6;14.0;0.0
550.0;160.6;0.0;0.0
578.6;160.6;7.0;0.0
328.9;160.6;13.2;0.0
220.0;161.4;63.8;0.0
110.0;161.6;5.1;0.0
0.0;161.6;0.0;0.0
0.0;161.6;5.2;0.0
0.0;161.6;0.0;0.0
485.0;243.6;142.7;40.0
503.0;1017.6;28914.0;0.0
495.0;1330.6;33627.4;0.0
495.0;1335.6;2.2;1320.0
480.0;1335.6;8.4;3840.0
505.0;1031.6;1.2;200.0
0.0;161.6;0.1;0.0
0.0;161.6;0.4;0.0
0.0;162.1;0.2;0.0
0.0;162.1;0.0;0.0
0.0;162.1;0.0;0.0
0.0;162.1;0.0;0.0
0.0;162.1;0.0;0.0
0.0;162.1;0.0;0.0
0.0;162.1;0.0;0.0
0.0;162.1;0.0;0.0
0.0;162.1;0.0;0.0
0.0;162.1;0.0;0.0
0.0;162.1;0.0;0.0
0.0;162.1;0.0;0.0
0.0;162.1;0.0;0.0
0.0;162.1;0.0;0.0
0.0;162.1;0.0;0.0
0.0;162.1;0.0;0.0
0.0;162.1;0.0;0.0
0.0;162.1;0.0;0.0
0.0;162.1;0.0;0.0
0.0;162.1;0.0;0.0
0.0;162.1;0.0;0.0
0.0;162.1;0.0;0.0
0.0;162.1;0.0;0.0
0.0;162.1;0.0;0.0
0.0;162.1;0.0;0.0
0.0;162.1;0.0;0.0
0.0;162.1;0.0;0.0
0.0;162.1;0.0;0.0
0.0;162.1;0.0;0.0
0.0;162.1;0.0;0.0
0.0;162.1;0.0;0.0
0.0;162.1;0.0;0.0
0.0;162.1;0.0;0.0
0.0;162.1;0.0;0.0
0.0;162.1;0.0;0.0
0.0;162.1;0.0;0.0
0.0;162.1;0.0;0.0
0.0;162.1;0.0;0.0
0.0;162.1;0.0;0.0
0.0;162.1;0.0;0.0
0.0;162.1;0.0;0.0
0.0;162.1;0.0;0.0
0.0;162.1;0.0;0.0
0.0;162.1;0.0;0.0
0.0;162.1;0.0;0.0
0.0;162.1;0.0;0.0
0.0;162.1;0.0;0.0
0.0;162.1;0.0;0.0
0.0;162.1;0.0;0.0
0.0;162.1;0.0;0.0
0.0;162.1;0.0;0.0
0.0;162.1;0.0;0.0
0.0;162.1;0.0;0.0
0.0;162.1;0.0;0.0
0.0;162.1;0.0;0.0
0.0;162.1;0.0;0.0
0.0;162.1;0.0;0.0
