57.0;265.1;386.6;0.0
87.3;319.6;493.6;0.0
393.6;353.9;561.0;0.0
394.7;173.8;622.0;0.0
0.0;156.3;20.9;0.0
0.0;156.3;1.0;0.0
0.0;156.3;1.1;0.0
0.0;156.3;0.0;0.0
49.0;156.3;1.2;0.0
0.0;156.3;0.0;0.0
0.0;156.3;0.7;0.0
0.0;156.3;0.0;0.0
0.0;156.3;1.5;0.0
0.0;156.3;0.0;0.0
0.0;156.3;1.6;0.0
0.0;156.3;0.0;0.0
400.0;193.3;2.5;0.0
50.0;197.3;64.0;0.0
62.4;159.1;3.3;0.0
345.9;159.7;15.4;0.0
238.8;160.3;56.1;0.0
50.0;160.3;0.0;0.0
50.0;160.3;0.0;0.0
61.0;160.3;0.0;0.0
386.2;160.3;12.0;0.0
301.0;160.3;60.0;0.0
541.2;160.3;1.0;0.0
550.0;160.3;12.1;0.0
0.0;160.6;55.2;0.0
273.9;161.2;0.0;0.0
0.0;161.2;6.1;0.0
0.0;161.2;0.0;0.0
8.0;161.2;8.2;0.0
0.0;161.2;0.0;0.0
0.0;161.2;1.7;0.0
0.0;161.2;0.0;0.0
50.0;161.2;3.6;0.0
449.0;261.2;147.0;40.0
499.0;393.2;378.7;0.0
508.0;706.2;16516.0;0.0
509.0;1018.2;5869.6;0.0
489.0;1018.2;3568.0;0.0
529.0;1013.7;3816.2;0.0
500.0;1013.7;3854.0;0.0
492.0;1013.7;4688.0;0.0
501.0;1013.7;3580.0;0.0
499.0;1013.7;3858.0;0.0
491.0;1013.7;4050.0;0.0
500.0;1016.7;3702.0;0.0
550.0;1016.7;3674.0;0.0
500.0;1321.7;4011.0;0.0
460.0;1331.7;16.0;1960.0
528.0;1331.7;8.0;2560.0
494.0;1026.7;5.0;800.0
0.0;161.7;0.0;0.0
0.0;161.7;0.0;0.0
0.0;161.7;0.0;0.0
0.0;161.7;0.0;0.0
0.0;161.7;0.0;0.0
0.0;161.7;0.0;0.0
0.0;161.7;0.0;0.0
0.0;161.7;0.0;0.0
0.0;161.7;0.0;0.0
0.0;161.7;0.0;0.0
0.0;161.7;0.0;0.0
0.0;161.7;0.0;0.0
0.0;161.7;0.0;0.0
0.0;161.7;0.0;0.0
0.0;161.7;0.0;0.0
0.0;161.7;0.0;0.0
0.0;161.7;0.0;0.0
0.0;161.7;0.0;0.0
0.0;161.7;0.0;0.0
0.0;161.7;0.0;0.0
0.0;161.7;0.0;0.0
0.0;161.7;0.0;0.0
0.0;161.7;0.0;0.0
0.0;161.7;0.0;0.0
0.0;161.7;0.0;0.0
0.0;161.7;0.0;0.0
0.0;161.7;0.0;0.0
0.0;161.7;0.0;0.0
0.0;161.7;0.0;0.0
0.0;161.7;0.0;0.0
0.0;161.7;0.0;0.0
0.0;161.7;0.0;0.0
0.0;161.7;0.0;0.0
0.0;161.7;0.0;0.0
0.0;161.7;0.0;0.0
0.0;161.7;0.0;0.0
0.0;161.7;0.0;0.0
0.0;161.7;0.0;0.0
0.0;161.7;0.0;0.0
0.0;161.7;0.0;0.0
0.0;161.7;0.0;0.0
0.0;161.7;0.0;0.0
0.0;161.7;0.0;0.0
0.0;161.7;0.0;0.0
0.0;161.7;0.0;0.0
0.0;161.7;0.0;0.0
