158.9;357.2;334.8;0.0
93.7;302.6;514.4;0.0
455.1;342.1;763.6;0.0
353.3;172.9;625.3;0.0
0.0;156.2;22.0;0.0
0.0;156.2;0.0;0.0
0.0;156.2;1.0;0.0
0.0;156.2;0.0;0.0
0.0;156.2;12.0;0.0
0.0;156.2;0.0;0.0
0.0;156.2;7.0;0.0
0.0;156.2;0.0;0.0
0.0;156.2;5.0;0.0
0.0;156.2;0.0;0.0
0.0;156.2;8.0;0.0
0.0;156.2;0.0;0.0
200.0;189.2;3.0;0.0
299.0;194.2;5.0;0.0
274.0;201.2;59.0;0.0
500.0;201.2;0.0;0.0
449.0;201.2;0.0;0.0
498.0;201.2;0.0;0.0
484.0;201.2;0.0;0.0
520.0;201.2;0.0;0.0
472.0;201.2;0.0;0.0
348.0;201.2;11.0;0.0
149.0;207.2;59.0;0.0
149.0;209.2;1.0;0.0
0.0;209.2;0.0;0.0
0.0;209.2;12.0;0.0
0.0;209.2;0.0;0.0
0.0;209.2;0.0;0.0
0.0;209.2;7.0;0.0
0.0;209.2;5.0;0.0
0.0;209.2;1.0;0.0
0.0;209.2;6.0;0.0
0.0;209.2;0.0;0.0
92.0;214.2;3.0;0.0
447.0;382.2;173.0;40.0
479.0;441.2;367.0;0.0
498.0;752.2;11878.0;0.0
520.0;1063.2;9527.0;0.0
499.0;1063.2;3210.0;0.0
522.0;1063.2;3874.0;0.0
474.0;1063.2;3484.0;0.0
489.0;1063.2;5064.0;0.0
508.0;1063.2;4256.0;0.0
509.0;1063.2;4134.0;0.0
498.0;1066.2;3686.0;0.0
494.0;1066.2;3847.0;0.0
515.0;1066.2;3940.0;0.0
484.0;1066.2;4165.0;0.0
515.0;1381.2;1551.0;680.0
499.0;1381.2;8.0;2560.0
499.0;1381.2;6.0;1920.0
505.0;467.2;3.0;160.0
0.0;156.2;0.1;0.0
0.0;156.2;0.0;0.0
0.0;156.2;1.2;0.0
0.0;156.2;0.0;0.0
0.0;156.2;0.7;0.0
0.0;156.2;0.0;0.0
0.0;156.2;0.6;0.0
0.0;156.2;0.0;0.0
0.0;156.2;0.5;0.0
0.0;156.2;0.0;0.0
0.0;156.2;0.4;0.0
0.0;156.2;0.0;0.0
14.8;159.0;0.2;0.0
44.8;160.0;0.3;0.0
5.0;160.4;6.3;0.0
50.0;160.4;0.0;0.0
49.5;160.4;0.0;0.0
50.0;160.4;0.0;0.0
50.0;160.4;0.0;0.0
50.1;160.4;0.0;0.0
50.0;160.4;0.0;0.0
49.4;160.4;0.0;0.0
50.0;160.8;1.1;0.0
0.0;160.8;2.0;0.0
28.9;161.7;4.0;0.0
0.0;161.7;0.1;0.0
0.0;161.7;0.0;0.0
0.0;161.7;1.3;0.0
0.0;161.7;0.0;0.0
0.0;161.7;0.7;0.0
0.0;161.7;0.0;0.0
0.0;161.7;0.5;0.0
0.0;161.7;0.0;0.0
0.0;161.7;0.3;0.0
0.0;161.7;0.0;0.0
0.0;161.7;0.5;0.0
0.0;161.7;0.0;0.0
0.0;162.2;0.2;0.0
0.0;162.2;0.0;0.0
0.0;162.2;0.0;0.0
0.0;162.2;0.0;0.0
0.0;162.2;0.0;0.0
0.0;162.2;0.0;0.0
0.0;162.2;0.0;0.0
