100.5;267.5;1094.6;0.0
351.5;315.1;629.4;0.0
428.5;317.7;168.8;0.0
495.0;155.9;441.1;0.0
0.0;155.9;0.0;0.0
0.0;155.9;0.0;0.0
0.0;155.9;1.1;0.0
0.0;155.9;0.0;0.0
0.0;155.9;13.2;0.0
0.0;155.9;0.0;0.0
0.0;155.9;7.7;0.0
0.0;155.9;0.0;0.0
0.0;155.9;5.5;0.0
0.0;155.9;0.0;0.0
0.0;155.9;5.5;0.0
0.0;155.9;5.5;0.0
0.0;155.9;0.0;0.0
206.8;184.1;3.3;0.0
433.4;190.7;3.3;0.0
0.0;190.7;67.1;0.0
429.0;198.4;1.1;0.0
535.7;198.4;0.0;0.0
550.0;198.4;0.0;0.0
583.0;198.4;0.0;0.0
550.0;198.4;0.0;0.0
532.4;198.4;0.0;0.0
550.0;198.4;0.0;0.0
573.1;198.4;0.0;0.0
53.9;198.4;34.1;0.0
273.9;209.4;41.8;0.0
0.0;209.4;1.1;0.0
0.0;209.4;0.0;0.0
0.0;209.4;14.3;0.0
0.0;209.4;0.0;0.0
0.0;209.4;7.7;0.0
0.0;209.4;0.0;0.0
0.0;209.4;6.6;0.0
0.0;209.4;0.0;0.0
55.0;209.4;5.5;0.0
0.0;209.4;0.0;0.0
0.0;209.4;7.7;0.0
0.0;209.4;0.0;0.0
0.0;214.9;3.3;0.0
0.0;214.9;0.0;0.0
0.0;214.9;0.0;0.0
0.0;214.9;0.0;0.0
0.0;214.9;0.0;0.0
0.0;214.9;0.0;0.0
0.0;214.9;0.0;0.0
0.0;214.9;0.0;0.0
0.0;214.9;0.0;0.0
0.0;214.9;0.0;0.0
0.0;214.9;0.0;0.0
0.0;214.9;0.0;0.0
0.0;214.9;0.0;0.0
0.0;214.9;0.0;0.0
0.0;214.9;0.0;0.0
0.0;214.9;0.0;0.0
0.0;214.9;0.0;0.0
0.0;214.9;0.0;0.0
0.0;214.9;0.0;0.0
0.0;214.9;0.0;0.0
0.0;214.9;0.0;0.0
0.0;214.9;0.0;0.0
0.0;214.9;0.0;0.0
0.0;214.9;0.0;0.0
0.0;214.9;0.0;0.0
0.0;214.9;0.0;0.0
0.0;214.9;0.0;0.0
0.0;214.9;0.0;0.0
0.0;214.9;0.0;0.0
0.0;214.9;0.0;0.0
0.0;214.9;0.0;0.0
0.0;214.9;0.0;0.0
0.0;214.9;0.0;0.0
0.0;214.9;0.0;0.0
0.0;214.9;0.0;0.0
0.0;214.9;0.0;0.0
0.0;214.9;0.0;0.0
0.0;214.9;0.0;0.0
0.0;214.9;0.0;0.0
0.0;214.9;0.0;0.0
0.0;214.9;0.0;0.0
0.0;214.9;0.0;0.0
0.0;214.9;0.0;0.0
0.0;214.9;0.0;0.0
0.0;214.9;0.0;0.0
0.0;214.9;0.0;0.0
0.0;214.9;0.0;0.0
0.0;214.9;0.0;0.0
0.0;214.9;0.0;0.0
0.0;214.9;0.0;0.0
0.0;214.9;0.0;0.0
0.0;214.9;0.0;0.0
0.0;214.9;0.0;0.0
0.0;214.9;0.0;0.0
0.0;214.9;0.0;0.0
0.0;214.9;0.0;0.0
0.0;214.9;0.0;0.0
0.0;214.9;0.0;0.0
