74.9;171.8;477.7;0.0
54.9;201.4;149.5;0.0
89.9;378.8;154.8;0.0
713.9;291.2;218.7;0.0
273.9;156.7;424.6;0.0
0.0;156.7;1.0;0.0
0.0;156.7;1.1;0.0
50.0;156.7;13.0;0.0
0.0;156.7;14.3;0.0
0.0;156.7;7.0;0.0
0.0;156.7;7.7;0.0
0.0;156.7;6.0;0.0
0.0;156.7;4.4;0.0
0.0;156.7;9.0;0.0
0.0;156.7;5.5;0.0
186.0;179.7;2.0;0.0
299.0;185.7;1.4;0.0
199.0;193.7;56.1;0.0
479.0;193.7;3.3;0.0
69.8;160.1;0.0;0.0
408.0;160.1;27.5;0.0
183.8;160.7;46.2;0.0
76.0;160.7;0.0;0.0
60.9;160.7;0.0;0.0
429.6;160.7;30.0;0.0
293.7;160.7;41.0;0.0
548.9;160.7;1.0;0.0
580.8;160.7;0.0;0.0
385.0;160.7;3.1;0.0
160.6;161.3;67.1;0.0
218.9;161.7;1.1;0.0
0.0;161.7;7.0;0.0
0.0;161.7;4.4;0.0
0.0;161.7;3.8;0.0
0.0;161.7;0.0;0.0
50.0;161.7;1.7;0.0
0.0;161.7;4.4;0.0
299.0;180.7;82.1;40.0
495.0;1012.7;30778.5;0.0
494.0;1326.7;31399.0;0.0
511.0;1331.7;5.3;2600.0
489.0;1331.7;11.0;2680.0
530.0;405.2;2.2;0.0
0.0;162.2;0.0;0.0
0.0;162.2;0.0;0.0
0.0;162.2;0.0;0.0
0.0;162.2;0.0;0.0
0.0;162.2;0.0;0.0
0.0;162.2;0.0;0.0
0.0;162.2;0.0;0.0
0.0;162.2;0.0;0.0
0.0;162.2;0.0;0.0
0.0;162.2;0.0;0.0
0.0;162.2;0.0;0.0
0.0;162.2;0.0;0.0
0.0;162.2;0.0;0.0
0.0;162.2;0.0;0.0
0.0;162.2;0.0;0.0
0.0;162.2;0.0;0.0
0.0;162.2;0.0;0.0
0.0;162.2;0.0;0.0
0.0;162.2;0.0;0.0
0.0;162.2;0.0;0.0
0.0;162.2;0.0;0.0
0.0;162.2;0.0;0.0
0.0;162.2;0.0;0.0
0.0;162.2;0.0;0.0
0.0;162.2;0.0;0.0
0.0;162.2;0.0;0.0
0.0;162.2;0.0;0.0
0.0;162.2;0.0;0.0
0.0;162.2;0.0;0.0
0.0;162.2;0.0;0.0
0.0;162.2;0.0;0.0
0.0;162.2;0.0;0.0
0.0;162.2;0.0;0.0
0.0;162.2;0.0;0.0
0.0;162.2;0.0;0.0
0.0;162.2;0.0;0.0
0.0;162.2;0.0;0.0
0.0;162.2;0.0;0.0
0.0;162.2;0.0;0.0
0.0;162.2;0.0;0.0
0.0;162.2;0.0;0.0
0.0;162.2;0.0;0.0
0.0;162.2;0.0;0.0
0.0;162.2;0.0;0.0
0.0;162.2;0.0;0.0
0.0;162.2;0.0;0.0
0.0;162.2;0.0;0.0
0.0;162.2;0.0;0.0
0.0;162.2;0.0;0.0
0.0;162.2;0.0;0.0
0.0;162.2;0.0;0.0
0.0;162.2;0.0;0.0
0.0;162.2;0.0;0.0
0.0;162.2;0.0;0.0
0.0;162.2;0.0;0.0
0.0;162.2;0.0;0.0
0.0;162.2;0.0;0.0
