102.0;125.2;186.7;0.0
98.2;170.0;206.5;0.0
125.5;192.0;209.3;0.0
99.9;312.9;290.3;0.0
550.0;177.0;400.4;0.0
55.0;156.2;40.7;0.0
0.0;156.2;1.0;0.0
0.0;156.2;1.1;0.0
0.0;156.2;0.0;0.0
0.0;156.2;2.3;0.0
0.0;156.2;0.0;0.0
50.0;156.2;0.7;0.0
0.0;156.2;0.0;0.0
0.0;156.2;2.4;0.0
0.0;156.2;0.0;0.0
0.0;156.2;3.4;0.0
0.0;156.2;0.0;0.0
199.0;189.2;2.4;0.0
348.0;200.2;6.0;0.0
125.2;177.1;57.3;0.0
249.9;159.6;5.5;0.0
326.9;160.3;67.1;0.0
90.3;160.3;0.0;0.0
81.9;160.3;0.0;0.0
49.7;160.3;0.0;0.0
87.7;160.3;11.0;0.0
503.0;160.3;59.0;0.0
351.0;160.3;0.0;0.0
536.8;160.3;1.0;0.0
550.0;160.3;12.1;0.0
0.0;160.3;49.6;0.0
328.9;161.1;6.6;0.0
50.0;161.1;6.1;0.0
0.0;161.1;0.0;0.0
0.0;161.1;9.3;0.0
0.0;161.1;0.0;0.0
0.0;161.1;0.7;0.0
0.0;161.1;0.0;0.0
286.0;161.1;2.4;0.0
486.0;1023.1;24883.0;40.0
499.0;1027.1;35563.4;0.0
549.0;1339.1;1747.0;0.0
478.0;1342.1;3.3;1960.0
491.0;1342.1;8.0;2560.0
446.0;415.6;3.2;800.0
0.0;161.6;0.0;0.0
0.0;161.6;0.0;0.0
0.0;161.6;0.0;0.0
0.0;161.6;0.0;0.0
0.0;161.6;0.0;0.0
0.0;161.6;0.0;0.0
0.0;161.6;0.0;0.0
0.0;161.6;0.0;0.0
0.0;161.6;0.0;0.0
0.0;161.6;0.0;0.0
0.0;161.6;0.0;0.0
0.0;161.6;0.0;0.0
0.0;161.6;0.0;0.0
0.0;161.6;0.0;0.0
0.0;161.6;0.0;0.0
0.0;161.6;0.0;0.0
0.0;161.6;0.0;0.0
0.0;161.6;0.0;0.0
0.0;161.6;0.0;0.0
0.0;161.6;0.0;0.0
0.0;161.6;0.0;0.0
0.0;161.6;0.0;0.0
0.0;161.6;0.0;0.0
0.0;161.6;0.0;0.0
0.0;161.6;0.0;0.0
0.0;161.6;0.0;0.0
0.0;161.6;0.0;0.0
0.0;161.6;0.0;0.0
0.0;161.6;0.0;0.0
0.0;161.6;0.0;0.0
0.0;161.6;0.0;0.0
0.0;161.6;0.0;0.0
0.0;161.6;0.0;0.0
0.0;161.6;0.0;0.0
0.0;161.6;0.0;0.0
0.0;161.6;0.0;0.0
0.0;161.6;0.0;0.0
0.0;161.6;0.0;0.0
0.0;161.6;0.0;0.0
0.0;161.6;0.0;0.0
0.0;161.6;0.0;0.0
0.0;161.6;0.0;0.0
0.0;161.6;0.0;0.0
0.0;161.6;0.0;0.0
0.0;161.6;0.0;0.0
0.0;161.6;0.0;0.0
0.0;161.6;0.0;0.0
0.0;161.6;0.0;0.0
0.0;161.6;0.0;0.0
0.0;161.6;0.0;0.0
0.0;161.6;0.0;0.0
0.0;161.6;0.0;0.0
0.0;161.6;0.0;0.0
0.0;161.6;0.0;0.0
0.0;161.6;0.0;0.0
