0.0;156.5;0.0;0.0
0.0;156.5;1.1;0.0
0.0;156.5;1.0;0.0
0.0;156.5;13.2;0.0
0.0;156.5;14.0;0.0
0.0;156.5;7.7;0.0
0.0;156.5;7.0;0.0
0.0;156.5;4.4;0.0
0.0;156.5;7.0;0.0
0.0;156.5;4.4;0.0
0.0;156.5;9.0;0.0
0.0;156.5;6.6;0.0
276.0;186.5;3.0;0.0
239.9;159.3;3.3;0.0
142.9;159.9;52.6;0.0
215.2;160.6;62.7;0.0
189.0;160.6;12.0;0.0
2226.8;160.6;55.1;0.0
0.0;160.6;11.1;0.0
266.2;161.3;67.1;0.0
7.0;161.5;11.1;0.0
0.0;161.5;0.0;0.0
0.0;161.5;7.3;0.0
0.0;161.5;0.0;0.0
0.0;161.5;2.7;0.0
0.0;161.5;0.0;0.0
0.0;161.5;3.5;0.0
0.0;161.5;0.0;0.0
186.0;161.5;1.3;0.0
502.0;1019.5;31032.0;40.0
499.0;1334.5;31657.4;0.0
449.0;1339.5;4.0;1320.0
513.0;1335.0;6.2;2560.0
519.0;1030.0;7.0;1360.0
0.0;162.0;0.0;0.0
0.0;162.0;0.0;0.0
0.0;162.0;0.0;0.0
0.0;162.0;0.0;0.0
0.0;162.0;0.0;0.0
0.0;162.0;0.0;0.0
0.0;162.0;0.0;0.0
0.0;162.0;0.0;0.0
0.0;162.0;0.0;0.0
0.0;162.0;0.0;0.0
0.0;162.0;0.0;0.0
0.0;162.0;0.0;0.0
0.0;162.0;0.0;0.0
0.0;162.0;0.0;0.0
0.0;162.0;0.0;0.0
0.0;162.0;0.0;0.0
0.0;162.0;0.0;0.0
0.0;162.0;0.0;0.0
0.0;162.0;0.0;0.0
0.0;162.0;0.0;0.0
0.0;162.0;0.0;0.0
0.0;162.0;0.0;0.0
0.0;162.0;0.0;0.0
0.0;162.0;0.0;0.0
0.0;162.0;0.0;0.0
0.0;162.0;0.0;0.0
0.0;162.0;0.0;0.0
0.0;162.0;0.0;0.0
0.0;162.0;0.0;0.0
0.0;162.0;0.0;0.0
0.0;162.0;0.0;0.0
0.0;162.0;0.0;0.0
0.0;162.0;0.0;0.0
0.0;162.0;0.0;0.0
0.0;162.0;0.0;0.0
0.0;162.0;0.0;0.0
0.0;162.0;0.0;0.0
0.0;162.0;0.0;0.0
0.0;162.0;0.0;0.0
0.0;162.0;0.0;0.0
0.0;162.0;0.0;0.0
0.0;162.0;0.0;0.0
0.0;162.0;0.0;0.0
0.0;162.0;0.0;0.0
0.0;162.0;0.0;0.0
0.0;162.0;0.0;0.0
0.0;162.0;0.0;0.0
0.0;162.0;0.0;0.0
0.0;162.0;0.0;0.0
0.0;162.0;0.0;0.0
0.0;162.0;0.0;0.0
0.0;162.0;0.0;0.0
0.0;162.0;0.0;0.0
0.0;162.0;0.0;0.0
0.0;162.0;0.0;0.0
0.0;162.0;0.0;0.0
0.0;162.0;0.0;0.0
0.0;162.0;0.0;0.0
0.0;162.0;0.0;0.0
0.0;162.0;0.0;0.0
0.0;162.0;0.0;0.0
0.0;162.0;0.0;0.0
0.0;162.0;0.0;0.0
0.0;162.0;0.0;0.0
0.0;162.0;0.0;0.0
0.0;162.0;0.0;0.0
