108.1;276.8;982.8;0.0
322.0;344.3;535.8;0.0
343.5;155.1;626.4;0.0
55.0;156.5;20.9;0.0
0.0;156.5;1.0;0.0
0.0;156.5;1.1;0.0
0.0;156.5;0.0;0.0
0.0;156.5;2.3;0.0
0.0;156.5;0.0;0.0
0.0;156.5;0.7;0.0
0.0;156.5;0.0;0.0
0.0;156.5;2.4;0.0
0.0;156.5;0.0;0.0
0.0;156.5;5.3;0.0
0.0;156.5;0.0;0.0
465.0;193.5;1.4;0.0
0.0;193.5;24.0;0.0
167.2;160.0;38.4;0.0
460.2;160.0;23.1;0.0
181.3;160.6;45.1;0.0
74.0;160.6;0.0;0.0
66.4;160.6;0.0;0.0
57.8;160.6;0.0;0.0
383.4;160.6;12.0;0.0
323.0;160.6;57.0;0.0
541.2;160.6;1.0;0.0
385.0;160.6;12.1;0.0
110.0;161.3;54.1;0.0
165.0;161.6;1.1;0.0
0.0;161.6;7.0;0.0
55.0;161.6;14.3;0.0
0.0;161.6;6.0;0.0
0.0;161.6;0.0;0.0
0.0;161.6;1.7;0.0
0.0;161.6;0.0;0.0
294.0;161.6;3.6;0.0
449.0;382.6;507.0;40.0
538.0;707.6;3113.5;0.0
496.0;707.6;14312.0;0.0
480.0;1018.6;4792.5;0.0
534.0;1018.6;3956.0;0.0
483.0;1014.1;4661.3;0.0
498.0;1014.1;3248.0;0.0
485.0;1014.1;4264.0;0.0
517.0;1014.1;3959.0;0.0
515.0;1014.1;4393.0;0.0
485.0;1017.1;4516.0;0.0
504.0;1017.1;5073.0;0.0
495.0;1329.1;5376.0;0.0
499.0;1331.1;4.0;1320.0
501.0;1331.1;8.0;2560.0
490.0;1028.1;7.0;1440.0
0.0;162.1;0.0;0.0
0.0;162.1;0.0;0.0
0.0;162.1;0.0;0.0
0.0;162.1;0.0;0.0
0.0;162.1;0.0;0.0
0.0;162.1;0.0;0.0
0.0;162.1;0.0;0.0
0.0;162.1;0.0;0.0
0.0;162.1;0.0;0.0
0.0;162.1;0.0;0.0
0.0;162.1;0.0;0.0
0.0;162.1;0.0;0.0
0.0;162.1;0.0;0.0
0.0;162.1;0.0;0.0
0.0;162.1;0.0;0.0
0.0;162.1;0.0;0.0
0.0;162.1;0.0;0.0
0.0;162.1;0.0;0.0
0.0;162.1;0.0;0.0
0.0;162.1;0.0;0.0
0.0;162.1;0.0;0.0
0.0;162.1;0.0;0.0
0.0;162.1;0.0;0.0
0.0;162.1;0.0;0.0
0.0;162.1;0.0;0.0
0.0;162.1;0.0;0.0
0.0;162.1;0.0;0.0
0.0;162.1;0.0;0.0
0.0;162.1;0.0;0.0
0.0;162.1;0.0;0.0
0.0;162.1;0.0;0.0
0.0;162.1;0.0;0.0
0.0;162.1;0.0;0.0
0.0;162.1;0.0;0.0
0.0;162.1;0.0;0.0
0.0;162.1;0.0;0.0
0.0;162.1;0.0;0.0
0.0;162.1;0.0;0.0
0.0;162.1;0.0;0.0
0.0;162.1;0.0;0.0
0.0;162.1;0.0;0.0
0.0;162.1;0.0;0.0
0.0;162.1;0.0;0.0
0.0;162.1;0.0;0.0
0.0;162.1;0.0;0.0
0.0;162.1;0.0;0.0
0.0;162.1;0.0;0.0
0.0;162.1;0.0;0.0
