79.9;162.8;56.6;0.0
95.0;168.2;376.9;0.0
319.4;288.6;125.4;0.0
365.8;238.6;291.2;0.0
398.8;155.9;264.1;0.0
0.0;155.9;0.0;0.0
0.0;155.9;1.0;0.0
0.0;155.9;1.1;0.0
0.0;155.9;12.0;0.0
0.0;155.9;13.2;0.0
0.0;155.9;7.0;0.0
0.0;155.9;7.7;0.0
0.0;155.9;6.0;0.0
0.0;155.9;5.5;0.0
0.0;155.9;8.0;0.0
0.0;155.9;4.4;0.0
197.0;187.9;2.0;0.0
298.0;195.9;5.1;0.0
261.0;202.9;60.0;0.0
508.0;202.9;0.0;0.0
508.0;202.9;0.0;0.0
526.0;202.9;3.3;0.0
448.0;202.9;0.0;0.0
498.0;202.9;2.2;0.0
476.0;202.9;5.0;0.0
0.0;202.9;48.2;0.0
199.0;211.9;15.0;0.0
331.1;180.4;0.1;0.0
0.0;180.4;27.5;0.0
427.4;160.1;30.9;0.0
548.9;160.1;1.1;0.0
0.0;160.1;27.1;0.0
328.9;161.0;45.1;0.0
0.0;161.0;4.1;0.0
0.0;161.0;0.0;0.0
0.0;161.0;3.2;0.0
0.0;161.0;0.0;0.0
349.0;190.0;81.7;40.0
479.0;385.0;453.0;0.0
499.0;710.0;11413.6;0.0
481.0;1020.0;9886.0;0.0
510.0;1020.0;3416.6;0.0
497.0;1020.0;3338.0;0.0
537.0;1020.0;3573.5;0.0
457.0;1020.0;4330.0;0.0
500.0;1015.5;4114.2;0.0
481.0;1015.5;3522.0;0.0
508.0;1015.5;3796.0;0.0
485.0;1019.5;4564.0;0.0
495.0;1019.5;3759.0;0.0
515.0;1019.5;3861.0;0.0
532.0;1334.5;2127.0;0.0
449.0;1334.5;10.0;3240.0
527.0;1334.5;4.0;1280.0
483.0;411.5;5.0;680.0
0.0;161.5;0.0;0.0
0.0;161.5;0.0;0.0
0.0;161.5;0.0;0.0
0.0;161.5;0.0;0.0
0.0;161.5;0.0;0.0
0.0;161.5;0.0;0.0
0.0;161.5;0.0;0.0
0.0;161.5;0.0;0.0
0.0;161.5;0.0;0.0
0.0;161.5;0.0;0.0
0.0;161.5;0.0;0.0
0.0;161.5;0.0;0.0
0.0;161.5;0.0;0.0
0.0;161.5;0.0;0.0
0.0;161.5;0.0;0.0
0.0;161.5;0.0;0.0
0.0;161.5;0.0;0.0
0.0;161.5;0.0;0.0
0.0;161.5;0.0;0.0
0.0;161.5;0.0;0.0
0.0;161.5;0.0;0.0
0.0;161.5;0.0;0.0
0.0;161.5;0.0;0.0
0.0;161.5;0.0;0.0
0.0;161.5;0.0;0.0
0.0;161.5;0.0;0.0
0.0;161.5;0.0;0.0
0.0;161.5;0.0;0.0
0.0;161.5;0.0;0.0
0.0;161.5;0.0;0.0
0.0;161.5;0.0;0.0
0.0;161.5;0.0;0.0
0.0;161.5;0.0;0.0
0.0;161.5;0.0;0.0
0.0;161.5;0.0;0.0
0.0;161.5;0.0;0.0
0.0;161.5;0.0;0.0
0.0;161.5;0.0;0.0
0.0;161.5;0.0;0.0
0.0;161.5;0.0;0.0
0.0;161.5;0.0;0.0
0.0;161.5;0.0;0.0
0.0;161.5;0.0;0.0
0.0;161.5;0.0;0.0
0.0;161.5;0.0;0.0
