113.0;180.3;236.4;0.0
62.0;225.8;543.6;0.0
330.9;319.1;315.9;0.0
528.9;314.7;132.5;0.0
495.0;156.4;441.1;0.0
0.0;156.4;0.0;0.0
0.0;156.4;1.0;0.0
0.0;156.4;1.1;0.0
0.0;156.4;13.0;0.0
0.0;156.4;14.3;0.0
0.0;156.4;7.0;0.0
0.0;156.4;7.7;0.0
0.0;156.4;6.0;0.0
0.0;156.4;1.6;0.0
0.0;156.4;0.0;0.0
268.0;187.4;2.5;0.0
249.0;193.4;6.0;0.0
252.0;201.4;56.4;0.0
506.0;201.4;0.0;0.0
183.0;159.4;2.2;0.0
274.9;160.6;6.6;0.0
277.9;160.8;64.9;0.0
72.9;160.8;0.0;0.0
49.1;160.8;0.0;0.0
402.0;160.8;26.0;0.0
304.0;160.8;43.0;0.0
550.0;160.8;1.0;0.0
536.8;160.8;0.0;0.0
489.5;160.8;3.1;0.0
55.0;161.1;68.2;0.0
273.9;161.8;7.0;0.0
0.0;161.8;1.1;0.0
0.0;161.8;6.0;0.0
0.0;161.8;14.3;0.0
0.0;161.8;8.0;0.0
0.0;161.8;7.7;0.0
50.0;161.8;3.0;0.0
508.0;302.8;159.5;40.0
494.0;1017.8;32054.0;0.0
495.0;1333.8;30996.4;0.0
481.0;1336.8;6.0;1960.0
520.0;1032.8;9.4;3520.0
0.0;161.8;0.0;0.0
5.0;162.3;0.2;0.0
0.0;162.3;0.0;0.0
0.0;162.3;0.0;0.0
0.0;162.3;0.0;0.0
0.0;162.3;0.0;0.0
0.0;162.3;0.0;0.0
0.0;162.3;0.0;0.0
0.0;162.3;0.0;0.0
0.0;162.3;0.0;0.0
0.0;162.3;0.0;0.0
0.0;162.3;0.0;0.0
0.0;162.3;0.0;0.0
0.0;162.3;0.0;0.0
0.0;162.3;0.0;0.0
0.0;162.3;0.0;0.0
0.0;162.3;0.0;0.0
0.0;162.3;0.0;0.0
0.0;162.3;0.0;0.0
0.0;162.3;0.0;0.0
0.0;162.3;0.0;0.0
0.0;162.3;0.0;0.0
0.0;162.3;0.0;0.0
0.0;162.3;0.0;0.0
0.0;162.3;0.0;0.0
0.0;162.3;0.0;0.0
0.0;162.3;0.0;0.0
0.0;162.3;0.0;0.0
0.0;162.3;0.0;0.0
0.0;162.3;0.0;0.0
0.0;162.3;0.0;0.0
0.0;162.3;0.0;0.0
0.0;162.3;0.0;0.0
0.0;162.3;0.0;0.0
0.0;162.3;0.0;0.0
0.0;162.3;0.0;0.0
0.0;162.3;0.0;0.0
0.0;162.3;0.0;0.0
0.0;162.3;0.0;0.0
0.0;162.3;0.0;0.0
0.0;162.3;0.0;0.0
0.0;162.3;0.0;0.0
0.0;162.3;0.0;0.0
0.0;162.3;0.0;0.0
0.0;162.3;0.0;0.0
0.0;162.3;0.0;0.0
0.0;162.3;0.0;0.0
0.0;162.3;0.0;0.0
0.0;162.3;0.0;0.0
0.0;162.3;0.0;0.0
0.0;162.3;0.0;0.0
0.0;162.3;0.0;0.0
0.0;162.3;0.0;0.0
0.0;162.3;0.0;0.0
0.0;162.3;0.0;0.0
0.0;162.3;0.0;0.0
0.0;162.3;0.0;0.0
0.0;162.3;0.0;0.0
