101.0;156.8;94.3;0.0
94.0;157.1;192.4;0.0
200.9;251.4;152.6;0.0
273.7;195.5;321.9;0.0
354.9;214.9;106.5;0.0
110.0;156.5;148.5;0.0
50.0;156.5;1.0;0.0
0.0;156.5;1.1;0.0
0.0;156.5;13.0;0.0
0.0;156.5;5.5;0.0
0.0;156.5;1.8;0.0
0.0;156.5;0.0;0.0
0.0;156.5;2.7;0.0
0.0;156.5;0.0;0.0
0.0;156.5;2.6;0.0
0.0;156.5;0.0;0.0
50.0;184.5;3.5;0.0
449.0;190.5;3.0;0.0
0.0;190.5;57.5;0.0
508.0;196.5;1.0;0.0
152.4;159.4;3.3;0.0
419.0;160.0;6.6;0.0
172.9;160.6;63.8;0.0
99.8;160.6;0.0;0.0
49.1;160.6;7.0;0.0
544.5;160.6;23.0;0.0
269.9;160.6;41.0;0.0
589.6;160.6;1.0;0.0
540.1;160.6;0.0;0.0
328.9;160.6;3.1;0.0
157.3;161.4;64.9;0.0
165.0;161.6;6.1;0.0
0.0;161.6;0.0;0.0
0.0;161.6;7.3;0.0
0.0;161.6;0.0;0.0
0.0;161.6;2.7;0.0
0.0;161.6;0.0;0.0
312.0;161.6;15.0;40.0
448.0;379.6;518.6;0.0
522.0;704.6;4169.4;0.0
494.0;823.6;16634.1;0.0
500.0;1016.6;2831.4;0.0
536.0;1016.6;3223.1;0.0
456.0;1012.1;3581.3;0.0
500.0;1012.1;3204.0;0.0
499.0;1012.1;3484.0;0.0
505.0;1012.1;4966.0;0.0
515.0;1012.1;4058.0;0.0
495.0;1012.1;5124.0;0.0
521.0;1014.1;4498.0;0.0
490.0;1014.1;3684.0;0.0
485.0;1329.1;1747.0;0.0
520.0;1329.1;12.0;3880.0
485.0;1329.1;4.0;1280.0
509.0;407.1;3.0;160.0
0.0;162.1;0.0;0.0
0.0;162.1;0.0;0.0
0.0;162.1;0.0;0.0
0.0;162.1;0.0;0.0
0.0;162.1;0.0;0.0
0.0;162.1;0.0;0.0
0.0;162.1;0.0;0.0
0.0;162.1;0.0;0.0
0.0;162.1;0.0;0.0
0.0;162.1;0.0;0.0
0.0;162.1;0.0;0.0
0.0;162.1;0.0;0.0
0.0;162.1;0.0;0.0
0.0;162.1;0.0;0.0
0.0;162.1;0.0;0.0
0.0;162.1;0.0;0.0
0.0;162.1;0.0;0.0
0.0;162.1;0.0;0.0
0.0;162.1;0.0;0.0
0.0;162.1;0.0;0.0
0.0;162.1;0.0;0.0
0.0;162.1;0.0;0.0
0.0;162.1;0.0;0.0
0.0;162.1;0.0;0.0
0.0;162.1;0.0;0.0
0.0;162.1;0.0;0.0
0.0;162.1;0.0;0.0
0.0;162.1;0.0;0.0
0.0;162.1;0.0;0.0
0.0;162.1;0.0;0.0
0.0;162.1;0.0;0.0
0.0;162.1;0.0;0.0
0.0;162.1;0.0;0.0
0.0;162.1;0.0;0.0
0.0;162.1;0.0;0.0
0.0;162.1;0.0;0.0
0.0;162.1;0.0;0.0
0.0;162.1;0.0;0.0
0.0;162.1;0.0;0.0
0.0;162.1;0.0;0.0
0.0;162.1;0.0;0.0
0.0;162.1;0.0;0.0
0.0;162.1;0.0;0.0
0.0;162.1;0.0;0.0
0.0;162.1;0.0;0.0
