72.0;416.9;1247.0;0.0
248.0;638.2;391.3;0.0
502.0;546.0;905.0;0.0
929.5;354.3;588.5;0.0
548.9;246.3;237.7;0.0
110.0;156.3;256.3;0.0
0.0;156.3;12.0;0.0
0.0;156.3;0.0;0.0
0.0;156.3;6.1;0.0
0.0;156.3;0.0;0.0
0.0;156.3;7.2;0.0
0.0;156.3;1.0;0.0
0.0;156.3;0.7;0.0
0.0;156.3;3.0;0.0
98.0;192.3;5.6;0.0
444.0;192.3;24.0;0.0
397.0;199.3;36.4;0.0
505.0;199.3;0.0;0.0
497.0;199.3;3.3;0.0
497.0;199.3;0.0;0.0
277.6;159.2;2.2;0.0
196.9;159.9;2.5;0.0
0.0;159.9;6.0;0.0
206.0;160.6;6.1;0.0
539.0;160.6;1.0;0.0
548.9;160.6;0.0;0.0
550.0;160.6;13.0;0.0
566.5;160.6;0.0;0.0
544.5;160.6;7.0;0.0
550.0;160.6;0.0;0.0
495.0;160.6;5.1;0.0
0.0;160.6;22.0;0.0
328.9;161.5;34.9;0.0
0.0;161.5;1.1;0.0
144.0;161.5;3.0;0.0
450.0;347.5;169.2;40.0
503.0;1015.5;41974.0;0.0
489.0;1330.5;20084.7;0.0
517.0;1332.5;19.0;5440.0
471.0;380.5;5.5;0.0
0.0;161.5;0.0;0.0
0.0;161.5;0.4;0.0
0.0;161.5;0.0;0.0
0.0;161.5;0.6;0.0
0.0;161.5;0.0;0.0
0.0;162.0;0.3;0.0
0.0;162.0;0.0;0.0
0.0;162.0;0.0;0.0
0.0;162.0;0.0;0.0
0.0;162.0;0.0;0.0
0.0;162.0;0.0;0.0
0.0;162.0;0.0;0.0
0.0;162.0;0.0;0.0
0.0;162.0;0.0;0.0
0.0;162.0;0.0;0.0
0.0;162.0;0.0;0.0
0.0;162.0;0.0;0.0
0.0;162.0;0.0;0.0
0.0;162.0;0.0;0.0
0.0;162.0;0.0;0.0
0.0;162.0;0.0;0.0
0.0;162.0;0.0;0.0
0.0;162.0;0.0;0.0
0.0;162.0;0.0;0.0
0.0;162.0;0.0;0.0
0.0;162.0;0.0;0.0
0.0;162.0;0.0;0.0
0.0;162.0;0.0;0.0
0.0;162.0;0.0;0.0
0.0;162.0;0.0;0.0
0.0;162.0;0.0;0.0
0.0;162.0;0.0;0.0
0.0;162.0;0.0;0.0
0.0;162.0;0.0;0.0
0.0;162.0;0.0;0.0
0.0;162.0;0.0;0.0
0.0;162.0;0.0;0.0
0.0;162.0;0.0;0.0
0.0;162.0;0.0;0.0
0.0;162.0;0.0;0.0
0.0;162.0;0.0;0.0
0.0;162.0;0.0;0.0
0.0;162.0;0.0;0.0
0.0;162.0;0.0;0.0
0.0;162.0;0.0;0.0
0.0;162.0;0.0;0.0
0.0;162.0;0.0;0.0
0.0;162.0;0.0;0.0
0.0;162.0;0.0;0.0
0.0;162.0;0.0;0.0
0.0;162.0;0.0;0.0
0.0;162.0;0.0;0.0
0.0;162.0;0.0;0.0
0.0;162.0;0.0;0.0
0.0;162.0;0.0;0.0
0.0;162.0;0.0;0.0
0.0;162.0;0.0;0.0
0.0;162.0;0.0;0.0
0.0;162.0;0.0;0.0
0.0;162.0;0.0;0.0
