99.9;269.6;392.3;0.0
50.0;252.3;324.7;0.0
398.0;384.5;277.7;0.0
534.9;355.1;274.4;0.0
550.0;241.7;254.1;0.0
108.9;156.1;239.9;0.0
0.0;156.1;0.0;0.0
0.0;156.1;0.0;0.0
0.0;156.1;13.0;0.0
0.0;156.1;0.0;0.0
0.0;156.1;7.0;0.0
0.0;156.1;0.0;0.0
0.0;156.1;5.0;0.0
0.0;156.1;0.0;0.0
0.0;156.1;8.0;0.0
0.0;156.1;0.0;0.0
397.0;192.1;6.0;0.0
0.0;192.1;3.0;0.0
341.0;200.1;60.0;0.0
570.0;200.1;0.0;0.0
465.0;200.1;0.0;0.0
496.0;200.1;0.0;0.0
529.0;200.1;0.0;0.0
498.0;200.1;0.0;0.0
348.0;200.1;11.0;0.0
97.0;206.1;62.0;0.0
149.0;209.1;0.0;0.0
0.0;209.1;1.0;0.0
0.0;209.1;0.0;0.0
50.0;209.1;12.0;0.0
0.0;209.1;0.0;0.0
0.0;209.1;7.0;0.0
0.0;209.1;0.0;0.0
0.0;209.1;4.0;0.0
0.0;209.1;0.0;0.0
0.0;209.1;7.0;0.0
0.0;209.1;0.0;0.0
348.0;239.1;155.0;40.0
498.0;1064.1;30470.0;0.0
501.0;1380.1;31561.0;0.0
498.0;1383.1;4.0;1320.0
497.0;1383.1;8.0;2560.0
497.0;1383.1;4.0;1280.0
511.0;460.1;3.0;80.0
0.0;156.1;0.0;0.0
0.0;156.1;0.0;0.0
0.0;156.1;0.0;0.0
0.0;156.1;0.0;0.0
0.0;156.1;0.0;0.0
0.0;156.1;0.0;0.0
0.0;156.1;0.1;0.0
0.0;156.1;0.4;0.0
0.0;156.1;0.9;0.0
0.0;156.1;0.7;0.0
0.0;156.1;0.0;0.0
0.0;156.1;0.5;0.0
0.0;156.1;0.0;0.0
0.0;156.1;0.6;0.0
0.0;156.1;0.0;0.0
0.0;156.1;0.5;0.0
0.0;156.1;0.0;0.0
5.0;157.8;0.2;0.0
50.0;159.9;0.0;0.0
5.0;160.4;0.6;0.0
5.0;160.4;1.8;0.0
0.0;160.4;0.0;0.0
0.0;160.4;0.0;0.0
38.9;160.7;4.2;0.0
49.7;160.7;0.0;0.0
52.4;160.7;0.0;0.0
50.0;160.7;0.0;0.0
48.5;160.7;0.0;0.0
49.4;160.7;0.0;0.0
49.0;160.7;0.0;0.0
25.0;160.7;1.1;0.0
10.0;161.3;6.0;0.0
20.0;161.6;0.1;0.0
0.0;161.6;0.0;0.0
0.0;161.6;0.0;0.0
0.0;161.6;1.2;0.0
0.0;161.6;0.0;0.0
0.0;161.6;0.7;0.0
0.0;161.6;0.0;0.0
0.0;161.6;0.6;0.0
0.0;161.6;0.0;0.0
0.0;161.6;0.6;0.0
0.0;161.6;0.0;0.0
0.0;161.6;0.5;0.0
0.0;162.1;0.2;0.0
5.0;162.1;0.0;0.0
0.0;162.1;0.0;0.0
0.0;162.1;0.0;0.0
0.0;162.1;0.0;0.0
0.0;162.1;0.0;0.0
0.0;162.1;0.0;0.0
0.0;162.1;0.0;0.0
0.0;162.1;0.0;0.0
0.0;162.1;0.0;0.0
0.0;162.1;0.0;0.0
0.0;162.1;0.0;0.0
