43.5;161.7;208.2;0.0
87.0;191.1;647.1;0.0
159.0;181.4;246.6;0.0
159.0;258.4;230.0;0.0
156.2;156.5;286.0;0.0
0.0;156.5;0.0;0.0
0.0;156.5;1.1;0.0
0.0;156.5;0.0;0.0
0.0;156.5;13.2;0.0
0.0;156.5;0.0;0.0
0.0;156.5;7.7;0.0
0.0;156.5;0.0;0.0
0.0;156.5;0.0;0.0
0.0;156.5;6.6;0.0
0.0;156.5;0.0;0.0
0.0;156.5;3.3;0.0
0.0;156.5;0.0;0.0
0.0;156.5;4.4;0.0
0.0;156.5;0.0;0.0
385.0;184.2;2.2;0.0
273.9;189.7;6.6;0.0
215.6;197.4;68.2;0.0
580.8;197.4;0.0;0.0
495.0;197.4;0.0;0.0
594.0;197.4;0.0;0.0
537.9;197.4;0.0;0.0
553.3;197.4;0.0;0.0
548.9;197.4;0.0;0.0
436.7;197.4;12.1;0.0
110.0;204.0;68.2;0.0
218.9;207.3;1.1;0.0
0.0;207.3;0.0;0.0
0.0;207.3;4.4;0.0
0.0;207.3;8.8;0.0
0.0;207.3;0.0;0.0
0.0;207.3;7.7;0.0
0.0;207.3;0.0;0.0
0.0;207.3;4.4;0.0
0.0;207.3;0.0;0.0
0.0;207.3;5.5;0.0
0.0;207.3;0.0;0.0
0.0;207.3;6.6;0.0
0.0;207.3;0.0;0.0
0.0;212.8;3.3;0.0
0.0;212.8;0.0;0.0
0.0;212.8;0.0;0.0
0.0;212.8;0.0;0.0
0.0;212.8;0.0;0.0
0.0;212.8;0.0;0.0
0.0;212.8;0.0;0.0
0.0;212.8;0.0;0.0
0.0;212.8;0.0;0.0
0.0;212.8;0.0;0.0
0.0;212.8;0.0;0.0
0.0;212.8;0.0;0.0
0.0;212.8;0.0;0.0
0.0;212.8;0.0;0.0
0.0;212.8;0.0;0.0
0.0;212.8;0.0;0.0
0.0;212.8;0.0;0.0
0.0;212.8;0.0;0.0
0.0;212.8;0.0;0.0
0.0;212.8;0.0;0.0
0.0;212.8;0.0;0.0
0.0;212.8;0.0;0.0
0.0;212.8;0.0;0.0
0.0;212.8;0.0;0.0
0.0;212.8;0.0;0.0
0.0;212.8;0.0;0.0
0.0;212.8;0.0;0.0
0.0;212.8;0.0;0.0
0.0;212.8;1.0;0.0
0.0;212.8;0.0;0.0
0.0;212.8;13.0;0.0
0.0;212.8;0.0;0.0
0.0;212.8;0.0;0.0
0.0;212.8;7.0;0.0
0.0;212.8;0.0;0.0
0.0;212.8;5.0;0.0
0.0;212.8;0.0;0.0
0.0;212.8;9.0;0.0
0.0;212.8;0.0;0.0
379.0;161.8;2.0;0.0
149.0;161.8;3.0;0.0
0.0;161.8;0.0;0.0
50.0;161.8;61.0;0.0
504.0;161.8;0.0;0.0
482.0;161.8;0.0;0.0
498.0;161.8;0.0;0.0
482.0;161.8;0.0;0.0
509.0;161.8;0.0;0.0
495.0;161.8;0.0;0.0
99.0;161.8;31.0;0.0
249.0;161.8;41.0;0.0
0.0;161.8;1.0;0.0
0.0;161.8;0.0;0.0
0.0;161.8;13.0;0.0
0.0;161.8;0.0;0.0
0.0;161.8;7.0;0.0
0.0;161.8;0.0;0.0
