55.0;293.6;384.1;0.0
57.5;224.4;113.8;0.0
351.9;290.0;329.8;0.0
147.9;172.5;505.4;0.0
767.8;155.9;20.9;0.0
0.0;155.9;1.0;0.0
0.0;155.9;1.1;0.0
0.0;155.9;0.0;0.0
0.0;155.9;2.4;0.0
0.0;155.9;0.0;0.0
0.0;155.9;0.7;0.0
0.0;155.9;0.0;0.0
0.0;155.9;0.5;0.0
0.0;155.9;0.0;0.0
0.0;155.9;3.4;0.0
0.0;155.9;0.0;0.0
398.0;195.9;2.4;0.0
50.0;195.9;24.0;0.0
314.1;176.8;35.3;0.0
191.0;159.3;5.5;0.0
97.4;160.0;66.0;0.0
76.1;160.0;7.7;0.0
502.0;160.0;71.5;0.0
220.9;160.9;2.1;0.0
50.0;160.9;26.1;0.0
249.0;160.9;40.0;0.0
0.0;160.9;13.3;0.0
0.0;160.9;0.0;0.0
0.0;160.9;6.7;0.0
0.0;160.9;0.0;0.0
0.0;160.9;1.6;0.0
0.0;160.9;0.0;0.0
0.0;160.9;0.6;0.0
0.0;160.9;0.0;0.0
0.0;160.9;4.4;0.0
0.0;161.4;3.3;0.0
95.0;161.4;2.0;0.0
515.0;336.4;164.0;40.0
449.0;392.4;367.0;0.0
506.0;704.4;15153.0;0.0
479.0;1015.4;6746.0;0.0
532.0;1015.4;3874.0;0.0
491.0;1015.4;3402.0;0.0
499.0;1015.4;3158.0;0.0
498.0;1015.4;4712.0;0.0
480.0;1015.4;4562.0;0.0
489.0;1015.4;4018.0;0.0
515.0;1018.4;4726.0;0.0
500.0;1018.4;3544.0;0.0
505.0;1018.4;6320.0;0.0
506.0;1333.4;1939.0;0.0
488.0;1333.4;10.0;3240.0
489.0;1333.4;7.0;1840.0
499.0;391.4;0.0;0.0
0.0;161.4;0.0;0.0
0.0;161.4;0.0;0.0
0.0;161.4;0.0;0.0
0.0;161.4;0.0;0.0
0.0;161.4;0.0;0.0
0.0;161.4;0.0;0.0
0.0;161.4;0.0;0.0
0.0;161.4;0.0;0.0
0.0;161.4;0.0;0.0
0.0;161.4;0.0;0.0
0.0;161.4;0.0;0.0
0.0;161.4;0.0;0.0
0.0;161.4;0.0;0.0
0.0;161.4;0.0;0.0
0.0;161.4;0.0;0.0
0.0;161.4;0.0;0.0
0.0;161.4;0.0;0.0
0.0;161.4;0.0;0.0
0.0;161.4;0.0;0.0
0.0;161.4;0.0;0.0
0.0;161.4;0.0;0.0
0.0;161.4;0.0;0.0
0.0;161.4;0.0;0.0
0.0;161.4;0.0;0.0
0.0;161.4;0.0;0.0
0.0;161.4;0.0;0.0
0.0;161.4;0.0;0.0
0.0;161.4;0.0;0.0
0.0;161.4;0.0;0.0
0.0;161.4;0.0;0.0
0.0;161.4;0.0;0.0
0.0;161.4;0.0;0.0
0.0;161.4;0.0;0.0
0.0;161.4;0.0;0.0
0.0;161.4;0.0;0.0
0.0;161.4;0.0;0.0
0.0;161.4;0.0;0.0
0.0;161.4;0.0;0.0
0.0;161.4;0.0;0.0
0.0;161.4;0.0;0.0
0.0;161.4;0.0;0.0
0.0;161.4;0.0;0.0
0.0;161.4;0.0;0.0
0.0;161.4;0.0;0.0
0.0;161.4;0.0;0.0
0.0;161.4;0.0;0.0
