66.9;176.7;289.0;0.0
86.8;141.9;579.9;0.0
139.8;138.1;70.1;0.0
100.9;156.0;40.1;0.0
0.0;156.0;0.0;0.0
0.0;156.0;0.1;0.0
0.0;156.0;0.0;0.0
0.0;156.0;0.0;0.0
0.0;156.0;1.2;0.0
0.0;156.0;6.6;0.0
0.0;156.0;6.1;0.0
0.0;156.0;4.4;0.0
0.0;156.0;7.0;0.0
0.0;156.0;4.4;0.0
0.0;156.0;4.0;0.0
0.0;156.0;5.5;0.0
0.0;156.0;7.0;0.0
0.0;156.0;5.5;0.0
0.0;156.0;6.0;0.0
0.0;156.0;6.6;0.0
0.0;156.0;5.0;0.0
448.8;194.0;6.6;0.0
185.0;160.8;3.3;0.0
497.0;160.8;0.0;0.0
538.0;160.8;1.1;0.0
454.0;160.8;3.0;0.0
0.0;160.8;14.3;0.0
0.0;160.8;1.0;0.0
0.0;160.8;7.7;0.0
0.0;160.8;13.0;0.0
0.0;160.8;4.4;0.0
0.0;160.8;7.0;0.0
0.0;160.8;5.5;0.0
0.0;160.8;7.0;0.0
0.0;160.8;5.5;0.0
0.0;160.8;4.0;0.0
0.0;160.8;4.4;0.0
50.0;160.8;5.0;0.0
0.0;160.8;4.4;0.0
437.8;161.0;4.2;0.0
529.1;161.0;0.0;0.0
569.8;161.0;6.1;0.0
0.0;161.0;0.0;0.0
242.0;161.0;2.2;0.0
546.0;161.0;0.0;0.0
461.8;161.0;16.5;0.0
0.0;161.0;0.0;0.0
0.0;161.0;15.4;0.0
0.0;161.0;0.0;0.0
0.0;161.0;9.9;0.0
0.0;161.0;0.0;0.0
0.0;161.0;9.9;0.0
0.0;161.0;0.0;0.0
0.0;161.0;12.1;0.0
0.0;161.0;0.0;0.0
0.0;161.0;13.2;0.0
0.0;161.0;0.0;0.0
0.0;161.0;11.0;0.0
844.8;161.9;2.2;0.0
588.5;162.3;6.6;0.0
548.9;381.8;575.3;88.0
543.4;1079.2;4530.9;0.0
548.9;1079.2;3267.0;0.0
546.7;1079.2;3491.4;0.0
541.2;1421.3;1195.7;0.0
523.6;1421.3;8.8;2860.0
589.6;1421.3;4.4;1408.0
545.6;1088.0;5.5;880.0
