90.5;123.2;178.0;0.0
49.8;168.1;163.4;0.0
198.2;139.4;101.6;0.0
89.0;156.2;40.1;0.0
0.0;156.2;0.0;0.0
0.0;156.2;1.0;0.0
0.0;156.2;0.0;0.0
0.0;156.2;0.0;0.0
0.0;156.2;13.0;0.0
0.0;156.2;7.0;0.0
0.0;156.2;0.0;0.0
0.0;156.2;6.0;0.0
0.0;156.2;0.0;0.0
0.0;156.2;5.0;0.0
0.0;156.2;0.0;0.0
0.0;156.2;0.0;0.0
0.0;156.2;0.0;0.0
0.0;156.2;0.0;0.0
0.0;156.2;0.0;0.0
0.0;156.2;0.0;0.0
0.0;156.2;0.0;0.0
0.0;156.2;0.0;0.0
0.0;156.2;2.0;0.0
0.0;156.2;0.0;0.0
0.0;156.2;5.0;0.0
0.0;156.2;0.0;0.0
0.0;156.2;2.0;0.0
0.0;156.2;0.0;0.0
0.0;156.2;1.0;0.0
0.0;156.2;0.0;0.0
0.0;156.2;5.0;0.0
0.0;156.2;0.0;0.0
0.0;156.2;3.0;0.0
0.0;156.2;0.0;0.0
0.0;156.2;3.0;0.0
0.0;156.2;0.0;0.0
0.0;156.2;1.0;0.0
0.0;156.2;0.0;0.0
0.0;156.2;4.0;0.0
0.0;156.2;0.0;0.0
348.0;195.2;2.0;0.0
534.0;195.2;0.0;0.0
507.0;197.2;0.0;0.0
449.0;204.2;3.0;0.0
0.0;204.2;0.0;0.0
0.0;204.2;1.0;0.0
0.0;204.2;0.0;0.0
0.0;204.2;12.0;0.0
0.0;204.2;0.0;0.0
0.0;204.2;7.0;0.0
0.0;204.2;0.0;0.0
0.0;204.2;4.0;0.0
0.0;204.2;2.0;0.0
0.0;204.2;1.0;0.0
0.0;204.2;3.1;0.0
0.0;204.2;0.0;0.0
0.0;204.2;6.0;0.0
0.0;204.2;10.2;0.0
0.0;204.2;1.0;0.0
0.0;204.2;3.7;0.0
459.0;206.2;2.0;0.0
475.0;206.2;5.5;0.0
399.0;206.2;11.0;0.0
0.0;206.2;4.4;0.0
50.0;206.2;2.0;0.0
0.0;206.2;5.5;0.0
0.0;206.2;25.0;0.0
0.0;206.2;6.6;0.0
0.0;206.2;14.0;0.0
0.0;206.2;5.5;0.0
0.0;206.2;11.0;0.0
480.7;160.5;6.6;0.0
602.8;161.3;8.3;0.0
273.9;161.3;0.0;0.0
50.0;161.3;9.0;0.0
0.0;161.3;1.1;0.0
0.0;161.3;9.0;0.0
55.0;161.3;14.3;0.0
530.0;161.3;11.0;0.0
149.0;161.3;7.7;0.0
299.0;183.3;60.0;40.0
492.0;1310.3;11773.5;0.0
485.0;1316.3;15.0;4480.0
445.0;388.3;5.5;0.0
0.0;161.3;0.0;0.0
0.0;161.3;0.5;0.0
0.0;161.3;0.0;0.0
0.0;161.3;0.5;0.0
0.0;161.3;0.0;0.0
0.0;161.3;0.7;0.0
0.0;161.3;0.0;0.0
24.2;161.6;0.2;0.0
52.2;161.6;0.0;0.0
39.9;161.6;1.1;0.0
0.0;161.6;0.0;0.0
0.0;161.6;0.2;0.0
0.0;161.6;0.0;0.0
0.0;161.6;2.5;0.0
0.0;161.6;0.0;0.0
0.0;161.6;1.4;0.0
