96.0;272.9;1039.1;0.0
380.6;390.0;424.8;0.0
479.8;172.6;721.0;0.0
0.0;156.0;20.9;0.0
0.0;156.0;1.0;0.0
0.0;156.0;1.1;0.0
0.0;156.0;0.0;0.0
0.0;156.0;1.2;0.0
0.0;156.0;0.0;0.0
0.0;156.0;0.7;0.0
0.0;156.0;5.0;0.0
0.0;156.0;5.5;0.0
0.0;156.0;6.0;0.0
0.0;156.0;5.5;0.0
0.0;156.0;4.0;0.0
0.0;156.0;5.5;0.0
0.0;156.0;4.0;0.0
0.0;156.0;6.6;0.0
0.0;156.0;6.0;0.0
0.0;156.0;5.5;0.0
389.0;197.0;5.0;0.0
319.9;159.7;6.6;0.0
62.9;159.7;0.0;0.0
177.9;159.7;3.0;0.0
588.5;160.6;3.3;0.0
218.9;160.6;1.0;0.0
0.0;160.6;1.1;0.0
50.0;160.6;13.0;0.0
0.0;160.6;0.0;0.0
0.0;160.6;6.2;0.0
0.0;160.6;0.0;0.0
0.0;160.6;1.7;0.0
0.0;160.6;0.0;0.0
0.0;160.6;2.6;0.0
0.0;160.6;0.0;0.0
0.0;160.6;4.4;0.0
0.0;160.6;3.0;0.0
0.0;160.6;1.3;0.0
0.0;160.6;0.0;0.0
0.0;160.6;0.5;0.0
0.0;160.6;0.0;0.0
328.9;160.9;3.6;0.0
49.1;160.9;0.0;0.0
58.5;160.9;12.1;0.0
295.9;160.9;11.0;0.0
0.0;160.9;0.0;0.0
55.0;160.9;0.2;0.0
0.0;160.9;0.0;0.0
0.0;160.9;3.5;0.0
0.0;160.9;0.0;0.0
0.0;160.9;1.4;0.0
0.0;160.9;0.0;0.0
50.0;160.9;3.3;0.0
0.0;160.9;0.0;0.0
0.0;160.9;4.9;0.0
0.0;160.9;1.4;0.0
0.0;160.9;2.6;0.0
0.0;160.9;3.5;0.0
0.0;160.9;1.5;0.0
0.0;160.9;0.4;0.0
837.7;161.9;0.7;0.0
431.2;161.9;4.0;0.0
429.0;163.0;19.8;44.0
436.2;395.5;564.8;0.0
535.7;1076.4;7509.7;0.0
579.7;1419.6;4922.9;0.0
522.5;1421.8;4.4;1452.0
145.9;1239.8;176.6;2072.0
94.0;246.4;4324.7;1848.0
