45.0;121.9;145.5;0.0
94.0;176.9;151.3;0.0
84.9;182.1;175.4;0.0
151.0;205.0;83.3;0.0
55.0;156.1;106.7;0.0
0.0;156.1;0.0;0.0
0.0;156.1;0.1;0.0
0.0;156.1;0.0;0.0
0.0;156.1;2.2;0.0
0.0;156.1;0.0;0.0
0.0;156.1;0.7;0.0
0.0;156.1;0.0;0.0
55.0;156.1;2.5;0.0
0.0;156.1;0.0;0.0
0.0;156.1;1.4;0.0
0.0;156.1;2.2;0.0
0.0;156.1;3.1;0.0
0.0;156.1;5.5;0.0
0.0;156.1;4.1;0.0
0.0;156.1;5.5;0.0
0.0;156.1;3.1;0.0
0.0;156.1;4.4;0.0
295.0;196.1;6.0;0.0
100.0;160.2;7.7;0.0
105.2;160.2;3.0;0.0
246.5;160.4;0.0;0.0
548.9;161.2;3.3;0.0
110.0;161.2;1.0;0.0
0.0;161.2;1.1;0.0
49.0;161.2;13.0;0.0
0.0;161.2;14.3;0.0
0.0;161.2;7.0;0.0
0.0;161.2;0.0;0.0
0.0;161.2;3.7;0.0
0.0;161.2;0.0;0.0
0.0;161.2;3.0;0.0
0.0;161.2;0.0;0.0
0.0;161.2;2.6;0.0
0.0;161.2;0.0;0.0
0.0;161.2;3.0;0.0
0.0;161.2;0.0;0.0
0.0;161.2;3.0;0.0
0.0;161.2;4.4;0.0
148.0;161.2;4.0;0.0
502.0;161.2;5.5;0.0
500.0;161.2;11.0;0.0
99.0;161.2;5.5;0.0
0.0;161.2;2.0;0.0
440.0;161.4;7.7;0.0
594.0;161.4;25.0;0.0
493.9;161.4;12.1;0.0
273.9;161.4;14.0;0.0
0.0;161.4;2.2;0.0
0.0;161.4;11.0;0.0
0.0;161.4;11.0;0.0
0.0;161.4;8.6;0.0
0.0;161.4;0.0;0.0
0.0;161.4;6.4;0.0
0.0;161.4;0.0;0.0
50.0;161.4;3.2;0.0
0.0;161.4;0.0;0.0
0.0;161.4;3.9;0.0
0.0;161.4;5.0;0.0
141.0;161.4;4.0;0.0
780.0;230.4;157.0;40.0
550.0;1246.4;11658.9;0.0
428.0;1316.4;20.0;680.0
309.4;1307.4;2.3;3840.0
260.9;359.4;3.0;120.0
33.8;162.8;0.6;0.0
49.0;276.9;1183.2;4.0
49.8;264.6;1.7;472.0
