67.0;192.7;376.4;0.0
101.9;164.2;591.8;0.0
142.1;139.9;125.5;0.0
130.9;155.9;39.8;0.0
0.0;155.9;0.0;0.0
0.0;155.9;0.1;0.0
0.0;155.9;0.0;0.0
0.0;155.9;14.3;0.0
0.0;155.9;13.0;0.0
0.0;155.9;7.7;0.0
0.0;155.9;7.0;0.0
0.0;155.9;6.6;0.0
0.0;155.9;6.0;0.0
0.0;155.9;3.4;0.0
0.0;155.9;4.0;0.0
0.0;155.9;5.5;0.0
0.0;155.9;5.0;0.0
0.0;155.9;8.8;0.0
0.0;155.9;5.0;0.0
0.0;155.9;7.7;0.0
0.0;155.9;4.0;0.0
55.0;155.9;5.5;0.0
311.9;160.0;5.1;0.0
213.0;160.0;3.0;0.0
550.0;160.0;0.0;0.0
576.4;161.0;2.3;0.0
218.9;161.0;0.0;0.0
0.0;161.0;12.1;0.0
0.0;161.0;0.0;0.0
0.0;161.0;2.5;0.0
0.0;161.0;8.8;0.0
0.0;161.0;5.0;0.0
0.0;161.0;7.7;0.0
0.0;161.0;6.0;0.0
0.0;161.0;6.6;0.0
0.0;161.0;6.0;0.0
0.0;161.0;5.5;0.0
0.0;161.0;5.0;0.0
0.0;161.0;4.4;0.0
0.0;161.0;4.0;0.0
484.0;161.0;3.6;0.0
477.0;161.0;0.0;0.0
170.0;161.2;4.7;0.0
550.0;161.2;0.0;0.0
572.0;161.2;10.1;0.0
215.6;161.2;0.0;0.0
0.0;161.2;25.1;0.0
0.0;161.2;1.1;0.0
0.0;161.2;9.5;0.0
0.0;161.2;8.8;0.0
0.0;161.2;2.2;0.0
0.0;161.2;7.7;0.0
0.0;161.2;2.7;0.0
0.0;161.2;5.5;0.0
55.0;161.2;3.7;0.0
0.0;161.2;5.5;0.0
0.0;161.2;5.6;0.0
0.0;161.2;4.4;0.0
393.0;161.2;0.6;0.0
348.0;161.2;4.6;0.0
0.0;161.2;5.5;0.0
476.3;161.7;4.8;0.0
657.8;162.2;5.5;0.0
378.0;226.2;162.0;40.0
433.5;689.6;1526.6;0.0
57.1;879.9;3232.9;88.0
48.9;579.6;9274.9;0.0
85.1;277.1;3193.6;2156.0
99.0;277.1;4.6;1432.0
95.8;552.7;3.5;1804.0
