60.9;342.2;1212.5;0.0
315.0;538.6;281.6;0.0
755.9;378.4;568.7;0.0
487.0;172.4;419.0;0.0
0.0;156.4;31.0;0.0
0.0;156.4;0.0;0.0
0.0;156.4;1.0;0.0
0.0;156.4;0.0;0.0
50.0;156.4;13.0;0.0
0.0;156.4;0.0;0.0
0.0;156.4;0.0;0.0
0.0;156.4;0.0;0.0
0.0;156.4;0.0;0.0
0.0;156.4;0.0;0.0
0.0;156.4;0.0;0.0
0.0;156.4;7.0;0.0
0.0;156.4;0.0;0.0
0.0;156.4;4.0;0.0
0.0;156.4;0.0;0.0
0.0;156.4;5.0;0.0
0.0;156.4;0.0;0.0
0.0;156.4;3.0;0.0
0.0;156.4;0.0;0.0
0.0;156.4;2.0;0.0
0.0;156.4;0.0;0.0
0.0;156.4;5.0;0.0
0.0;156.4;0.0;0.0
0.0;156.4;4.0;0.0
0.0;156.4;0.0;0.0
50.0;189.4;6.0;0.0
499.0;197.4;0.0;0.0
495.0;199.4;0.0;0.0
519.0;206.4;3.0;0.0
0.0;206.4;0.0;0.0
0.0;206.4;1.0;0.0
0.0;206.4;0.0;0.0
0.0;206.4;12.0;0.0
0.0;206.4;0.0;0.0
0.0;206.4;7.0;0.0
0.0;206.4;0.0;0.0
0.0;206.4;6.0;0.0
0.0;206.4;0.0;0.0
0.0;206.4;4.0;0.0
0.0;206.4;0.0;0.0
0.0;206.4;7.0;0.0
0.0;206.4;0.0;0.0
0.0;206.4;6.0;0.0
0.0;206.4;0.0;0.0
315.0;209.4;6.0;0.0
520.0;209.4;0.0;0.0
497.0;210.4;11.0;0.0
0.0;210.4;0.0;0.0
0.0;210.4;2.0;0.0
0.0;210.4;0.0;0.0
0.0;210.4;12.1;0.0
0.0;210.4;12.0;0.0
0.0;210.4;5.1;0.0
0.0;210.4;0.0;0.0
0.0;210.4;5.7;0.0
0.0;210.4;0.0;0.0
55.0;210.4;5.4;0.0
0.0;210.4;0.0;0.0
0.0;210.4;5.5;0.0
0.0;210.4;0.0;0.0
0.0;210.4;4.6;0.0
0.0;210.4;0.0;0.0
0.0;210.4;7.3;0.0
0.0;210.4;0.0;0.0
596.0;223.4;7.4;0.0
699.0;393.4;173.0;40.0
195.2;1333.1;11649.7;0.0
55.4;1335.1;15.0;4320.0
58.9;380.4;0.0;0.0
52.5;161.1;0.3;0.0
15.0;161.1;0.0;0.0
0.0;161.1;0.0;0.0
0.0;161.1;0.1;0.0
0.0;161.1;0.0;0.0
0.0;161.1;1.3;0.0
0.0;161.1;0.0;0.0
0.0;161.1;0.7;0.0
0.0;161.1;0.0;0.0
0.0;161.1;0.6;0.0
0.0;161.1;0.4;0.0
0.0;161.1;0.1;0.0
0.0;161.1;0.5;0.0
0.0;161.1;0.0;0.0
0.0;161.1;0.6;0.0
4.9;161.1;0.1;0.0
5.0;161.3;0.6;0.0
49.5;161.3;0.0;0.0
50.0;161.3;0.0;0.0
40.0;161.3;1.1;0.0
0.0;161.3;0.0;0.0
5.0;161.3;0.2;0.0
0.0;161.3;0.0;0.0
0.0;161.3;2.5;0.0
0.0;161.3;0.0;0.0
0.0;161.3;0.7;0.0
0.0;161.3;0.7;0.0
