57.9;126.7;231.5;0.0
99.9;185.3;114.4;0.0
186.9;183.5;216.3;0.0
252.0;182.4;50.0;0.0
0.0;156.4;66.0;0.0
0.0;156.4;1.0;0.0
0.0;156.4;1.1;0.0
50.0;156.4;13.0;0.0
55.0;156.4;14.3;0.0
0.0;156.4;0.0;0.0
0.0;156.4;0.7;0.0
0.0;156.4;6.0;0.0
0.0;156.4;4.4;0.0
0.0;156.4;4.0;0.0
0.0;156.4;1.3;0.0
0.0;156.4;2.0;0.0
0.0;156.4;0.4;0.0
0.0;156.4;2.0;0.0
0.0;156.4;2.6;0.0
0.0;156.4;2.0;0.0
0.0;156.4;2.6;0.0
0.0;156.4;2.0;0.0
83.0;160.2;2.7;0.0
79.8;160.2;0.0;0.0
101.0;160.4;3.0;0.0
212.0;161.1;3.3;0.0
0.0;161.1;0.0;0.0
0.0;161.1;0.1;0.0
0.0;161.1;0.0;0.0
0.0;161.1;1.3;0.0
0.0;161.1;0.0;0.0
0.0;161.1;0.7;0.0
0.0;161.1;0.0;0.0
0.0;161.1;0.6;0.0
0.0;161.1;0.0;0.0
0.0;161.1;2.5;0.0
0.0;161.1;0.0;0.0
0.0;161.1;0.5;0.0
0.0;161.1;0.0;0.0
0.0;161.1;1.5;0.0
0.0;161.1;0.0;0.0
180.6;161.4;4.4;0.0
61.9;161.4;0.0;0.0
190.5;161.4;1.1;0.0
270.6;161.4;0.0;0.0
0.0;161.4;2.0;0.0
0.0;161.4;2.2;0.0
0.0;161.4;25.0;0.0
0.0;161.4;26.4;0.0
0.0;161.4;7.0;0.0
0.0;161.4;15.4;0.0
0.0;161.4;6.0;0.0
0.0;161.4;9.9;0.0
0.0;161.4;0.4;0.0
0.0;161.4;3.4;0.0
0.0;161.4;3.3;0.0
0.0;161.4;2.4;0.0
0.0;161.4;2.3;0.0
0.0;161.4;1.6;0.0
693.0;161.4;0.5;0.0
765.2;162.4;1.6;0.0
402.6;162.8;0.4;0.0
558.8;346.8;180.5;88.0
491.7;741.7;1663.6;0.0
543.4;1083.8;4807.2;0.0
548.9;1083.8;3631.6;0.0
97.2;1291.0;2564.1;40.0
96.8;900.0;1906.4;1452.0
104.6;591.0;5099.6;2112.0
67.2;339.6;4647.5;1408.0
