243.9;278.6;188.3;4520.0
145.4;248.4;410.3;80.0
99.0;475.5;130.7;8320.0
303.0;335.4;412.5;5720.0
399.0;156.4;401.0;0.0
0.0;156.4;1.1;0.0
0.0;156.4;1.0;0.0
52.8;156.4;13.2;0.0
0.0;156.4;5.0;0.0
48.0;156.4;1.7;0.0
0.0;156.4;0.0;0.0
0.0;156.4;0.7;0.0
0.0;156.4;0.0;0.0
0.0;156.4;2.6;0.0
0.0;156.4;0.0;0.0
0.0;156.4;1.5;0.0
0.0;156.4;0.0;0.0
0.0;156.4;1.5;0.0
0.0;156.4;0.0;0.0
0.0;156.4;0.6;0.0
0.0;156.4;0.0;0.0
323.4;200.2;1.5;0.0
548.9;200.2;0.0;0.0
406.0;160.2;5.0;0.0
64.6;161.1;3.3;0.0
283.5;161.1;0.0;0.0
500.0;161.1;3.0;0.0
0.0;161.1;1.1;0.0
0.0;161.1;1.0;0.0
0.0;161.1;14.3;0.0
0.0;161.1;13.0;0.0
0.0;161.1;7.7;0.0
0.0;161.1;7.0;0.0
0.0;161.1;6.6;0.0
0.0;161.1;5.0;0.0
0.0;161.1;4.4;0.0
0.0;161.1;5.0;0.0
0.0;161.1;4.4;0.0
0.0;161.1;0.0;0.0
0.0;161.1;2.6;0.0
0.0;161.1;4.4;0.0
544.5;161.4;4.1;0.0
550.0;161.4;0.0;0.0
350.8;161.4;5.1;0.0
513.0;161.4;0.0;0.0
507.0;161.4;9.2;0.0
0.0;161.4;0.0;0.0
0.0;161.4;26.6;0.0
0.0;161.4;0.0;0.0
0.0;161.4;12.4;0.0
0.0;161.4;0.0;0.0
0.0;161.4;8.6;0.0
0.0;161.4;4.4;0.0
0.0;161.4;5.5;0.0
0.0;161.4;4.4;0.0
0.0;161.4;5.4;0.0
55.0;161.4;4.4;0.0
0.0;161.4;3.5;0.0
0.0;161.4;4.4;0.0
0.0;161.4;5.5;0.0
627.0;161.9;8.8;0.0
866.8;162.7;5.4;0.0
108.9;252.3;151.1;88.0
462.6;736.7;1680.2;0.0
91.2;245.7;6480.2;40.0
64.1;556.7;1563.6;680.0
62.6;481.0;3470.9;3920.0
114.4;1225.7;24.2;1452.0
48.5;276.7;0.6;192.0
49.6;276.7;0.4;128.0
52.6;184.8;0.3;20.0
