88.6;253.7;677.6;0.0
152.4;333.6;239.8;0.0
122.5;351.1;513.0;0.0
709.3;305.6;208.2;0.0
328.9;155.9;441.1;0.0
0.0;155.9;1.0;0.0
0.0;155.9;1.1;0.0
0.0;155.9;12.0;0.0
0.0;155.9;14.3;0.0
0.0;155.9;7.0;0.0
0.0;155.9;7.7;0.0
0.0;155.9;5.0;0.0
0.0;155.9;6.6;0.0
0.0;155.9;7.0;0.0
0.0;155.9;4.4;0.0
0.0;155.9;4.0;0.0
0.0;155.9;3.3;0.0
0.0;155.9;4.0;0.0
0.0;155.9;5.5;0.0
0.0;155.9;5.0;0.0
0.0;155.9;4.4;0.0
184.0;198.9;4.0;0.0
408.0;181.9;5.5;0.0
144.8;159.7;3.0;0.0
550.0;159.7;0.0;0.0
548.9;160.0;1.0;0.0
537.9;160.7;3.3;0.0
0.0;160.7;12.0;0.0
0.0;160.7;1.1;0.0
0.0;160.7;7.0;0.0
0.0;160.7;14.3;0.0
0.0;160.7;6.0;0.0
0.0;160.7;7.7;0.0
0.0;160.7;3.0;0.0
0.0;160.7;7.7;0.0
0.0;160.7;4.0;0.0
53.9;160.7;4.4;0.0
0.0;160.7;5.0;0.0
0.0;160.7;6.6;0.0
466.0;160.7;5.0;0.0
498.0;160.7;4.7;0.0
0.0;160.7;0.0;0.0
0.0;160.7;2.4;0.0
566.5;160.9;0.0;0.0
548.9;160.9;15.1;0.0
273.9;160.9;0.0;0.0
0.0;160.9;13.1;0.0
0.0;160.9;1.1;0.0
0.0;160.9;10.0;0.0
52.8;160.9;27.5;0.0
0.0;160.9;9.0;0.0
0.0;160.9;15.4;0.0
0.0;160.9;10.0;0.0
0.0;160.9;12.1;0.0
0.0;160.9;8.0;0.0
0.0;160.9;11.0;0.0
0.0;160.9;9.0;0.0
0.0;160.9;8.8;0.0
247.0;160.9;7.2;0.0
822.0;237.9;120.8;40.0
600.0;701.9;1154.4;0.0
428.9;1003.9;6634.6;0.0
255.9;1003.9;3396.0;0.0
222.9;1313.2;518.5;680.0
106.0;1134.1;578.1;1848.0
123.7;567.1;4275.0;1280.0
79.0;849.6;3405.9;520.0
47.4;245.6;339.2;0.0
49.4;276.6;91.5;68.0
50.0;276.6;0.6;192.0
50.0;276.6;0.6;192.0
55.0;246.2;0.3;20.0
