50.0;227.6;262.4;240.0
78.0;180.6;702.3;120.0
167.8;204.4;185.2;0.0
351.0;207.5;76.4;0.0
55.0;156.4;127.6;0.0
0.0;156.4;1.0;0.0
0.0;156.4;0.0;0.0
0.0;156.4;12.0;0.0
0.0;156.4;0.0;0.0
0.0;156.4;7.0;0.0
0.0;156.4;0.0;0.0
0.0;156.4;5.0;0.0
0.0;156.4;0.0;0.0
0.0;156.4;3.0;0.0
0.0;156.4;4.0;0.0
0.0;156.4;3.0;0.0
450.0;192.4;8.0;0.0
524.0;194.4;0.0;0.0
500.0;194.4;0.0;0.0
498.0;201.4;3.0;0.0
0.0;201.4;0.0;0.0
0.0;201.4;1.0;0.0
0.0;201.4;0.0;0.0
48.0;201.4;13.0;0.0
0.0;201.4;0.0;0.0
0.0;201.4;7.0;0.0
0.0;201.4;0.0;0.0
0.0;201.4;7.0;0.0
0.0;201.4;0.0;0.0
0.0;201.4;7.0;0.0
0.0;201.4;0.0;0.0
0.0;207.4;8.0;0.0
498.0;204.4;0.0;0.0
483.0;204.4;0.0;0.0
499.0;204.4;11.0;0.0
0.0;204.4;0.0;0.0
0.0;204.4;2.0;0.0
0.0;204.4;0.0;0.0
0.0;204.4;25.0;0.0
0.0;204.4;0.0;0.0
0.0;204.4;14.0;0.0
0.0;204.4;0.0;0.0
0.0;204.4;10.0;0.0
0.0;204.4;0.0;0.0
0.0;204.4;14.0;0.0
0.0;204.4;0.0;0.0
249.0;216.4;15.0;0.0
824.0;277.4;128.0;40.0
537.0;1361.4;11703.0;240.0
498.0;1364.4;4.0;1320.0
494.0;1364.4;6.0;1920.0
475.0;1059.4;7.0;1680.0
0.0;156.4;0.0;0.0
0.0;156.4;0.0;0.0
0.0;156.4;0.0;0.0
0.0;156.4;0.0;0.0
0.0;156.4;0.1;0.0
0.0;156.4;0.0;0.0
0.0;156.4;1.3;0.0
0.0;156.4;0.0;0.0
0.0;156.4;0.7;0.0
0.0;156.4;0.0;0.0
0.0;156.4;0.6;0.0
0.0;156.4;0.5;0.0
0.0;156.4;0.0;0.0
0.0;156.4;0.4;0.0
0.0;156.4;0.0;0.0
0.0;156.4;0.5;0.0
0.0;156.4;0.0;0.0
4.9;156.4;0.4;0.0
0.0;156.4;0.0;0.0
9.8;160.0;0.5;0.0
49.6;160.0;0.0;0.0
49.8;160.0;0.0;0.0
52.6;161.0;0.3;0.0
29.9;161.0;0.0;0.0
0.0;161.0;0.0;0.0
0.0;161.0;0.1;0.0
0.0;161.0;0.0;0.0
0.0;161.0;1.3;0.0
0.0;161.0;0.0;0.0
0.0;161.0;0.7;0.0
0.0;161.0;0.0;0.0
0.0;161.0;0.7;0.0
0.0;161.0;0.0;0.0
0.0;161.0;0.0;0.0
0.0;161.0;0.0;0.0
0.0;161.0;0.0;0.0
0.0;161.0;0.0;0.0
0.0;161.0;0.0;0.0
0.0;161.0;0.1;0.0
0.0;161.0;0.9;0.0
0.0;161.0;0.1;0.0
0.0;161.0;0.5;0.0
0.0;161.0;0.2;0.0
0.0;161.0;0.5;0.0
0.0;161.0;0.3;0.0
9.9;161.2;0.5;0.0
49.9;161.2;0.0;0.0
52.2;161.2;1.1;0.0
