89.4;115.8;159.4;0.0
167.8;135.6;122.6;0.0
114.5;224.9;235.0;0.0
158.4;156.5;225.3;0.0
0.0;156.5;0.0;0.0
0.0;156.5;0.1;0.0
0.0;156.5;0.0;0.0
0.0;156.5;1.3;0.0
0.0;156.5;0.0;0.0
0.0;156.5;0.7;0.0
0.0;156.5;0.0;0.0
0.0;156.5;0.6;0.0
0.0;156.5;0.0;0.0
0.0;156.5;0.4;0.0
0.0;156.5;0.0;0.0
0.0;156.5;2.6;0.0
0.0;156.5;0.0;0.0
50.0;156.5;0.6;0.0
0.0;156.5;2.2;0.0
0.0;156.5;2.4;0.0
0.0;180.5;4.4;0.0
318.8;160.4;7.0;0.0
92.4;161.4;0.0;0.0
166.6;161.4;3.3;0.0
520.0;161.4;3.0;0.0
0.0;161.4;1.1;0.0
0.0;161.4;1.0;0.0
0.0;161.4;14.3;0.0
0.0;161.4;13.0;0.0
0.0;161.4;7.7;0.0
0.0;161.4;7.0;0.0
0.0;161.4;6.6;0.0
0.0;161.4;4.0;0.0
0.0;161.4;4.4;0.0
0.0;161.4;5.0;0.0
52.8;161.4;4.4;0.0
0.0;161.4;4.0;0.0
0.0;161.4;5.5;0.0
0.0;161.4;5.0;0.0
150.7;161.7;8.8;0.0
496.1;161.7;5.0;0.0
713.9;161.7;12.1;0.0
319.0;161.7;2.0;0.0
480.0;161.7;2.2;0.0
590.0;161.7;11.0;0.0
0.0;161.7;14.3;0.0
0.0;161.7;11.2;0.0
0.0;161.7;7.7;0.0
0.0;161.7;19.7;0.0
0.0;161.7;6.6;0.0
0.0;161.7;9.5;0.0
0.0;161.7;5.5;0.0
0.0;161.7;4.7;0.0
0.0;161.7;5.5;0.0
0.0;161.7;0.7;0.0
0.0;161.7;5.5;0.0
0.0;161.7;4.5;0.0
0.0;161.7;6.6;0.0
667.7;162.1;3.7;0.0
540.1;180.1;5.5;0.0
545.6;261.5;146.1;44.0
552.2;1093.1;6818.9;0.0
408.6;1426.8;6055.0;0.0
466.4;1425.1;4.4;1452.0
485.1;1425.1;6.6;2112.0
