50.0;102.7;111.1;480.0
84.0;137.4;90.3;1160.0
196.1;192.6;184.4;0.0
224.0;182.3;154.2;0.0
286.6;156.5;129.1;80.0
0.0;156.5;0.0;0.0
55.0;156.5;0.1;0.0
0.0;156.5;0.0;0.0
50.0;156.5;13.0;0.0
0.0;156.5;13.2;0.0
0.0;156.5;0.7;0.0
0.0;156.5;0.0;0.0
0.0;156.5;0.6;0.0
0.0;156.5;1.1;0.0
0.0;156.5;2.4;0.0
0.0;156.5;1.1;0.0
0.0;156.5;5.0;0.0
0.0;156.5;5.5;0.0
0.0;156.5;5.0;0.0
0.0;156.5;5.5;0.0
0.0;156.5;5.0;0.0
0.0;156.5;5.5;0.0
226.0;194.5;6.0;0.0
80.8;160.4;7.7;0.0
50.0;160.4;0.0;0.0
49.1;160.6;3.0;0.0
561.0;161.4;3.3;0.0
55.0;161.4;1.0;0.0
0.0;161.4;1.1;0.0
0.0;161.4;13.0;0.0
0.0;161.4;14.3;0.0
0.0;161.4;7.0;0.0
0.0;161.4;0.0;0.0
0.0;161.4;7.0;0.0
0.0;161.4;0.0;0.0
0.0;161.4;3.7;0.0
0.0;161.4;0.0;0.0
50.0;161.4;2.6;0.0
0.0;161.4;0.0;0.0
0.0;161.4;0.5;0.0
0.0;161.4;0.0;0.0
349.0;161.4;1.5;0.0
546.0;161.4;0.0;0.0
490.0;161.4;7.4;0.0
0.0;161.4;0.0;0.0
110.0;161.6;5.7;0.0
520.3;161.6;0.0;0.0
547.8;161.6;26.0;0.0
495.0;161.6;12.1;0.0
0.0;161.6;14.0;0.0
0.0;161.6;2.2;0.0
0.0;161.6;11.0;0.0
0.0;161.6;27.5;0.0
0.0;161.6;9.0;0.0
0.0;161.6;15.4;0.0
0.0;161.6;8.0;0.0
55.0;161.6;9.9;0.0
0.0;161.6;8.0;0.0
0.0;161.6;7.8;0.0
0.0;161.6;6.0;0.0
490.0;161.6;0.8;0.0
291.0;161.6;4.0;0.0
0.0;161.6;11.0;0.0
199.0;161.6;7.0;0.0
285.6;384.1;520.1;40.0
242.9;998.6;5061.0;0.0
197.1;995.0;3587.5;0.0
67.0;1110.2;2159.1;44.0
71.7;838.3;4274.4;1320.0
85.0;560.2;3235.9;2560.0
108.5;885.2;3924.0;640.0
50.0;277.2;91.5;68.0
50.0;277.2;0.4;128.0
50.0;277.2;0.6;192.0
47.9;185.9;0.3;64.0
