0.0;156.3;0.0;0.0
55.0;156.3;12.2;0.0
0.0;156.3;0.0;0.0
0.0;156.3;5.7;0.0
0.0;156.3;0.0;0.0
0.0;156.3;3.4;0.0
0.0;156.3;0.0;0.0
0.0;156.3;1.4;0.0
0.0;156.3;0.0;0.0
0.0;156.3;0.5;0.0
0.0;156.3;0.0;0.0
0.0;156.3;1.5;0.0
0.0;156.3;0.0;0.0
50.0;156.3;0.5;0.0
0.0;156.3;4.0;0.0
273.9;196.1;4.5;0.0
545.6;196.1;0.0;0.0
56.6;160.3;6.0;0.0
255.8;161.0;0.3;0.0
385.0;161.0;0.0;0.0
50.0;161.0;1.0;0.0
0.0;161.0;1.1;0.0
0.0;161.0;13.0;0.0
0.0;161.0;14.3;0.0
0.0;161.0;7.0;0.0
0.0;161.0;7.7;0.0
0.0;161.0;6.0;0.0
0.0;161.0;7.7;0.0
0.0;161.0;4.0;0.0
0.0;161.0;5.5;0.0
0.0;161.0;4.0;0.0
0.0;161.0;7.7;0.0
0.0;161.0;5.0;0.0
0.0;161.0;7.7;0.0
0.0;161.0;4.0;0.0
163.9;161.3;10.0;0.0
403.0;161.3;3.0;0.0
72.0;161.3;0.0;0.0
184.0;161.3;1.1;0.0
199.0;161.3;0.0;0.0
0.0;161.3;2.2;0.0
0.0;161.3;1.0;0.0
0.0;161.3;28.6;0.0
49.0;161.3;14.0;0.0
0.0;161.3;15.4;0.0
0.0;161.3;7.0;0.0
0.0;161.3;6.6;0.0
0.0;161.3;2.4;0.0
0.0;161.3;4.4;0.0
0.0;161.3;2.4;0.0
0.0;161.3;6.6;0.0
55.0;161.3;1.5;0.0
0.0;161.3;5.5;0.0
0.0;161.3;12.5;0.0
429.0;161.8;8.8;0.0
746.9;162.2;9.4;0.0
0.0;162.2;0.0;0.0
70.8;162.6;10.5;0.0
540.1;382.3;592.9;44.0
486.2;738.7;3871.3;0.0
577.5;1078.6;4268.0;0.0
541.2;1419.6;4294.9;0.0
533.5;1421.8;4.4;1452.0
555.5;1421.8;4.8;2816.0
561.0;404.3;3.3;572.0
