95.8;99.5;97.2;0.0
50.0;145.3;177.5;0.0
84.8;177.4;143.2;0.0
102.0;154.9;73.1;0.0
0.0;156.4;20.9;0.0
0.0;156.4;1.0;0.0
0.0;156.4;1.1;0.0
0.0;156.4;0.0;0.0
0.0;156.4;2.2;0.0
0.0;156.4;0.0;0.0
0.0;156.4;0.7;0.0
0.0;156.4;0.0;0.0
0.0;156.4;2.4;0.0
0.0;156.4;0.0;0.0
0.0;156.4;1.4;0.0
0.0;156.4;0.0;0.0
0.0;156.4;1.3;0.0
0.0;156.4;0.0;0.0
0.0;156.4;0.5;0.0
0.0;156.4;0.0;0.0
0.0;156.4;2.7;0.0
0.0;156.4;0.0;0.0
152.6;159.4;1.7;0.0
61.8;159.9;0.0;0.0
94.5;160.1;3.0;0.0
544.5;160.1;0.0;0.0
486.2;160.8;2.3;0.0
0.0;160.8;0.0;0.0
0.0;160.8;11.1;0.0
0.0;160.8;7.0;0.0
0.0;160.8;14.3;0.0
0.0;160.8;6.0;0.0
0.0;160.8;7.7;0.0
0.0;160.8;5.0;0.0
0.0;160.8;4.4;0.0
0.0;160.8;7.0;0.0
0.0;160.8;4.4;0.0
0.0;160.8;6.0;0.0
0.0;160.8;4.4;0.0
0.0;160.8;6.0;0.0
0.0;160.8;3.4;0.0
174.0;160.8;3.0;0.0
368.7;161.0;5.5;0.0
104.0;161.0;11.0;0.0
445.5;161.0;0.0;0.0
440.0;161.0;10.1;0.0
0.0;161.0;0.0;0.0
0.0;161.0;23.2;0.0
0.0;161.0;0.0;0.0
0.0;161.0;12.4;0.0
0.0;161.0;0.0;0.0
55.0;161.0;3.4;0.0
0.0;161.0;0.0;0.0
0.0;161.0;5.9;0.0
0.0;161.0;4.0;0.0
0.0;161.0;8.1;0.0
0.0;161.0;4.0;0.0
0.0;161.0;7.1;0.0
0.0;161.0;4.0;0.0
0.0;161.0;3.8;0.0
623.0;161.0;5.1;0.0
39.3;207.5;71.9;40.0
306.3;380.9;452.0;0.0
142.8;992.3;4224.5;0.0
58.6;809.2;3944.3;88.0
60.8;557.3;4161.5;0.0
49.0;560.3;3830.6;1320.0
77.2;276.3;1766.3;2560.0
49.0;861.1;15.7;4416.0
