44.7;153.5;328.8;0.0
95.0;236.0;81.2;0.0
180.0;198.2;271.9;0.0
311.0;184.5;50.8;0.0
55.0;156.1;46.2;0.0
50.0;156.1;1.0;0.0
0.0;156.1;1.1;0.0
0.0;156.1;13.0;0.0
0.0;156.1;14.3;0.0
0.0;156.1;7.0;0.0
55.0;156.1;7.7;0.0
0.0;156.1;7.0;0.0
0.0;156.1;6.6;0.0
0.0;156.1;6.0;0.0
0.0;156.1;6.6;0.0
0.0;156.1;6.0;0.0
0.0;156.1;5.5;0.0
0.0;156.1;6.0;0.0
0.0;156.1;4.4;0.0
0.0;156.1;5.0;0.0
0.0;156.1;6.6;0.0
244.0;199.1;6.0;0.0
364.6;160.2;7.7;0.0
50.0;160.2;0.0;0.0
127.0;160.2;3.0;0.0
596.2;161.3;1.1;0.0
328.9;161.3;1.2;0.0
0.0;161.3;0.0;0.0
0.0;161.3;12.1;0.0
0.0;161.3;0.0;0.0
55.0;161.3;7.3;0.0
0.0;161.3;0.0;0.0
0.0;161.3;1.7;0.0
0.0;161.3;0.0;0.0
0.0;161.3;1.5;0.0
0.0;161.3;0.0;0.0
0.0;161.3;3.4;0.0
0.0;161.3;0.0;0.0
0.0;161.3;1.3;0.0
0.0;161.3;0.0;0.0
0.0;161.3;5.5;0.0
480.0;161.3;6.0;0.0
405.7;161.5;6.5;0.0
539.0;161.5;0.0;0.0
603.9;161.5;10.1;0.0
273.9;161.5;0.0;0.0
0.0;161.5;26.0;0.0
0.0;161.5;2.2;0.0
0.0;161.5;14.0;0.0
0.0;161.5;28.6;0.0
0.0;161.5;10.0;0.0
0.0;161.5;15.4;0.0
0.0;161.5;8.0;0.0
55.0;161.5;8.8;0.0
0.0;161.5;5.0;0.0
0.0;161.5;5.8;0.0
0.0;161.5;1.0;0.0
0.0;161.5;2.8;0.0
0.0;161.5;1.0;0.0
618.0;161.5;2.0;0.0
0.0;161.5;3.0;0.0
320.1;162.0;14.3;0.0
718.9;162.4;5.0;0.0
93.9;328.5;92.4;48.0
82.9;491.3;1927.2;0.0
50.0;245.9;1823.9;0.0
63.9;245.9;965.0;0.0
66.8;276.5;1627.3;0.0
81.0;277.0;9.6;1988.0
49.6;277.0;2.8;896.0
92.0;1196.0;1.4;1288.0
49.1;185.0;0.3;36.0
