57.0;232.8;322.5;0.0
143.9;197.0;256.4;0.0
313.6;279.7;329.1;0.0
527.8;306.5;81.9;0.0
437.8;156.7;441.1;0.0
0.0;156.7;1.0;0.0
0.0;156.7;1.1;0.0
0.0;156.7;0.0;0.0
0.0;156.7;13.0;0.0
0.0;156.7;14.3;0.0
0.0;156.7;7.0;0.0
0.0;156.7;7.7;0.0
0.0;156.7;6.0;0.0
0.0;156.7;5.5;0.0
50.0;156.7;5.0;0.0
0.0;156.7;5.5;0.0
0.0;156.7;5.0;0.0
0.0;156.7;6.6;0.0
0.0;156.7;7.0;0.0
0.0;156.7;5.5;0.0
0.0;156.7;5.0;0.0
0.0;156.7;5.5;0.0
139.0;190.7;5.0;0.0
154.9;160.2;5.5;0.0
70.5;160.2;0.0;0.0
71.8;160.4;3.0;0.0
589.6;161.2;3.3;0.0
165.0;161.2;1.0;0.0
0.0;161.2;1.1;0.0
0.0;161.2;13.0;0.0
0.0;161.2;0.0;0.0
0.0;161.2;7.3;0.0
0.0;161.2;0.0;0.0
0.0;161.2;1.7;0.0
0.0;161.2;0.0;0.0
55.0;161.2;1.7;0.0
0.0;161.2;0.0;0.0
0.0;161.2;1.5;0.0
0.0;161.2;0.0;0.0
0.0;161.2;1.5;0.0
0.0;161.2;0.0;0.0
0.0;161.2;1.6;0.0
501.0;161.2;2.0;0.0
159.8;161.3;2.9;0.0
247.4;161.3;0.0;0.0
587.4;161.3;12.1;0.0
0.0;161.3;2.0;0.0
0.0;161.3;2.2;0.0
0.0;161.3;26.0;0.0
0.0;161.3;27.5;0.0
0.0;161.3;14.0;0.0
0.0;161.3;15.4;0.0
50.0;161.3;10.0;0.0
0.0;161.3;11.0;0.0
0.0;161.3;8.0;0.0
0.0;161.3;9.9;0.0
0.0;161.3;10.0;0.0
0.0;161.3;8.8;0.0
0.0;161.3;11.0;0.0
0.0;161.3;13.2;0.0
0.0;161.3;8.0;0.0
213.4;161.8;11.0;0.0
290.0;162.3;7.0;0.0
64.0;162.7;8.8;0.0
443.7;226.4;149.1;88.0
180.8;523.7;1144.2;40.0
564.3;554.8;1716.7;0.0
599.5;277.0;15.8;2932.0
93.0;1226.0;6.6;2112.0
54.1;246.6;0.7;132.0
