58.9;250.3;1017.5;0.0
305.8;413.9;351.5;0.0
700.3;313.9;352.1;0.0
495.0;156.3;441.1;0.0
0.0;156.3;1.0;0.0
0.0;156.3;1.1;0.0
0.0;156.3;12.0;0.0
0.0;156.3;4.4;0.0
0.0;156.3;1.8;0.0
0.0;156.3;0.0;0.0
53.9;156.3;2.7;0.0
0.0;156.3;0.0;0.0
0.0;156.3;1.5;0.0
0.0;156.3;1.0;0.0
0.0;156.3;3.5;0.0
0.0;156.3;4.0;0.0
0.0;156.3;3.4;0.0
0.0;156.3;4.0;0.0
0.0;156.3;4.6;0.0
0.0;156.3;1.2;0.0
0.0;156.3;3.3;0.0
0.0;156.3;0.4;0.0
519.2;196.0;2.2;0.0
220.5;160.9;3.3;0.0
185.0;160.9;0.0;0.0
506.0;160.9;0.0;0.0
400.0;160.9;2.1;0.0
0.0;160.9;0.0;0.0
0.0;160.9;12.2;0.0
0.0;160.9;0.0;0.0
0.0;160.9;5.7;0.0
0.0;160.9;0.0;0.0
0.0;160.9;1.6;0.0
0.0;160.9;0.0;0.0
0.0;160.9;1.6;0.0
0.0;160.9;0.0;0.0
0.0;160.9;2.6;0.0
0.0;160.9;0.0;0.0
0.0;160.9;0.4;0.0
0.0;160.9;0.0;0.0
434.5;161.1;3.7;0.0
553.3;161.1;0.0;0.0
74.6;161.1;8.1;0.0
464.0;161.1;11.0;0.0
0.0;161.1;2.2;0.0
0.0;161.1;2.0;0.0
0.0;161.1;28.6;0.0
0.0;161.1;26.0;0.0
0.0;161.1;15.4;0.0
50.0;161.1;7.0;0.0
0.0;161.1;2.9;0.0
0.0;161.1;5.0;0.0
0.0;161.1;3.8;0.0
0.0;161.1;4.0;0.0
0.0;161.1;5.0;0.0
0.0;161.1;3.0;0.0
0.0;161.1;4.8;0.0
0.0;161.1;4.0;0.0
0.0;161.1;6.1;0.0
0.0;161.1;0.0;0.0
268.4;162.0;2.0;0.0
753.5;162.5;0.0;0.0
152.8;345.1;162.9;88.0
102.5;859.1;3999.7;40.0
48.5;245.6;837.3;0.0
124.9;564.8;511.1;0.0
159.8;441.8;3547.2;1452.0
125.8;276.8;16.6;792.0
