74.2;242.9;290.1;0.0
90.6;131.0;553.2;0.0
132.8;370.4;534.3;7440.0
442.0;212.4;336.0;18960.0
46.0;156.4;103.0;8960.0
0.0;156.4;1.1;0.0
0.0;156.4;1.0;0.0
0.0;156.4;14.3;0.0
0.0;156.4;13.0;0.0
0.0;156.4;7.7;0.0
0.0;156.4;7.0;0.0
0.0;156.4;5.5;0.0
0.0;156.4;5.0;0.0
0.0;156.4;4.4;0.0
0.0;156.4;6.0;0.0
0.0;156.4;5.5;0.0
0.0;156.4;5.0;0.0
0.0;156.4;5.5;0.0
50.0;156.4;6.0;0.0
0.0;156.4;4.4;0.0
0.0;156.4;5.0;0.0
328.9;197.0;5.5;0.0
135.0;160.0;5.0;0.0
224.0;160.0;3.0;0.0
562.1;160.9;3.3;0.0
273.9;160.9;1.0;0.0
0.0;160.9;0.0;0.0
50.0;160.9;11.1;0.0
0.0;160.9;0.0;0.0
0.0;160.9;7.0;0.0
0.0;160.9;0.0;0.0
0.0;160.9;5.0;0.0
0.0;160.9;14.3;0.0
0.0;160.9;6.0;0.0
0.0;160.9;0.0;0.0
0.0;160.9;1.7;0.0
0.0;160.9;0.0;0.0
0.0;160.9;6.0;0.0
0.0;160.9;4.4;0.0
414.0;160.9;5.0;0.0
499.0;160.9;3.3;0.0
425.0;160.9;11.0;0.0
0.0;160.9;4.4;0.0
0.0;160.9;2.0;0.0
0.0;160.9;4.4;0.0
0.0;160.9;26.0;0.0
0.0;160.9;5.5;0.0
163.9;161.1;13.1;0.0
584.1;161.1;0.0;0.0
522.0;161.1;3.1;0.0
273.9;161.1;0.0;0.0
0.0;161.1;7.0;0.0
0.0;161.1;2.2;0.0
0.0;161.1;9.0;0.0
0.0;161.1;28.6;0.0
0.0;161.1;10.0;0.0
0.0;161.1;15.4;0.0
192.0;161.1;12.0;0.0
544.0;161.1;12.1;0.0
0.0;161.1;2.0;0.0
0.0;161.1;7.7;0.0
299.0;189.1;59.0;40.0
450.0;393.1;472.7;0.0
549.0;1012.1;5231.0;0.0
472.0;1012.1;4565.1;0.0
497.0;1323.1;1506.0;0.0
394.7;1318.6;5.2;2600.0
314.5;1314.1;5.1;1920.0
81.0;364.3;168.6;84.0
54.5;183.9;38.5;0.0
50.0;245.2;400.3;0.0
48.0;245.7;318.5;0.0
50.0;245.7;360.9;0.0
49.6;276.7;52.3;68.0
48.0;276.7;0.8;256.0
50.0;246.3;0.5;104.0
54.8;184.3;0.0;0.0
