58.0;189.9;306.7;0.0
67.4;203.9;159.2;0.0
148.5;227.5;357.2;0.0
198.9;282.1;166.1;0.0
149.0;156.1;326.0;0.0
0.0;156.1;1.1;0.0
0.0;156.1;1.0;0.0
0.0;156.1;4.4;0.0
0.0;156.1;9.9;0.0
0.0;156.1;13.0;0.0
0.0;156.1;7.7;0.0
0.0;156.1;1.6;0.0
0.0;156.1;0.0;0.0
0.0;156.1;1.5;0.0
0.0;156.1;0.0;0.0
0.0;156.1;2.5;0.0
0.0;156.1;0.0;0.0
0.0;156.1;0.5;0.0
0.0;156.1;0.0;0.0
0.0;156.1;4.0;0.0
0.0;156.1;3.5;0.0
0.0;156.1;3.1;0.0
495.0;197.1;3.4;0.0
544.5;197.1;3.0;0.0
77.2;160.4;2.0;0.0
67.4;161.1;3.3;0.0
456.0;161.1;0.0;0.0
341.0;161.1;2.1;0.0
0.0;161.1;0.0;0.0
0.0;161.1;13.3;0.0
0.0;161.1;0.0;0.0
0.0;161.1;6.7;0.0
0.0;161.1;0.0;0.0
0.0;161.1;2.5;0.0
0.0;161.1;0.0;0.0
0.0;161.1;2.4;0.0
0.0;161.1;0.0;0.0
0.0;161.1;5.0;0.0
0.0;161.1;6.6;0.0
0.0;161.1;5.0;0.0
0.0;161.1;5.5;0.0
0.0;161.1;5.0;0.0
218.9;161.3;7.7;0.0
207.5;161.3;8.0;0.0
110.9;161.3;12.1;0.0
269.9;161.3;11.0;0.0
0.0;161.3;1.1;0.0
0.0;161.3;1.1;0.0
0.0;161.3;0.0;0.0
0.0;161.3;11.6;0.0
0.0;161.3;0.0;0.0
0.0;161.3;7.7;0.0
0.0;161.3;0.0;0.0
0.0;161.3;4.6;0.0
0.0;161.3;0.0;0.0
0.0;161.3;6.4;0.0
0.0;161.3;8.8;0.0
0.0;161.3;6.5;0.0
55.0;161.3;7.7;0.0
0.0;161.3;1.8;0.0
0.0;161.3;5.5;0.0
493.5;162.3;2.8;0.0
184.0;162.3;4.4;0.0
0.0;162.3;5.0;0.0
0.0;162.3;5.5;0.0
48.0;162.3;6.0;0.0
499.0;261.3;162.4;40.0
500.0;1304.3;11687.0;0.0
500.0;1310.3;5.7;680.0
485.0;1310.3;8.0;2560.0
500.0;1005.3;1.6;1240.0
0.0;162.3;0.0;0.0
29.8;162.7;0.8;0.0
49.9;182.6;53.3;4.0
50.0;245.9;407.1;0.0
52.1;245.9;211.8;0.0
49.9;245.9;320.6;0.0
49.0;277.0;144.5;0.0
50.0;277.0;0.6;196.0
47.5;277.0;0.6;192.0
49.5;246.6;0.3;28.0
