100.9;201.8;349.0;0.0
50.0;189.3;109.0;0.0
238.9;224.1;354.2;0.0
243.9;285.3;161.1;0.0
199.0;156.3;320.0;0.0
0.0;156.3;0.0;0.0
0.0;156.3;0.1;0.0
0.0;156.3;0.0;0.0
0.0;156.3;2.3;0.0
0.0;156.3;0.0;0.0
0.0;156.3;0.7;0.0
0.0;156.3;0.0;0.0
0.0;156.3;0.6;0.0
0.0;156.3;0.0;0.0
0.0;156.3;0.4;0.0
0.0;156.3;0.0;0.0
0.0;156.3;2.4;0.0
0.0;156.3;0.0;0.0
0.0;156.3;1.4;0.0
0.0;156.3;0.0;0.0
0.0;156.3;4.4;0.0
0.0;156.3;1.4;0.0
537.9;196.0;1.1;0.0
74.0;160.0;5.0;0.0
115.8;160.2;3.0;0.0
603.9;160.9;3.3;0.0
0.0;160.9;1.0;0.0
0.0;160.9;1.1;0.0
0.0;160.9;12.0;0.0
0.0;160.9;13.2;0.0
0.0;160.9;7.0;0.0
0.0;160.9;7.7;0.0
0.0;160.9;5.0;0.0
0.0;160.9;7.7;0.0
0.0;160.9;5.0;0.0
0.0;160.9;4.4;0.0
0.0;160.9;4.0;0.0
0.0;160.9;7.7;0.0
0.0;160.9;3.0;0.0
0.0;160.9;3.4;0.0
0.0;160.9;1.1;0.0
411.0;161.1;1.6;0.0
175.2;161.1;11.0;0.0
546.7;161.1;0.0;0.0
603.9;161.1;10.1;0.0
0.0;161.1;0.0;0.0
0.0;161.1;23.2;0.0
0.0;161.1;0.0;0.0
0.0;161.1;14.6;0.0
0.0;161.1;0.0;0.0
0.0;161.1;4.4;0.0
0.0;161.1;0.0;0.0
0.0;161.1;3.2;0.0
0.0;161.1;0.0;0.0
0.0;161.1;1.8;0.0
0.0;161.1;0.0;0.0
0.0;161.1;2.9;0.0
0.0;161.1;0.0;0.0
0.0;161.1;1.9;0.0
0.0;161.1;0.0;0.0
202.9;161.6;2.0;0.0
165.0;226.0;117.5;40.0
62.0;641.6;2644.4;88.0
138.6;528.4;3740.5;0.0
98.8;245.6;2359.1;0.0
56.7;559.6;2523.6;0.0
50.0;276.1;2720.7;1320.0
58.5;276.6;9.6;1948.0
49.8;577.8;5.8;2216.0
53.8;246.3;0.7;148.0
49.4;184.3;0.0;0.0
