45.0;195.6;298.0;0.0
64.4;130.0;582.8;0.0
205.0;156.4;55.5;0.0
179.9;156.4;39.8;0.0
0.0;156.4;0.0;0.0
0.0;156.4;1.1;0.0
0.0;156.4;1.0;0.0
0.0;156.4;14.3;0.0
0.0;156.4;13.0;0.0
0.0;156.4;7.7;0.0
0.0;156.4;7.0;0.0
0.0;156.4;4.4;0.0
0.0;156.4;5.0;0.0
0.0;156.4;4.4;0.0
0.0;156.4;4.0;0.0
0.0;156.4;4.4;0.0
0.0;156.4;4.0;0.0
0.0;156.4;5.5;0.0
0.0;156.4;5.0;0.0
0.0;156.4;5.5;0.0
0.0;156.4;5.0;0.0
106.7;192.8;4.4;0.0
294.9;160.7;6.0;0.0
167.6;160.7;3.3;0.0
496.0;160.7;0.0;0.0
499.0;160.7;2.1;0.0
0.0;160.7;0.0;0.0
0.0;160.7;12.2;0.0
0.0;160.7;0.0;0.0
0.0;160.7;7.7;0.0
0.0;160.7;0.0;0.0
0.0;160.7;6.6;0.0
0.0;160.7;0.0;0.0
0.0;160.7;3.3;0.0
0.0;160.7;0.0;0.0
0.0;160.7;4.4;0.0
0.0;160.7;0.0;0.0
0.0;160.7;6.6;0.0
0.0;160.7;0.0;0.0
163.9;161.0;6.6;0.0
531.3;161.0;0.0;0.0
434.5;161.0;12.1;0.0
0.0;161.0;13.0;0.0
0.0;161.0;2.2;0.0
0.0;161.0;0.0;0.0
0.0;161.0;20.5;0.0
0.0;161.0;0.0;0.0
0.0;161.0;9.4;0.0
0.0;161.0;0.0;0.0
0.0;161.0;6.0;0.0
0.0;161.0;0.0;0.0
0.0;161.0;6.1;0.0
0.0;161.0;0.0;0.0
0.0;161.0;4.9;0.0
0.0;161.0;0.0;0.0
0.0;161.0;3.8;0.0
0.0;161.0;1.1;0.0
285.0;161.0;3.9;0.0
87.7;161.4;2.2;0.0
336.8;162.3;7.4;0.0
438.9;383.9;562.1;88.0
550.0;741.4;2216.7;0.0
546.7;1082.4;4446.2;0.0
541.2;1082.4;3584.2;0.0
580.8;1425.6;2183.5;0.0
547.8;1425.6;8.6;2156.0
539.0;1425.6;6.6;2112.0
545.6;1091.2;9.3;528.0
