86.5;124.9;129.2;0.0
55.2;172.9;148.4;0.0
134.9;139.9;163.2;0.0
79.9;156.5;40.1;0.0
0.0;156.5;0.0;0.0
0.0;156.5;0.1;0.0
0.0;156.5;0.0;0.0
0.0;156.5;2.2;0.0
0.0;156.5;0.0;0.0
0.0;156.5;0.7;0.0
0.0;156.5;0.0;0.0
0.0;156.5;0.6;0.0
0.0;156.5;0.0;0.0
0.0;156.5;0.4;0.0
0.0;156.5;0.0;0.0
53.9;156.5;6.6;0.0
0.0;156.5;5.0;0.0
0.0;156.5;5.5;0.0
0.0;156.5;5.0;0.0
0.0;156.5;4.4;0.0
0.0;156.5;5.0;0.0
372.9;197.1;4.4;0.0
165.0;160.1;7.0;0.0
49.8;161.1;3.3;0.0
236.8;161.1;3.0;0.0
349.0;161.1;0.0;0.0
0.0;161.1;1.1;0.0
0.0;161.1;1.0;0.0
0.0;161.1;14.3;0.0
0.0;161.1;12.0;0.0
0.0;161.1;7.7;0.0
0.0;161.1;7.0;0.0
0.0;161.1;5.5;0.0
0.0;161.1;6.0;0.0
0.0;161.1;0.0;0.0
0.0;161.1;2.4;0.0
0.0;161.1;0.0;0.0
0.0;161.1;6.0;0.0
0.0;161.1;5.5;0.0
0.0;161.1;6.0;0.0
0.0;161.1;5.5;0.0
306.0;161.1;7.0;0.0
79.5;161.3;6.6;0.0
75.9;161.3;1.1;0.0
165.0;161.3;0.0;0.0
0.0;161.3;1.1;0.0
0.0;161.3;1.1;0.0
0.0;161.3;13.2;0.0
0.0;161.3;14.3;0.0
0.0;161.3;7.7;0.0
0.0;161.3;7.7;0.0
0.0;161.3;0.0;0.0
0.0;161.3;1.0;0.0
0.0;161.3;0.0;0.0
0.0;161.3;3.8;0.0
0.0;161.3;0.0;0.0
0.0;161.3;0.9;0.0
0.0;161.3;0.0;0.0
50.0;161.3;1.9;0.0
0.0;161.3;0.0;0.0
75.4;161.8;2.2;0.0
283.2;162.3;0.0;0.0
454.3;162.9;2.6;0.0
493.9;401.8;590.0;88.0
126.0;946.7;4820.7;40.0
80.3;245.7;1759.4;0.0
62.0;349.6;3830.7;0.0
81.0;276.7;3.0;668.0
91.5;276.7;1.6;232.0
49.0;577.7;1.4;248.0
50.0;246.4;0.3;48.0
