157.0;226.8;310.2;0.0
49.5;149.3;673.4;0.0
116.3;139.2;79.2;0.0
133.0;156.7;40.1;0.0
0.0;156.7;0.0;0.0
0.0;156.7;0.0;0.0
0.0;156.7;0.1;0.0
0.0;156.7;0.0;0.0
0.0;156.7;1.2;0.0
0.0;156.7;0.0;0.0
0.0;156.7;0.7;0.0
0.0;156.7;0.0;0.0
0.0;156.7;0.6;0.0
0.0;156.7;0.0;0.0
0.0;156.7;1.4;0.0
0.0;156.7;0.0;0.0
0.0;156.7;2.6;0.0
0.0;156.7;0.0;0.0
0.0;156.7;0.4;0.0
0.0;156.7;0.0;0.0
0.0;156.7;2.4;0.0
0.0;156.7;0.0;0.0
376.2;198.2;1.5;0.0
547.8;198.2;0.0;0.0
171.4;160.2;5.0;0.0
79.5;161.2;3.3;0.0
254.0;161.2;3.0;0.0
249.0;161.2;0.0;0.0
0.0;161.2;1.1;0.0
0.0;161.2;1.0;0.0
0.0;161.2;14.3;0.0
0.0;161.2;13.0;0.0
0.0;161.2;7.7;0.0
0.0;161.2;7.0;0.0
0.0;161.2;4.4;0.0
0.0;161.2;5.0;0.0
0.0;161.2;5.5;0.0
0.0;161.2;5.0;0.0
0.0;161.2;4.4;0.0
50.0;161.2;6.0;0.0
0.0;161.2;6.6;0.0
0.0;161.2;5.0;0.0
309.1;161.4;5.6;0.0
550.0;161.4;4.0;0.0
56.8;161.4;10.1;0.0
221.1;161.4;0.0;0.0
350.0;161.4;11.0;0.0
0.0;161.4;2.2;0.0
0.0;161.4;2.0;0.0
0.0;161.4;27.5;0.0
0.0;161.4;26.0;0.0
0.0;161.4;15.4;0.0
0.0;161.4;14.0;0.0
0.0;161.4;9.9;0.0
50.0;161.4;11.0;0.0
0.0;161.4;3.3;0.0
0.0;161.4;6.5;0.0
0.0;161.4;4.4;0.0
0.0;161.4;6.5;0.0
0.0;161.4;5.5;0.0
0.0;161.4;7.5;0.0
0.0;161.4;5.5;0.0
672.1;161.8;2.8;0.0
273.6;162.8;4.5;0.0
152.0;331.9;439.0;48.0
99.9;215.0;2364.9;0.0
111.6;246.0;1565.8;0.0
139.8;246.0;425.4;0.0
99.5;277.0;1356.1;0.0
76.2;277.0;2.8;900.0
60.8;277.0;2.4;768.0
98.4;800.6;2.3;288.0
