50.0;85.4;61.8;0.0
115.4;214.0;777.6;0.0
99.6;414.5;111.3;0.0
724.4;277.4;394.6;0.0
215.6;156.1;347.6;0.0
0.0;156.1;1.0;0.0
0.0;156.1;1.1;0.0
0.0;156.1;13.0;0.0
0.0;156.1;13.2;0.0
0.0;156.1;7.0;0.0
0.0;156.1;7.7;0.0
0.0;156.1;6.0;0.0
0.0;156.1;6.6;0.0
0.0;156.1;6.0;0.0
0.0;156.1;1.5;0.0
0.0;156.1;0.0;0.0
0.0;156.1;1.6;0.0
0.0;156.1;0.0;0.0
0.0;156.1;1.6;0.0
0.0;156.1;0.0;0.0
0.0;184.1;1.5;0.0
499.0;199.1;0.0;0.0
206.6;160.0;6.6;0.0
78.0;160.0;3.0;0.0
285.6;160.0;0.0;0.0
569.8;161.0;3.3;0.0
223.9;161.0;1.0;0.0
0.0;161.0;0.0;0.0
0.0;161.0;12.1;0.0
0.0;161.0;0.0;0.0
0.0;161.0;7.3;0.0
0.0;161.0;0.0;0.0
55.0;161.0;1.7;0.0
0.0;161.0;0.0;0.0
0.0;161.0;2.6;0.0
0.0;161.0;0.0;0.0
0.0;161.0;2.4;0.0
0.0;161.0;0.0;0.0
0.0;161.0;0.5;0.0
0.0;161.0;0.0;0.0
0.0;161.0;0.6;0.0
0.0;161.0;0.0;0.0
355.9;161.2;3.7;0.0
93.4;161.2;0.0;0.0
174.0;161.2;11.0;0.0
550.0;161.2;12.1;0.0
0.0;161.2;2.0;0.0
0.0;161.2;2.2;0.0
0.0;161.2;6.0;0.0
50.0;161.2;6.5;0.0
0.0;161.2;0.0;0.0
0.0;161.2;1.4;0.0
0.0;161.2;0.0;0.0
55.0;161.2;2.1;0.0
0.0;161.2;0.0;0.0
0.0;161.2;1.8;0.0
0.0;161.2;1.0;0.0
0.0;161.2;0.7;0.0
0.0;161.2;0.0;0.0
0.0;161.2;2.0;0.0
0.0;161.2;0.0;0.0
601.7;161.7;3.1;0.0
536.8;162.1;6.0;0.0
391.1;188.5;68.6;40.0
157.9;1115.6;11290.5;44.0
54.0;838.6;3540.0;680.0
79.8;560.5;3258.1;3200.0
59.4;850.5;3677.6;640.0
51.2;276.5;178.1;0.0
48.9;276.8;0.6;196.0
50.0;276.8;0.6;192.0
50.0;246.3;0.3;64.0
