49.4;205.3;304.4;0.0
98.9;183.0;112.6;0.0
238.9;218.8;357.2;0.0
245.9;277.1;158.1;0.0
150.0;156.1;310.0;0.0
0.0;156.1;0.0;0.0
0.0;156.1;1.0;0.0
0.0;156.1;0.0;0.0
50.0;156.1;13.0;0.0
0.0;156.1;0.0;0.0
0.0;156.1;0.0;0.0
0.0;156.1;7.0;0.0
0.0;156.1;0.0;0.0
0.0;156.1;6.0;0.0
0.0;156.1;0.0;0.0
0.0;156.1;5.0;0.0
0.0;156.1;0.0;0.0
0.0;156.1;5.0;0.0
0.0;156.1;0.0;0.0
0.0;156.1;5.0;0.0
0.0;156.1;0.0;0.0
0.0;156.1;5.0;0.0
0.0;156.1;0.0;0.0
224.0;192.1;6.0;0.0
480.0;196.1;0.0;0.0
491.0;196.1;0.0;0.0
490.0;201.1;3.0;0.0
199.0;201.1;0.0;0.0
0.0;201.1;1.0;0.0
0.0;201.1;0.0;0.0
0.0;201.1;0.0;0.0
0.0;201.1;12.0;0.0
0.0;201.1;7.0;0.0
0.0;201.1;0.0;0.0
0.0;201.1;2.0;0.0
0.0;201.1;4.0;0.0
50.0;201.1;4.0;0.0
0.0;201.1;1.0;0.0
0.0;201.1;5.0;0.0
0.0;201.1;0.0;0.0
0.0;201.1;7.0;0.0
0.0;201.1;0.0;0.0
0.0;207.1;7.0;0.0
511.0;207.1;0.0;0.0
546.0;207.1;0.0;0.0
449.0;207.1;11.0;0.0
0.0;207.1;0.0;0.0
0.0;207.1;2.0;0.0
0.0;207.1;0.0;0.0
0.0;207.1;26.0;0.0
0.0;207.1;0.0;0.0
0.0;207.1;14.0;0.0
0.0;207.1;0.0;0.0
0.0;207.1;13.0;0.0
0.0;207.1;0.0;0.0
0.0;207.1;9.0;0.0
0.0;207.1;0.0;0.0
0.0;207.1;8.0;0.0
0.0;207.1;0.0;0.0
0.0;207.1;8.0;0.0
0.0;207.1;0.0;0.0
0.0;207.1;8.0;0.0
0.0;207.1;0.0;0.0
391.0;219.1;9.0;0.0
860.0;315.1;127.0;40.0
555.0;742.1;1533.0;0.0
514.0;1054.1;5182.0;0.0
487.0;1054.1;3528.0;0.0
487.0;1364.1;1451.0;680.0
505.0;1366.1;6.0;1920.0
545.0;1366.1;6.0;1920.0
462.0;444.1;3.0;160.0
0.0;156.1;0.0;0.0
0.0;156.1;0.0;0.0
0.0;156.1;0.0;0.0
0.0;156.1;0.0;0.0
0.0;156.1;0.0;0.0
0.0;156.1;0.0;0.0
0.0;156.1;0.0;0.0
0.0;156.1;0.0;0.0
0.0;156.1;0.0;0.0
0.0;156.1;0.0;0.0
0.0;156.1;0.0;0.0
0.0;156.1;0.0;0.0
0.0;156.1;0.0;0.0
0.0;156.1;0.0;0.0
0.0;156.1;0.0;0.0
0.0;156.1;0.0;0.0
0.0;156.1;0.0;0.0
0.0;156.1;0.0;0.0
0.0;156.1;0.0;0.0
0.0;156.1;0.0;0.0
0.0;156.1;0.0;0.0
0.0;156.1;0.0;0.0
0.0;156.1;0.0;0.0
0.0;156.1;0.0;0.0
0.0;156.1;0.0;0.0
0.0;156.1;0.0;0.0
0.0;156.1;0.0;0.0
0.0;156.1;0.0;0.0
