146.0;120.6;161.6;0.0
50.0;131.2;136.7;0.0
97.3;134.4;110.6;0.0
49.9;188.6;106.7;0.0
55.0;156.3;80.3;0.0
0.0;156.3;0.0;0.0
0.0;156.3;1.0;0.0
0.0;156.3;1.1;0.0
0.0;156.3;13.0;0.0
0.0;156.3;14.3;0.0
0.0;156.3;7.0;0.0
0.0;156.3;7.7;0.0
0.0;156.3;6.0;0.0
55.0;156.3;5.5;0.0
0.0;156.3;4.0;0.0
0.0;156.3;7.7;0.0
0.0;156.3;5.0;0.0
0.0;156.3;7.7;0.0
0.0;156.3;4.0;0.0
0.0;156.3;6.6;0.0
0.0;156.3;5.0;0.0
0.0;156.3;6.6;0.0
274.0;196.3;5.0;0.0
288.6;160.0;8.8;0.0
56.0;160.0;0.0;0.0
257.0;160.2;3.0;0.0
572.0;160.9;3.3;0.0
385.0;160.9;1.0;0.0
0.0;160.9;0.0;0.0
0.0;160.9;12.1;0.0
0.0;160.9;0.0;0.0
0.0;160.9;7.3;0.0
0.0;160.9;0.0;0.0
0.0;160.9;1.7;0.0
0.0;160.9;0.0;0.0
55.0;160.9;1.6;0.0
0.0;160.9;0.0;0.0
0.0;160.9;1.4;0.0
0.0;160.9;0.0;0.0
0.0;160.9;1.7;0.0
0.0;160.9;0.0;0.0
291.0;160.9;2.6;0.0
495.0;160.9;0.0;0.0
460.9;161.1;3.8;0.0
550.0;161.1;0.0;0.0
550.0;161.1;2.0;0.0
495.0;161.1;12.1;0.0
0.0;161.1;24.0;0.0
0.0;161.1;2.2;0.0
0.0;161.1;14.0;0.0
0.0;161.1;28.6;0.0
0.0;161.1;11.0;0.0
55.0;161.1;15.4;0.0
0.0;161.1;4.0;0.0
0.0;161.1;7.0;0.0
0.0;161.1;4.0;0.0
0.0;161.1;3.7;0.0
0.0;161.1;2.0;0.0
0.0;161.1;1.8;0.0
0.0;161.1;4.0;0.0
639.0;161.1;0.8;0.0
0.0;178.1;6.0;0.0
293.8;284.6;152.1;40.0
260.0;997.1;4604.0;0.0
253.9;1000.4;3323.7;0.0
113.0;1210.8;3597.9;44.0
75.7;844.5;1661.0;1320.0
72.2;564.6;4110.4;2560.0
83.0;245.6;3534.6;640.0
53.9;276.1;318.5;0.0
49.1;276.9;1.4;132.0
50.0;276.9;0.6;192.0
49.9;246.5;0.7;148.0
49.0;184.5;0.0;0.0
