50.0;159.5;60.2;0.0
49.0;205.5;558.5;0.0
183.9;179.6;335.3;0.0
234.0;237.2;158.1;0.0
99.0;156.2;167.0;0.0
0.0;156.2;0.0;0.0
0.0;156.2;1.0;0.0
0.0;156.2;0.0;0.0
0.0;156.2;13.0;0.0
0.0;156.2;0.0;0.0
0.0;156.2;7.0;0.0
0.0;156.2;0.0;0.0
0.0;156.2;5.0;0.0
0.0;156.2;0.0;0.0
0.0;156.2;9.0;0.0
0.0;156.2;0.0;0.0
351.0;197.2;11.0;0.0
498.0;199.2;0.0;0.0
490.0;199.2;0.0;0.0
499.0;206.2;3.0;0.0
0.0;206.2;0.0;0.0
0.0;206.2;1.0;0.0
0.0;206.2;0.0;0.0
0.0;206.2;12.0;0.0
0.0;206.2;0.0;0.0
0.0;206.2;7.0;0.0
0.0;206.2;0.0;0.0
0.0;206.2;6.0;0.0
0.0;206.2;0.0;0.0
0.0;206.2;8.0;0.0
0.0;206.2;0.0;0.0
0.0;206.2;9.0;0.0
449.0;209.2;2.0;0.0
522.0;209.2;0.0;0.0
485.0;209.2;11.0;0.0
0.0;209.2;0.0;0.0
0.0;209.2;2.0;0.0
0.0;209.2;0.0;0.0
0.0;209.2;13.0;0.0
0.0;209.2;0.0;0.0
0.0;209.2;0.0;0.0
55.0;209.2;6.1;0.0
0.0;209.2;0.0;0.0
0.0;209.2;6.3;0.0
0.0;209.2;0.0;0.0
0.0;209.2;16.0;0.0
0.0;209.2;7.7;0.0
199.0;218.2;12.0;0.0
0.0;218.2;4.4;0.0
0.0;218.2;0.0;0.0
0.0;218.2;3.3;0.0
0.0;218.2;0.0;0.0
0.0;218.2;7.7;0.0
0.0;218.2;0.0;0.0
0.0;218.2;5.5;0.0
0.0;218.2;0.0;0.0
0.0;218.2;6.6;0.0
0.0;218.2;0.0;0.0
381.7;181.3;7.7;0.0
592.9;181.3;0.0;0.0
537.9;179.5;0.0;0.0
543.4;161.3;3.3;0.0
0.0;161.3;0.0;0.0
0.0;161.3;1.1;0.0
0.0;161.3;0.0;0.0
0.0;161.3;14.3;0.0
0.0;161.3;4.0;0.0
0.0;161.3;7.7;0.0
0.0;161.3;1.0;0.0
0.0;161.3;6.6;0.0
0.0;161.3;2.0;0.0
55.0;161.3;5.5;0.0
50.0;161.3;1.0;0.0
0.0;161.3;5.5;0.0
0.0;161.3;7.0;0.0
0.0;161.3;6.6;0.0
0.0;161.3;0.0;0.0
162.8;161.5;5.7;0.0
558.8;161.5;0.0;0.0
568.7;161.5;7.1;0.0
163.9;161.5;4.0;0.0
0.0;161.5;0.1;0.0
50.0;161.5;2.1;0.0
893.0;354.5;133.3;40.0
507.0;1314.5;11662.0;0.0
520.0;1319.5;8.9;3880.0
499.0;1015.5;5.0;720.0
0.0;161.5;0.6;0.0
0.0;161.5;0.0;0.0
0.0;161.5;0.6;0.0
4.8;161.5;0.7;0.0
0.0;161.5;0.5;0.0
0.0;161.5;0.4;0.0
0.0;161.5;0.5;0.0
0.0;161.5;0.3;0.0
0.0;162.3;0.6;0.0
83.4;162.6;0.4;0.0
24.9;162.6;0.0;0.0
0.0;162.6;0.4;0.0
0.0;162.6;0.0;0.0
