60.5;135.1;209.0;0.0
94.0;195.7;138.3;0.0
98.0;184.2;226.6;0.0
206.0;242.7;191.3;0.0
160.6;156.1;238.7;0.0
0.0;156.1;0.0;0.0
0.0;156.1;1.1;0.0
0.0;156.1;0.0;0.0
55.0;156.1;14.3;0.0
0.0;156.1;0.0;0.0
0.0;156.1;7.7;0.0
0.0;156.1;0.0;0.0
0.0;156.1;6.6;0.0
0.0;156.1;0.0;0.0
0.0;156.1;0.0;0.0
0.0;156.1;5.5;0.0
0.0;156.1;0.0;0.0
0.0;156.1;6.6;0.0
0.0;156.1;0.0;0.0
0.0;156.1;4.4;0.0
0.0;156.1;0.0;0.0
0.0;156.1;5.5;0.0
0.0;156.1;0.0;0.0
0.0;156.1;1.1;0.0
0.0;156.1;0.0;0.0
165.0;199.2;5.5;0.0
556.6;199.2;0.0;0.0
548.9;201.4;0.0;0.0
551.1;210.2;3.3;0.0
328.9;210.2;0.0;0.0
0.0;210.2;0.0;0.0
0.0;210.2;1.1;0.0
0.0;210.2;0.0;0.0
0.0;210.2;14.3;0.0
0.0;210.2;0.0;0.0
0.0;210.2;7.7;0.0
0.0;210.2;0.0;0.0
0.0;210.2;5.5;0.0
0.0;210.2;0.0;0.0
0.0;210.2;6.6;0.0
0.0;210.2;0.0;0.0
0.0;210.2;5.5;0.0
0.0;210.2;1.0;0.0
0.0;210.2;5.5;0.0
0.0;210.2;13.0;0.0
486.2;212.4;5.5;0.0
385.0;212.4;5.1;0.0
0.0;212.4;0.0;0.0
0.0;212.4;4.2;0.0
0.0;212.4;0.0;0.0
0.0;212.4;22.5;0.0
0.0;212.4;0.0;0.0
53.9;212.4;11.4;0.0
0.0;212.4;0.0;0.0
0.0;212.4;4.0;0.0
0.0;212.4;0.0;0.0
0.0;212.4;4.8;0.0
0.0;212.4;2.0;0.0
0.0;212.4;3.8;0.0
508.0;161.4;1.0;0.0
294.0;161.4;4.7;0.0
0.0;161.4;0.0;0.0
515.9;161.9;8.9;0.0
550.0;162.5;0.0;0.0
190.9;162.8;7.5;0.0
493.9;286.8;171.6;44.0
534.6;894.0;4695.5;0.0
550.0;1089.8;3100.9;0.0
550.0;1089.8;3517.2;0.0
550.0;1434.1;1543.3;0.0
550.0;1434.1;2.6;2156.0
550.0;1434.1;6.6;2112.0
544.5;1100.8;1.5;1144.0
603.9;391.3;0.0;0.0
