96.6;101.7;55.6;0.0
44.9;106.8;108.0;0.0
69.6;148.2;112.3;0.0
116.8;164.2;46.0;0.0
130.9;156.4;85.8;0.0
0.0;156.4;0.0;0.0
0.0;156.4;1.0;0.0
0.0;156.4;1.1;0.0
0.0;156.4;13.0;0.0
0.0;156.4;13.2;0.0
0.0;156.4;7.0;0.0
0.0;156.4;7.7;0.0
0.0;156.4;7.0;0.0
0.0;156.4;6.6;0.0
0.0;156.4;4.0;0.0
0.0;156.4;3.3;0.0
0.0;156.4;0.0;0.0
0.0;156.4;5.0;0.0
0.0;156.4;3.3;0.0
0.0;156.4;5.0;0.0
110.0;156.4;3.3;0.0
0.0;156.4;4.1;0.0
0.0;156.4;4.4;0.0
430.0;194.4;3.3;0.0
77.0;160.4;2.2;0.0
106.8;160.4;0.0;0.0
150.0;160.6;3.0;0.0
510.4;161.4;3.3;0.0
0.0;161.4;1.0;0.0
0.0;161.4;1.1;0.0
0.0;161.4;13.0;0.0
55.0;161.4;13.2;0.0
0.0;161.4;7.0;0.0
0.0;161.4;7.7;0.0
0.0;161.4;6.0;0.0
0.0;161.4;5.5;0.0
0.0;161.4;5.0;0.0
0.0;161.4;5.5;0.0
0.0;161.4;6.0;0.0
0.0;161.4;5.5;0.0
0.0;161.4;6.0;0.0
0.0;161.4;6.6;0.0
239.0;161.4;8.0;0.0
525.0;161.6;7.7;0.0
200.0;161.6;11.0;0.0
550.0;161.6;0.0;0.0
605.0;161.6;10.1;0.0
0.0;161.6;0.0;0.0
0.0;161.6;22.2;0.0
0.0;161.6;0.0;0.0
0.0;161.6;14.0;0.0
0.0;161.6;29.7;0.0
0.0;161.6;10.0;0.0
0.0;161.6;14.4;0.0
0.0;161.6;7.0;0.0
0.0;161.6;9.9;0.0
0.0;161.6;9.0;0.0
0.0;161.6;8.8;0.0
49.0;161.6;8.0;0.0
0.0;161.6;6.7;0.0
540.0;161.6;8.0;0.0
195.0;161.6;4.7;0.0
0.0;161.6;1.0;0.0
734.8;162.4;7.0;0.0
65.5;243.6;149.0;40.0
209.7;1301.2;11704.5;0.0
67.6;276.9;12994.7;1248.0
95.9;277.2;2.4;732.0
62.5;581.2;3.8;1656.0
48.7;246.8;0.5;104.0
