118.0;260.2;1004.6;0.0
345.0;375.8;433.6;0.0
533.9;323.1;254.6;0.0
550.0;156.4;441.1;0.0
0.0;156.4;1.0;0.0
0.0;156.4;0.0;0.0
0.0;156.4;0.0;0.0
0.0;156.4;13.0;0.0
0.0;156.4;6.0;0.0
0.0;156.4;1.0;0.0
0.0;156.4;6.0;0.0
0.0;156.4;0.0;0.0
0.0;156.4;4.0;0.0
0.0;156.4;0.0;0.0
0.0;156.4;0.0;0.0
0.0;156.4;0.0;0.0
0.0;156.4;7.0;0.0
0.0;156.4;0.0;0.0
0.0;156.4;4.0;0.0
0.0;156.4;0.0;0.0
0.0;156.4;4.0;0.0
0.0;156.4;0.0;0.0
0.0;156.4;5.0;0.0
0.0;156.4;0.0;0.0
195.0;197.4;2.0;0.0
491.0;197.4;0.0;0.0
480.0;200.4;0.0;0.0
522.0;207.4;3.0;0.0
0.0;207.4;0.0;0.0
0.0;207.4;1.0;0.0
0.0;207.4;0.0;0.0
0.0;207.4;13.0;0.0
0.0;207.4;0.0;0.0
0.0;207.4;7.0;0.0
0.0;207.4;0.0;0.0
0.0;207.4;5.0;0.0
0.0;207.4;0.0;0.0
0.0;207.4;5.0;0.0
0.0;207.4;0.0;0.0
0.0;207.4;5.0;0.0
0.0;207.4;0.0;0.0
0.0;207.4;5.0;0.0
0.0;207.4;0.0;0.0
0.0;207.4;0.0;0.0
0.0;207.4;0.0;0.0
0.0;212.4;5.0;0.0
532.0;210.4;0.0;0.0
486.0;210.4;0.0;0.0
500.0;210.4;11.0;0.0
0.0;210.4;0.0;0.0
0.0;210.4;2.0;0.0
0.0;210.4;0.0;0.0
0.0;210.4;5.0;0.0
0.0;210.4;20.0;0.0
0.0;210.4;0.0;0.0
0.0;210.4;13.1;0.0
0.0;210.4;0.0;0.0
0.0;210.4;1.2;0.0
0.0;210.4;0.0;0.0
0.0;210.4;3.7;0.0
0.0;210.4;0.0;0.0
0.0;210.4;1.7;0.0
0.0;210.4;0.0;0.0
0.0;210.4;4.5;0.0
0.0;210.4;0.0;0.0
50.0;215.4;7.5;0.0
648.0;220.4;0.0;0.0
250.0;226.4;3.5;40.0
448.0;435.4;538.0;0.0
495.0;1051.4;4321.5;0.0
475.0;1055.4;3655.0;0.0
130.5;1331.2;3332.5;0.0
64.5;1334.2;6.0;1960.0
80.0;1332.4;6.0;1920.0
51.5;404.1;0.3;640.0
0.0;161.1;0.0;0.0
0.0;161.1;0.0;0.0
0.0;161.1;0.0;0.0
0.0;161.1;0.0;0.0
0.0;161.1;0.0;0.0
0.0;161.1;0.0;0.0
0.0;161.1;0.0;0.0
0.0;161.1;0.0;0.0
0.0;161.1;0.0;0.0
0.0;161.1;0.0;0.0
0.0;161.1;0.0;0.0
0.0;161.1;0.0;0.0
0.0;161.1;0.0;0.0
0.0;161.1;0.0;0.0
0.0;161.1;0.0;0.0
0.0;161.1;0.0;0.0
0.0;161.1;0.0;0.0
0.0;161.1;0.0;0.0
0.0;161.1;0.0;0.0
0.0;161.1;0.0;0.0
0.0;161.1;0.0;0.0
0.0;161.1;0.0;0.0
0.0;161.1;0.0;0.0
0.0;161.1;0.0;0.0
0.0;161.1;0.0;0.0
