69.4;176.6;339.4;0.0
50.0;176.3;88.2;0.0
180.4;189.9;483.1;0.0
179.9;267.1;179.0;0.0
50.0;158.6;276.1;0.0
74.2;176.6;20.0;0.0
403.8;160.3;46.2;0.0
273.9;161.9;145.2;0.0
528.0;161.9;0.0;0.0
550.0;161.9;0.0;0.0
550.0;161.9;0.0;0.0
603.9;161.9;0.0;0.0
550.0;161.9;0.0;0.0
550.0;161.9;0.0;0.0
550.0;161.9;0.0;0.0
492.8;161.9;0.0;0.0
540.1;161.9;0.0;0.0
587.4;161.9;0.0;0.0
544.5;161.9;0.0;0.0
574.2;161.9;0.0;0.0
517.0;161.9;0.0;0.0
551.1;161.9;0.0;0.0
550.0;161.9;0.0;0.0
547.8;161.9;0.0;0.0
562.1;161.9;0.0;0.0
529.1;161.9;0.0;0.0
599.5;161.9;0.0;0.0
550.0;161.9;0.0;0.0
555.5;161.9;0.0;0.0
524.7;161.9;0.0;0.0
548.9;161.9;0.0;0.0
557.7;179.1;0.0;0.0
546.7;179.1;0.0;0.0
542.3;179.1;0.0;0.0
559.9;179.1;0.0;0.0
547.8;179.1;0.0;0.0
547.8;179.1;0.0;0.0
547.8;179.1;0.0;0.0
550.0;179.1;0.0;0.0
572.0;179.1;0.0;0.0
555.5;179.1;0.0;0.0
539.0;179.1;0.0;0.0
542.3;179.1;0.0;0.0
550.0;179.1;0.0;0.0
550.0;179.1;0.0;0.0
550.0;179.1;0.0;0.0
543.4;179.1;0.0;0.0
550.0;183.5;0.0;0.0
728.2;204.4;184.8;0.0
490.6;220.9;12.1;0.0
550.0;318.8;162.8;44.0
599.5;459.6;423.5;0.0
542.3;502.5;0.0;0.0
547.8;534.4;0.0;0.0
525.8;901.8;6223.8;0.0
573.1;901.8;16318.5;0.0
277.9;892.0;16136.1;0.0
96.2;892.0;17415.2;0.0
71.0;892.0;15656.3;0.0
73.1;892.0;16659.5;0.0
88.0;897.5;6633.0;0.0
86.6;1239.6;1723.7;0.0
70.0;1239.6;3768.6;0.0
67.9;1239.6;3983.1;0.0
105.0;1239.6;3914.9;0.0
65.0;1236.6;3617.9;0.0
80.8;1236.6;3881.9;0.0
59.0;1236.6;3812.6;0.0
80.0;1236.6;3885.2;0.0
140.5;1236.6;3795.0;0.0
108.8;1236.6;3994.1;0.0
50.0;1236.6;3811.5;0.0
67.1;1236.6;4323.0;0.0
62.0;1236.6;3599.2;0.0
95.8;1236.6;3938.0;0.0
49.0;1236.6;4173.4;0.0
85.1;1236.6;4442.9;0.0
71.8;1236.6;4051.3;0.0
94.0;1236.6;4136.0;0.0
50.0;1236.6;3938.0;0.0
50.0;1236.6;4054.6;0.0
86.4;1236.6;4015.0;0.0
77.5;1236.6;3931.4;0.0
58.1;1236.6;4243.8;0.0
55.0;1236.6;4042.5;0.0
50.0;1236.6;3855.5;0.0
105.7;1236.6;3916.0;0.0
142.9;1236.6;4041.4;0.0
94.0;1236.6;3944.6;0.0
49.6;1236.6;4263.6;0.0
66.7;1236.6;4166.8;0.0
70.0;1236.6;4087.6;0.0
87.0;1236.6;4012.8;0.0
49.6;1236.6;4309.8;0.0
50.0;1236.6;4270.2;0.0
50.0;1236.6;4109.6;0.0
105.2;1236.6;4147.0;0.0
135.8;1220.6;4260.8;0.0
199.0;1218.6;4180.0;0.0
594.0;1218.6;4389.0;0.0
