102.1;166.0;375.8;0.0
156.5;207.2;227.9;0.0
513.6;312.3;324.7;0.0
582.0;158.9;387.8;0.0
105.9;160.6;23.0;0.0
89.0;160.6;49.6;0.0
200.0;161.9;60.5;0.0
90.5;161.9;0.0;0.0
111.0;161.9;0.0;0.0
107.0;161.9;0.0;0.0
137.7;161.9;0.0;0.0
50.0;161.9;0.0;0.0
78.2;161.9;0.0;0.0
57.0;161.9;7.0;0.0
261.9;178.9;39.0;0.0
197.8;196.9;136.0;0.0
49.9;214.9;93.0;40.0
73.5;407.9;446.0;0.0
68.3;430.9;0.0;0.0
49.8;460.9;0.0;0.0
63.0;507.9;0.0;0.0
49.9;818.9;12395.0;0.0
79.8;818.9;14820.0;0.0
88.5;821.9;14053.0;0.0
81.6;821.9;15069.0;0.0
100.0;821.9;13766.0;0.0
100.0;819.2;14152.0;0.0
102.1;825.2;2307.0;0.0
67.1;1137.2;2474.0;0.0
86.3;1137.2;3293.0;0.0
50.0;1137.2;3746.0;0.0
50.0;1137.2;3235.0;0.0
60.0;1137.2;3477.0;0.0
49.7;1137.2;3338.0;0.0
62.7;1137.2;3708.0;0.0
50.0;1137.2;3602.0;0.0
84.9;1137.2;3516.0;0.0
50.0;1137.2;3416.0;0.0
61.0;1137.2;3662.0;0.0
50.9;1137.2;3731.0;0.0
49.5;1137.2;3273.0;0.0
55.0;1137.2;3484.0;0.0
67.0;1137.2;4111.0;0.0
107.7;1137.2;3697.0;0.0
94.6;1137.2;3520.0;0.0
55.0;1137.2;3816.0;0.0
50.0;1137.2;3642.0;0.0
130.5;1122.8;3785.7;0.0
215.0;1120.1;3389.0;0.0
62.6;1102.1;3343.9;0.0
49.8;914.0;3305.8;44.0
95.0;896.9;3668.0;0.0
68.6;865.4;3426.0;0.0
66.2;546.8;3514.0;0.0
77.1;545.0;12784.5;0.0
50.0;542.3;11875.1;0.0
62.6;542.3;12208.7;0.0
63.9;542.3;11097.5;0.0
50.0;542.3;11803.1;0.0
101.7;542.3;11713.1;0.0
48.5;536.9;2647.6;0.0
50.0;260.0;1918.9;0.0
63.4;260.0;444.0;0.0
63.5;260.0;440.9;0.0
65.9;260.0;653.1;0.0
49.6;260.0;596.8;0.0
49.9;260.0;946.0;0.0
76.0;260.0;930.0;0.0
50.0;260.0;576.2;0.0
99.0;260.0;1013.2;0.0
71.0;260.0;851.8;0.0
67.4;260.0;834.0;0.0
50.0;260.0;748.6;0.0
50.0;518.0;780.4;0.0
49.9;572.0;3799.8;2600.0
96.9;572.0;4113.7;2560.0
56.1;572.0;4484.9;640.0
88.0;260.0;3954.8;200.0
54.4;260.0;347.9;0.0
45.0;260.0;363.0;0.0
51.9;260.0;383.1;0.0
54.3;260.0;343.4;0.0
50.0;260.0;330.8;0.0
49.5;260.0;358.6;0.0
46.8;260.0;400.4;0.0
49.2;260.0;379.2;0.0
50.0;260.0;349.0;0.0
50.0;260.0;335.6;0.0
55.4;260.0;374.7;0.0
48.4;260.0;375.5;0.0
50.0;260.0;350.8;0.0
46.1;260.0;394.0;0.0
49.2;260.0;406.3;0.0
54.3;260.0;390.1;0.0
49.0;260.0;392.0;0.0
50.0;260.0;368.6;0.0
49.8;260.0;368.6;0.0
48.4;260.0;393.4;0.0
49.8;260.0;368.8;0.0
53.4;260.0;384.0;0.0
