89.0;150.2;321.4;0.0
140.0;213.9;185.2;0.0
201.9;139.0;212.2;0.0
60.0;157.9;40.4;0.0
150.0;159.0;42.0;0.0
366.4;160.7;90.1;0.0
311.4;162.1;149.6;0.0
69.0;162.1;0.0;0.0
59.8;162.1;0.0;0.0
58.1;162.1;0.0;0.0
64.5;162.1;0.0;0.0
71.5;162.4;0.0;0.0
67.6;162.4;0.0;0.0
115.4;162.4;0.0;0.0
61.0;162.4;0.0;0.0
96.4;162.4;0.0;0.0
51.6;162.4;0.0;0.0
459.0;162.7;1.1;0.0
1314.0;193.6;183.7;0.0
136.0;211.2;12.1;0.0
58.1;294.8;160.6;44.0
49.0;448.8;423.5;0.0
64.0;487.3;0.0;0.0
66.0;524.7;0.0;0.0
64.4;891.0;7388.7;0.0
58.1;891.0;15976.4;0.0
99.5;894.3;15925.8;0.0
81.7;894.3;15798.2;0.0
56.0;891.3;15761.9;0.0
72.5;891.3;16578.1;0.0
116.5;894.6;7604.3;0.0
72.5;1238.9;1723.7;0.0
86.2;1238.9;3951.2;0.0
73.9;1238.9;4789.4;0.0
59.0;1238.9;3632.2;0.0
63.8;1238.9;4171.2;0.0
76.0;1238.9;3907.2;0.0
49.8;1238.9;3889.6;0.0
49.5;1238.9;4182.2;0.0
68.9;1238.9;3929.2;0.0
55.5;1238.9;4353.8;0.0
79.0;1238.9;4021.6;0.0
59.9;1238.9;3833.5;0.0
50.0;1238.9;3865.4;0.0
97.5;1238.9;3996.3;0.0
85.9;1238.9;4635.4;0.0
258.6;1218.9;4202.6;0.0
235.2;1215.9;3972.2;0.0
50.0;1200.9;4151.5;0.0
68.0;1107.9;4129.6;40.0
113.8;984.9;3511.3;0.0
139.4;943.9;3880.8;0.0
195.2;913.9;4650.8;0.0
49.3;582.9;10446.2;0.0
60.4;259.9;77555.4;0.0
104.0;259.9;604.4;0.0
79.8;259.9;588.2;0.0
66.9;259.9;358.2;0.0
49.2;259.9;878.8;0.0
78.0;259.9;420.7;0.0
59.9;259.9;1121.4;0.0
81.1;260.0;877.6;0.0
66.1;260.0;918.7;0.0
81.7;260.0;380.3;0.0
89.5;260.0;988.7;0.0
106.5;260.0;976.2;0.0
50.1;260.0;910.7;0.0
68.4;260.0;392.3;0.0
63.5;260.0;1511.6;0.0
49.8;260.0;843.0;0.0
72.0;260.0;757.0;0.0
76.4;260.0;965.0;0.0
82.4;260.0;1296.2;0.0
115.5;260.0;1314.2;0.0
78.4;444.3;966.1;0.0
51.5;611.5;3811.6;2860.0
49.5;611.5;3422.8;2816.0
106.0;611.5;3682.2;704.0
77.9;800.4;3483.3;352.0
