95.9;197.9;329.2;0.0
91.9;203.2;275.4;0.0
119.5;188.1;276.2;0.0
86.4;158.4;89.4;0.0
59.5;158.9;0.0;0.0
92.7;160.4;5.1;0.0
89.8;161.6;19.8;0.0
49.9;161.9;0.0;0.0
73.4;161.9;0.0;0.0
69.2;161.9;0.0;0.0
49.8;161.9;0.0;0.0
55.8;161.9;0.0;0.0
525.0;162.5;8.8;0.0
1618.9;185.9;177.1;0.0
75.4;202.4;12.1;0.0
50.0;301.4;151.8;44.0
49.5;444.4;423.5;0.0
97.6;486.2;0.0;0.0
49.9;522.5;0.0;0.0
49.7;887.7;6397.6;0.0
59.0;887.7;15595.8;0.0
49.9;889.9;15230.6;0.0
87.4;889.9;15783.9;0.0
63.0;889.9;15992.9;0.0
72.0;889.9;16215.1;0.0
69.7;893.2;10352.1;0.0
58.5;1238.6;1072.5;0.0
57.2;1238.6;3817.0;0.0
81.6;1238.6;3997.4;0.0
48.1;1235.6;3817.0;0.0
93.0;1235.6;3872.0;0.0
60.8;1235.6;4120.6;0.0
68.0;1235.6;3814.8;0.0
50.5;1235.6;4272.4;0.0
85.9;1235.6;3938.0;0.0
65.8;1235.6;4030.4;0.0
72.5;1235.6;4426.4;0.0
47.9;1235.6;3949.0;0.0
49.8;1235.6;3667.4;0.0
74.1;1235.6;4061.2;0.0
49.9;1235.6;4048.0;0.0
111.6;1235.6;4525.4;0.0
73.2;1235.6;4254.8;0.0
65.1;1235.6;3991.9;0.0
49.5;1235.6;4260.3;0.0
57.7;1235.6;4332.9;0.0
187.8;1217.6;3851.7;0.0
114.0;1202.6;3486.3;0.0
63.8;1181.6;3994.5;40.0
49.9;989.6;3572.8;0.0
71.6;971.6;4367.0;0.0
68.0;938.6;3775.2;0.0
77.5;894.6;4131.6;0.0
97.6;580.6;8762.8;0.0
67.7;580.6;11983.4;0.0
78.9;577.6;13702.6;0.0
107.8;577.6;11827.2;0.0
78.1;577.6;12027.4;0.0
56.8;574.6;7225.0;0.0
49.7;259.6;3229.4;0.0
49.9;259.6;669.2;0.0
76.0;259.6;443.2;0.0
74.0;259.6;443.1;0.0
97.0;259.6;372.7;0.0
103.9;259.6;686.2;0.0
131.4;259.6;1058.8;0.0
130.5;259.6;474.8;0.0
49.8;259.6;806.6;0.0
67.1;259.6;1264.0;0.0
78.5;259.6;942.2;0.0
83.5;259.9;623.4;0.0
58.1;608.1;1539.7;0.0
49.2;611.4;3853.2;4268.0
49.0;611.4;3894.6;2112.0
108.0;260.9;3617.3;396.0
72.1;815.6;3686.0;0.0
