45.0;113.9;113.5;0.0
50.0;134.1;133.3;0.0
85.0;160.7;131.9;0.0
50.0;157.7;51.4;0.0
49.9;158.7;0.0;0.0
77.0;160.5;2.0;0.0
86.0;160.5;75.1;0.0
124.0;162.2;94.4;0.0
49.5;162.2;0.0;0.0
50.0;162.2;0.0;0.0
84.0;162.2;0.0;0.0
49.6;162.2;0.0;0.0
54.7;162.2;0.0;0.0
79.5;162.2;0.0;0.0
50.0;162.2;0.0;0.0
80.1;162.2;0.0;0.0
74.3;162.2;0.0;0.0
66.0;162.2;0.0;0.0
107.0;162.2;0.0;0.0
50.0;162.2;0.0;0.0
65.3;162.2;0.0;0.0
50.0;162.2;0.0;0.0
50.0;162.2;0.0;0.0
78.6;162.2;0.0;0.0
60.0;162.2;0.0;0.0
50.0;162.2;0.0;0.0
49.9;162.2;0.0;0.0
64.9;162.2;0.0;0.0
76.0;162.2;0.0;0.0
113.2;162.2;0.0;0.0
64.4;162.2;0.0;0.0
81.0;162.5;0.0;0.0
88.0;162.5;0.0;0.0
92.0;162.5;0.0;0.0
82.0;162.5;0.0;0.0
89.0;162.5;0.0;0.0
57.1;162.5;0.0;0.0
55.0;162.5;0.0;0.0
75.2;162.5;0.0;0.0
64.4;162.5;0.0;0.0
80.9;162.5;0.0;0.0
48.6;162.5;0.0;0.0
63.0;162.5;0.0;0.0
85.2;162.5;0.0;0.0
49.6;162.5;0.0;0.0
97.0;162.5;0.0;0.0
49.6;162.5;0.0;0.0
57.3;162.5;0.0;0.0
160.4;164.4;49.7;0.0
118.9;164.9;47.3;40.0
92.2;366.6;517.1;0.0
76.4;588.7;52374.3;44.0
54.0;862.5;57151.0;0.0
90.5;542.1;36824.0;0.0
50.9;289.2;58384.0;0.0
50.0;260.2;6575.4;0.0
55.9;566.2;7683.1;0.0
145.0;568.2;41411.6;3240.0
62.0;260.2;43597.4;2920.0
125.3;1285.9;20828.5;0.0
48.0;292.1;1.0;324.0
44.5;292.1;0.6;192.0
52.6;261.6;0.5;84.0
56.9;192.9;0.0;0.0
