69.2;269.3;1048.9;0.0
407.2;356.0;420.8;0.0
407.6;349.2;164.4;0.0
62.6;158.4;404.0;0.0
122.9;160.1;22.0;0.0
404.0;160.1;42.0;0.0
249.0;177.1;142.0;0.0
484.0;177.1;0.0;0.0
500.0;177.1;0.0;0.0
545.0;177.1;0.0;0.0
476.0;177.1;0.0;0.0
505.0;177.1;0.0;0.0
500.0;177.1;0.0;0.0
512.0;177.1;0.0;0.0
494.0;180.1;0.0;0.0
492.0;180.1;0.0;0.0
530.0;180.1;0.0;0.0
478.0;180.1;0.0;0.0
525.0;180.1;0.0;0.0
487.0;180.1;0.0;0.0
497.0;180.1;0.0;0.0
488.0;180.1;0.0;0.0
509.0;180.1;0.0;0.0
475.0;180.1;0.0;0.0
509.0;180.1;0.0;0.0
494.0;180.1;0.0;0.0
488.0;180.1;0.0;0.0
504.0;180.1;0.0;0.0
518.0;180.1;0.0;0.0
499.0;180.1;0.0;0.0
514.0;180.1;0.0;0.0
480.0;180.1;0.0;0.0
496.0;180.1;0.0;0.0
490.0;180.1;0.0;0.0
540.0;180.1;0.0;0.0
509.0;180.1;0.0;0.0
466.0;180.1;0.0;0.0
515.0;180.1;0.0;0.0
499.0;180.1;0.0;0.0
484.0;180.1;0.0;0.0
534.0;180.1;0.0;0.0
502.0;180.1;0.0;0.0
500.0;186.1;0.0;0.0
699.0;200.1;36.0;0.0
326.0;217.1;148.0;0.0
498.0;220.1;2.0;0.0
478.0;465.1;544.0;40.0
501.0;1160.1;90943.0;0.0
500.0;1160.1;36672.0;0.0
499.0;1160.1;37634.0;0.0
500.0;1160.1;38030.0;0.0
491.0;1161.1;2986.0;0.0
479.0;1161.1;3421.0;0.0
497.0;1161.1;3337.0;0.0
531.0;1161.1;3632.2;0.0
201.3;1146.7;4910.5;0.0
69.2;1146.7;3850.0;0.0
61.9;1144.9;4228.0;0.0
71.8;1144.9;4070.0;0.0
65.5;1142.2;4242.0;0.0
215.3;1127.8;4267.6;0.0
190.4;1111.6;4056.3;0.0
97.5;1069.3;4030.1;44.0
85.3;1004.1;5138.5;0.0
71.0;1207.0;26.0;2600.0
111.0;1181.8;9.0;2880.0
100.0;566.5;4.0;720.0
55.0;583.8;15098.6;0.0
50.0;228.1;1404.0;0.0
48.5;228.1;1430.5;0.0
48.4;228.1;1456.5;0.0
50.0;228.1;1393.6;0.0
54.1;228.1;1408.8;0.0
49.4;228.7;206.6;0.0
48.1;259.8;246.3;0.0
50.0;259.8;333.2;0.0
52.4;259.8;389.8;0.0
50.0;259.8;317.8;0.0
50.0;259.8;335.4;0.0
49.8;259.8;336.6;0.0
48.0;259.8;370.8;0.0
49.4;259.8;348.6;0.0
50.0;259.8;344.8;0.0
50.0;259.8;341.3;0.0
55.0;259.8;348.1;0.0
47.5;259.8;374.4;0.0
49.0;259.8;335.4;0.0
50.3;259.8;382.6;0.0
51.6;259.8;396.8;0.0
47.5;259.8;391.0;0.0
48.9;259.8;367.6;0.0
54.8;259.8;349.6;0.0
50.0;259.8;354.6;0.0
50.0;259.8;365.8;0.0
49.8;259.8;353.2;0.0
50.0;259.8;322.6;0.0
50.8;259.8;403.2;0.0
48.9;259.8;380.6;0.0
49.6;259.8;343.8;0.0
49.6;259.8;341.2;0.0
