93.9;112.9;78.2;0.0
50.0;131.5;91.2;0.0
84.9;138.9;73.2;0.0
49.9;158.5;40.4;0.0
87.5;158.7;0.0;0.0
89.6;160.5;14.1;0.0
121.0;161.7;21.8;0.0
143.4;162.0;18.0;0.0
79.0;162.0;0.0;0.0
84.1;162.0;0.0;0.0
49.6;162.0;0.0;0.0
64.3;162.0;0.0;0.0
59.9;162.0;0.0;0.0
50.0;162.0;0.0;0.0
50.0;162.0;0.0;0.0
80.8;162.3;0.0;0.0
65.2;162.3;0.0;0.0
62.9;162.3;0.0;0.0
72.0;162.3;0.0;0.0
50.0;162.3;0.0;0.0
64.9;162.3;0.0;0.0
50.0;162.3;0.0;0.0
85.8;162.3;0.0;0.0
49.8;162.3;0.0;0.0
49.8;162.3;0.0;0.0
82.8;162.3;0.0;0.0
89.0;162.3;0.0;0.0
75.5;162.3;0.0;0.0
81.3;162.3;0.0;0.0
50.0;162.3;0.0;0.0
115.0;162.3;0.0;0.0
57.0;162.3;0.0;0.0
50.0;162.3;0.0;0.0
56.7;162.3;0.0;0.0
82.5;162.3;0.0;0.0
97.2;162.3;0.0;0.0
71.6;162.3;0.0;0.0
59.9;162.3;0.0;0.0
49.8;162.3;0.0;0.0
49.0;162.3;0.0;0.0
49.8;162.3;0.0;0.0
95.1;162.3;0.0;0.0
68.5;162.3;0.0;0.0
68.5;162.3;0.0;0.0
62.6;162.3;0.0;0.0
91.8;162.3;0.0;0.0
50.0;162.3;0.0;0.0
297.5;180.9;29.7;0.0
439.0;164.4;119.4;0.0
69.2;165.9;128.1;0.0
49.9;320.2;45.2;4.0
68.7;212.4;61.9;0.0
126.0;234.0;0.0;0.0
50.5;930.1;98624.9;0.0
50.1;585.1;38117.2;0.0
79.1;582.1;8517.8;0.0
96.4;582.1;19682.4;0.0
56.1;581.1;27184.6;0.0
79.5;581.1;11018.1;0.0
63.2;581.1;7608.3;0.0
58.0;581.1;16449.4;0.0
55.0;581.9;18455.7;0.0
81.5;616.0;3508.8;3564.0
76.4;441.1;3492.1;3168.0
76.7;797.8;3699.0;0.0
