98.9;116.1;96.7;0.0
49.9;142.9;144.4;0.0
84.9;138.9;148.2;0.0
95.0;158.3;40.4;0.0
84.9;158.9;0.0;0.0
52.1;160.7;25.1;0.0
114.0;161.6;47.0;0.0
142.8;162.1;64.0;0.0
50.0;162.1;0.0;0.0
50.0;162.1;0.0;0.0
125.6;162.1;0.0;0.0
120.4;162.1;0.0;0.0
55.2;162.1;0.0;0.0
67.0;162.1;0.0;0.0
62.0;162.1;0.0;0.0
110.5;162.1;0.0;0.0
94.0;162.1;0.0;0.0
53.3;162.1;0.0;0.0
64.4;162.1;0.0;0.0
76.5;162.1;0.0;0.0
49.5;162.1;0.0;0.0
50.0;162.1;0.0;0.0
66.4;162.1;0.0;0.0
73.5;162.1;0.0;0.0
49.9;162.1;0.0;0.0
49.6;162.1;0.0;0.0
62.7;162.1;0.0;0.0
69.2;162.1;0.0;0.0
49.1;162.1;0.0;0.0
69.6;162.1;0.0;0.0
49.9;162.3;0.0;0.0
50.0;162.3;0.0;0.0
74.0;162.3;0.0;0.0
78.4;162.3;0.0;0.0
57.2;162.3;0.0;0.0
48.0;162.3;0.0;0.0
89.6;162.3;0.0;0.0
55.0;162.3;0.0;0.0
80.8;162.3;0.0;0.0
79.0;162.3;0.0;0.0
101.1;162.3;0.0;0.0
60.1;162.3;0.0;0.0
104.0;162.3;0.0;0.0
93.3;162.3;0.0;0.0
62.0;162.3;0.0;0.0
66.0;162.3;0.0;0.0
81.5;162.6;0.0;0.0
88.9;164.4;22.6;0.0
250.9;166.1;35.6;0.0
126.2;397.0;583.1;44.0
83.2;639.3;89109.6;40.0
50.3;576.0;12598.7;0.0
113.8;260.0;60139.2;0.0
63.6;260.0;32855.8;0.0
65.4;260.0;12118.6;0.0
49.2;260.0;5274.2;0.0
50.4;574.0;9246.2;0.0
62.5;291.4;27167.5;2600.0
70.3;291.7;3.0;1004.0
48.6;291.7;6.8;2176.0
58.5;871.3;0.3;192.0
