65.9;206.9;329.6;0.0
193.9;232.0;128.8;0.0
178.1;228.8;521.2;0.0
216.0;284.9;149.3;0.0
100.0;158.7;353.1;0.0
154.6;158.8;22.0;0.0
512.2;160.4;106.1;0.0
319.8;161.8;130.0;0.0
50.0;162.0;0.0;0.0
50.0;162.0;0.0;0.0
157.9;162.0;0.0;0.0
71.4;162.0;0.0;0.0
50.0;162.0;0.0;0.0
50.0;162.0;3.0;0.0
302.2;180.0;25.0;0.0
295.6;193.0;164.0;0.0
111.0;198.0;0.0;0.0
62.1;406.0;539.0;40.0
50.0;430.0;0.0;0.0
59.5;461.0;0.0;0.0
48.8;676.0;0.0;0.0
95.0;1131.0;89659.0;0.0
49.6;1131.0;36189.0;0.0
50.0;1135.0;36993.0;0.0
124.0;1135.0;4036.0;0.0
144.9;1135.0;6032.0;0.0
60.7;1135.0;5472.0;0.0
81.0;1135.0;4137.0;0.0
67.0;1135.0;17401.0;0.0
50.0;1136.0;39626.0;0.0
61.2;1448.0;15305.0;0.0
106.9;1451.0;16.0;5160.0
89.6;460.0;5.0;960.0
50.0;162.0;0.0;0.0
53.1;162.0;0.0;0.0
45.0;162.0;0.0;0.0
54.8;162.0;0.0;0.0
48.9;162.0;0.0;0.0
50.0;162.0;0.0;0.0
51.0;162.0;0.0;0.0
49.2;162.0;0.0;0.0
50.0;162.0;0.0;0.0
49.4;162.0;0.0;0.0
50.0;162.0;0.0;0.0
50.0;162.0;0.0;0.0
50.0;162.0;0.0;0.0
50.0;162.0;0.0;0.0
48.0;162.0;0.0;0.0
53.1;162.6;0.0;0.0
70.0;163.9;4.7;0.0
31.9;165.1;14.2;0.0
51.0;166.6;1.2;4.0
46.0;186.8;51.4;0.0
49.8;259.8;9103.9;0.0
49.8;259.8;355.4;0.0
48.8;259.8;565.2;0.0
48.5;259.8;510.4;0.0
50.8;259.8;2123.8;0.0
47.4;259.8;397.8;0.0
52.1;259.8;591.6;0.0
50.6;259.8;2700.6;0.0
49.9;259.8;3735.0;0.0
45.6;259.8;512.3;0.0
52.7;259.8;474.7;0.0
50.7;259.8;2932.8;0.0
49.0;291.3;1618.3;0.0
49.6;261.1;2.1;604.0
52.5;192.4;0.0;0.0
