94.9;100.6;95.4;0.0
50.0;132.9;92.2;0.0
113.9;138.9;91.2;0.0
75.0;158.3;40.4;0.0
68.4;158.9;0.0;0.0
78.0;160.7;3.2;0.0
73.8;160.7;41.1;0.0
138.9;162.1;19.8;0.0
103.9;162.1;0.0;0.0
67.0;162.1;0.0;0.0
99.0;162.1;0.0;0.0
114.0;162.1;0.0;0.0
66.1;162.1;0.0;0.0
57.9;162.1;0.0;0.0
65.0;162.1;0.0;0.0
105.0;162.1;0.0;0.0
59.0;162.1;0.0;0.0
76.0;162.1;0.0;0.0
87.0;162.1;0.0;0.0
89.0;162.1;0.0;0.0
71.7;162.1;0.0;0.0
78.6;162.1;0.0;0.0
89.0;162.1;0.0;0.0
96.0;162.1;0.0;0.0
50.0;162.1;0.0;0.0
65.0;162.1;0.0;0.0
65.2;162.1;0.0;0.0
60.0;162.1;0.0;0.0
70.7;162.1;0.0;0.0
56.0;162.1;0.0;0.0
80.8;162.1;0.0;0.0
49.8;162.3;0.0;0.0
50.0;162.3;0.0;0.0
50.0;162.3;0.0;0.0
84.2;162.3;0.0;0.0
66.2;162.3;0.0;0.0
55.4;162.3;0.0;0.0
68.7;162.3;0.0;0.0
58.0;162.3;0.0;0.0
69.1;162.3;0.0;0.0
70.0;162.3;0.0;0.0
81.6;162.3;0.0;0.0
66.0;162.3;0.0;0.0
63.0;162.3;1.0;0.0
217.0;162.3;26.0;0.0
514.8;162.3;0.0;0.0
548.9;162.3;0.0;0.0
550.0;162.6;0.0;0.0
878.9;164.4;30.8;0.0
383.9;183.6;171.6;0.0
578.6;192.4;0.0;0.0
492.8;423.4;586.3;44.0
551.1;871.1;20212.5;0.0
550.0;1222.0;92063.4;0.0
546.7;1222.0;3839.0;0.0
558.8;1222.0;4023.8;0.0
548.9;1222.0;3942.4;0.0
545.6;1222.0;3885.2;0.0
577.5;1222.0;4074.4;0.0
544.5;1222.0;3944.6;0.0
544.5;1222.0;3971.0;0.0
550.0;1222.0;3599.2;0.0
525.8;1222.0;4107.4;0.0
550.0;1222.0;4182.2;0.0
550.0;1222.0;3968.8;0.0
594.0;1222.0;4204.2;0.0
550.0;1222.0;3950.1;0.0
550.0;1222.0;4084.3;0.0
563.2;1222.0;4408.8;0.0
547.8;1222.0;4021.6;0.0
563.2;1222.0;3900.6;0.0
550.0;1222.0;4076.6;0.0
535.7;1222.0;4293.3;0.0
541.2;1222.0;3846.7;0.0
528.0;1222.0;4043.6;0.0
550.0;1222.0;3861.0;0.0
578.6;1222.0;4153.6;0.0
550.0;1222.0;4085.4;0.0
543.4;1222.0;4136.0;0.0
550.0;1222.0;3949.0;0.0
536.8;1222.0;4184.4;0.0
548.9;1222.0;4279.0;0.0
547.8;1222.0;4342.8;0.0
539.0;1222.0;4243.8;0.0
550.0;1222.0;4147.0;0.0
550.0;1222.0;4114.0;0.0
576.4;1222.0;4505.6;0.0
550.0;1222.0;4232.8;0.0
535.7;1222.0;4393.4;0.0
547.8;1222.0;4382.4;0.0
583.0;1222.0;4558.4;0.0
550.0;1222.0;4151.4;0.0
532.4;1222.0;4842.3;0.0
508.8;1209.0;4588.1;0.0
61.8;1551.6;3483.7;0.0
100.0;1357.8;503.0;3524.0
51.8;1324.8;2.6;2112.0
58.9;942.3;5.5;1100.0
50.0;477.6;3354.0;0.0
