45.0;197.7;357.0;0.0
104.0;181.8;85.8;0.0
274.5;224.3;370.9;0.0
215.0;289.7;130.4;0.0
57.0;158.6;355.3;0.0
87.6;175.6;20.0;0.0
497.7;160.4;22.0;0.0
0.0;160.4;0.0;0.0
0.0;160.4;0.0;0.0
0.0;160.4;0.0;0.0
0.0;160.4;0.0;0.0
0.0;160.4;0.0;0.0
0.0;160.4;0.0;0.0
0.0;160.4;0.0;0.0
0.0;160.4;0.0;0.0
0.0;160.4;0.0;0.0
0.0;160.4;0.0;0.0
0.0;160.4;0.0;0.0
0.0;160.4;0.0;0.0
0.0;160.4;0.0;0.0
0.0;160.4;0.0;0.0
0.0;160.4;0.0;0.0
0.0;160.4;0.0;0.0
0.0;160.4;0.0;0.0
0.0;160.4;0.0;0.0
0.0;160.4;0.0;0.0
0.0;160.4;0.0;0.0
0.0;160.4;0.0;0.0
0.0;160.4;0.0;0.0
0.0;160.4;0.0;0.0
0.0;160.4;0.0;0.0
0.0;160.4;0.0;0.0
0.0;160.4;0.0;0.0
0.0;160.4;0.0;0.0
0.0;160.4;0.0;0.0
0.0;160.4;0.0;0.0
0.0;160.4;0.0;0.0
0.0;160.4;0.0;0.0
0.0;160.4;0.0;0.0
0.0;160.4;0.0;0.0
0.0;160.4;0.0;0.0
0.0;160.4;0.0;0.0
0.0;160.4;0.0;0.0
50.0;160.4;3.0;0.0
50.0;160.4;157.0;0.0
493.0;160.4;0.0;0.0
500.0;160.4;0.0;0.0
500.0;160.4;0.0;0.0
484.0;160.4;0.0;0.0
496.0;160.4;0.0;0.0
500.0;160.4;0.0;0.0
500.0;160.4;0.0;0.0
500.0;160.4;0.0;0.0
500.0;160.4;0.0;0.0
535.0;160.4;0.0;0.0
495.0;160.4;2.2;0.0
500.0;160.4;137.5;0.0
230.9;161.9;27.5;0.0
48.9;161.9;0.0;0.0
59.9;161.9;0.0;0.0
109.0;161.9;0.0;0.0
88.4;161.9;0.0;0.0
94.0;161.9;0.0;0.0
61.9;161.9;0.0;0.0
59.9;161.9;0.0;0.0
84.5;161.9;0.0;0.0
63.2;161.9;0.0;0.0
74.3;161.9;0.0;0.0
57.2;161.9;0.0;0.0
61.6;161.9;0.0;0.0
67.9;161.9;0.0;0.0
55.4;161.9;0.0;0.0
55.0;161.9;0.0;0.0
105.5;161.9;0.0;0.0
87.8;161.9;0.0;0.0
100.0;161.9;0.0;0.0
124.5;161.9;0.0;0.0
55.5;161.9;0.0;0.0
57.1;161.9;0.0;0.0
83.0;161.9;0.0;0.0
134.9;161.9;0.0;0.0
70.9;162.2;0.0;0.0
59.0;162.2;0.0;0.0
58.0;162.2;0.0;0.0
104.5;162.2;0.0;0.0
55.9;162.2;0.0;0.0
87.1;179.2;27.0;0.0
247.6;181.2;93.0;0.0
103.9;199.2;65.0;0.0
59.0;270.2;145.0;40.0
87.9;414.2;385.0;0.0
48.5;463.2;0.0;0.0
57.4;817.2;4033.0;0.0
80.8;820.2;14870.0;0.0
79.0;821.2;17790.0;0.0
76.8;821.2;19500.0;0.0
95.6;821.2;21027.0;0.0
56.0;1136.4;38996.0;0.0
324.9;1121.1;36921.8;0.0
191.8;1109.4;37026.3;0.0
