125.8;102.2;116.0;0.0
104.6;118.2;109.2;0.0
130.8;138.9;51.6;0.0
68.7;158.1;40.4;0.0
77.0;158.7;0.0;0.0
98.4;160.5;23.1;0.0
69.4;179.1;13.2;0.0
170.4;162.1;21.0;0.0
49.9;162.1;0.0;0.0
50.0;162.4;0.0;0.0
49.6;162.4;0.0;0.0
64.9;162.6;1.1;0.0
193.9;182.5;43.6;0.0
305.6;190.3;116.2;0.0
155.9;192.1;59.8;44.0
84.6;384.6;342.2;40.0
61.1;221.0;385.0;0.0
50.0;227.0;0.0;0.0
78.1;242.4;0.0;0.0
87.6;228.6;11749.2;0.0
50.0;228.8;1740.8;0.0
100.6;228.8;1891.7;0.0
100.5;228.8;3350.2;0.0
91.0;228.8;2566.1;0.0
50.0;228.8;2595.2;0.0
49.6;229.4;11196.6;0.0
80.4;353.4;2891.9;0.0
50.0;260.4;639.1;0.0
59.9;260.4;688.4;0.0
93.5;260.4;645.5;0.0
50.0;260.4;580.9;0.0
56.2;260.4;405.3;0.0
50.0;260.4;581.6;0.0
96.8;260.4;477.4;0.0
53.6;260.4;492.0;0.0
49.5;260.4;407.4;0.0
50.0;260.4;440.4;0.0
112.7;260.4;512.6;0.0
67.1;260.4;534.4;0.0
50.0;260.4;441.4;0.0
109.4;260.4;741.0;0.0
81.0;260.4;557.0;0.0
55.0;260.4;466.0;0.0
71.6;260.4;447.6;0.0
49.2;260.4;535.4;0.0
49.7;260.4;628.4;0.0
102.2;260.4;698.8;0.0
66.9;260.4;359.1;0.0
50.0;260.4;603.3;0.0
61.0;260.4;527.1;0.0
76.8;260.4;489.5;0.0
105.0;260.4;426.3;0.0
84.4;260.4;420.3;0.0
71.8;260.4;369.9;0.0
50.0;260.4;517.1;0.0
49.5;260.4;377.4;0.0
67.1;260.4;364.0;0.0
49.9;260.4;462.4;0.0
80.6;260.4;816.6;0.0
56.2;260.4;383.2;0.0
58.9;260.4;433.2;0.0
50.0;260.4;533.8;0.0
75.2;260.4;614.8;0.0
91.4;260.4;383.4;0.0
76.3;260.4;1410.4;0.0
107.0;260.4;394.4;0.0
66.0;260.4;548.1;0.0
49.8;260.4;454.0;0.0
56.0;260.4;397.6;0.0
50.0;260.4;766.7;0.0
70.7;260.4;560.4;0.0
49.8;614.2;2785.5;1452.0
93.9;330.2;3848.0;3520.0
60.0;292.2;20.4;808.0
60.0;558.8;7.3;2876.0
64.0;1155.5;2.0;640.0
