49.5;244.6;378.2;0.0
102.8;267.5;242.7;0.0
109.5;256.8;510.9;0.0
154.1;322.8;122.5;0.0
185.0;176.2;288.4;0.0
275.8;191.7;105.6;0.0
115.4;161.7;23.0;0.0
447.8;161.7;154.0;0.0
49.4;161.7;0.0;0.0
57.2;161.7;0.0;0.0
72.5;161.7;0.0;0.0
49.9;161.7;0.0;0.0
62.0;161.7;0.0;0.0
59.0;161.7;0.0;0.0
63.5;161.7;0.0;0.0
61.7;161.7;0.0;0.0
61.0;161.7;0.0;0.0
70.0;161.7;0.0;0.0
49.7;161.7;0.0;0.0
97.6;161.7;0.0;0.0
63.0;161.7;0.0;0.0
49.8;161.7;0.0;0.0
85.5;161.7;0.0;0.0
62.8;161.7;0.0;0.0
63.5;161.7;0.0;0.0
50.0;161.7;0.0;0.0
61.0;161.7;0.0;0.0
65.0;161.7;0.0;0.0
55.6;161.7;0.0;0.0
84.8;161.7;0.0;0.0
50.0;162.0;0.0;0.0
50.0;162.0;0.0;0.0
66.4;162.0;0.0;0.0
58.0;162.0;0.0;0.0
58.0;162.0;0.0;0.0
89.4;162.0;0.0;0.0
60.8;162.0;0.0;0.0
49.9;162.0;0.0;0.0
59.0;162.0;0.0;0.0
65.9;162.0;0.0;0.0
105.0;162.0;0.0;0.0
65.4;162.0;0.0;0.0
50.0;162.0;0.0;0.0
90.0;162.0;0.0;0.0
50.0;162.0;0.0;0.0
49.9;162.0;0.0;0.0
49.6;162.0;0.0;0.0
154.5;181.7;29.7;0.0
211.7;183.9;58.3;0.0
344.8;185.7;99.5;0.0
62.6;214.8;20.3;44.0
59.9;400.0;418.5;0.0
50.0;345.7;148.0;40.0
55.0;544.6;64682.0;0.0
50.0;585.3;48948.0;0.0
80.0;544.8;13019.6;0.0
55.4;544.8;12008.7;0.0
54.8;542.1;12094.0;0.0
50.0;542.1;11909.8;0.0
63.8;542.1;14492.7;0.0
49.6;542.1;10736.0;0.0
50.0;516.9;3756.0;0.0
50.4;259.6;571.7;0.0
75.0;259.6;841.4;0.0
50.0;259.6;556.2;0.0
48.6;259.6;863.4;0.0
95.0;259.6;672.4;0.0
50.0;259.6;378.6;0.0
73.9;259.6;557.8;0.0
50.0;259.6;500.8;0.0
73.0;259.6;693.8;0.0
92.0;259.6;344.2;0.0
108.0;259.6;350.0;0.0
95.0;259.6;412.2;0.0
103.9;259.6;451.0;0.0
55.0;259.6;567.8;0.0
86.0;259.6;446.8;0.0
83.2;259.6;550.0;0.0
50.0;259.6;722.2;0.0
48.8;259.6;524.6;0.0
68.9;259.6;538.4;0.0
90.9;259.6;556.2;0.0
66.5;259.6;568.6;0.0
68.0;259.6;908.2;0.0
54.2;259.6;420.5;0.0
89.8;259.6;825.7;0.0
50.0;259.6;757.4;0.0
67.5;259.6;711.6;0.0
66.0;259.6;1021.8;0.0
105.0;259.6;478.2;0.0
75.0;259.6;1027.4;0.0
61.5;259.6;805.8;0.0
89.0;573.6;1000.4;0.0
50.0;573.6;4070.8;2600.0
60.0;573.6;4266.6;2560.0
61.7;573.6;4118.6;640.0
50.0;259.6;4234.2;400.0
53.2;259.6;379.0;0.0
48.9;259.6;387.0;0.0
53.5;259.6;380.8;0.0
