94.8;256.0;958.7;0.0
331.6;339.8;451.2;0.0
387.2;332.9;176.8;1280.0
72.0;158.9;444.4;0.0
129.5;160.3;23.1;0.0
200.0;160.3;20.0;0.0
0.0;160.3;0.0;0.0
200.2;162.0;17.3;0.0
95.5;162.0;0.0;0.0
70.5;162.0;0.0;0.0
78.2;162.2;0.0;0.0
77.2;162.5;9.9;0.0
239.8;188.3;118.8;0.0
256.8;208.1;71.5;0.0
102.4;265.3;159.5;44.0
56.1;441.3;423.5;0.0
58.2;892.3;59771.8;0.0
56.0;892.3;17607.7;0.0
71.6;898.9;17979.5;0.0
56.7;1239.9;26244.9;0.0
49.8;1239.9;41164.2;0.0
122.8;1239.9;4622.2;0.0
128.5;1239.9;8067.4;0.0
72.1;1239.9;28091.8;0.0
61.8;1239.9;43238.8;0.0
50.4;1588.6;34492.7;0.0
86.0;1591.9;15.4;4972.0
79.6;1256.4;7.7;1760.0
72.3;500.7;0.0;0.0
