54.4;162.2;0.0;0.0
69.0;162.2;0.0;0.0
50.0;162.2;0.0;0.0
550.0;162.2;1.0;0.0
1767.0;162.2;45.0;0.0
175.6;195.2;136.0;0.0
49.5;209.2;148.0;40.0
50.0;403.2;391.0;0.0
54.0;442.2;0.0;0.0
95.5;475.2;0.0;0.0
49.5;814.2;3771.0;0.0
56.8;814.2;14616.0;0.0
49.7;816.2;14256.0;0.0
94.0;816.2;14449.0;0.0
74.0;816.2;15008.0;0.0
50.0;816.2;14341.0;0.0
59.2;819.2;10269.0;0.0
49.8;1133.2;517.0;0.0
59.8;1133.2;3433.0;0.0
64.0;1133.2;3597.0;0.0
49.9;1133.2;3584.0;0.0
57.0;1131.4;3350.0;0.0
76.2;1131.4;3404.0;0.0
49.9;1131.4;3487.0;0.0
62.6;1131.4;3357.0;0.0
63.0;1131.4;4004.0;0.0
91.8;1131.4;3344.0;0.0
80.5;1131.4;3712.0;0.0
49.8;1131.4;3632.0;0.0
76.9;1131.4;3426.0;0.0
86.3;1131.4;3497.0;0.0
67.9;1131.4;3433.0;0.0
66.0;1131.4;4323.0;0.0
72.9;1131.4;3903.0;0.0
69.8;1131.4;3430.0;0.0
59.9;1131.4;3828.0;0.0
94.5;1131.4;3661.0;0.0
71.8;1127.8;3490.8;0.0
327.9;1111.6;3327.8;0.0
365.0;1111.6;3557.0;0.0
487.0;1111.6;4186.0;0.0
499.0;1111.6;3560.6;0.0
212.9;1096.3;3324.2;0.0
95.9;1044.1;3376.6;44.0
63.2;865.9;3110.5;0.0
50.1;260.2;97028.7;0.0
116.6;260.2;1972.0;0.0
50.3;260.2;30376.5;0.0
84.5;260.2;36999.8;0.0
49.5;260.2;37792.9;0.0
86.6;260.2;39815.8;0.0
54.2;614.7;9514.3;0.0
77.5;616.9;3718.2;4268.0
77.5;616.9;3779.6;2112.0
70.2;860.6;4071.3;264.0
