99.9;142.4;62.4;0.0
101.0;106.3;98.4;0.0
115.8;126.2;110.7;0.0
122.0;140.4;55.8;0.0
50.0;158.3;40.1;0.0
51.2;158.6;0.0;0.0
57.6;160.4;2.3;0.0
144.6;161.7;17.5;0.0
129.9;161.7;0.0;0.0
79.0;161.7;0.0;0.0
78.5;161.7;0.0;0.0
49.5;161.7;0.0;0.0
58.4;162.0;1.0;0.0
281.0;162.0;27.0;0.0
176.7;196.0;147.0;0.0
68.0;207.0;13.0;40.0
69.0;418.0;529.0;0.0
49.6;1133.0;89335.0;0.0
55.6;1133.0;36572.0;0.0
50.0;1133.0;2758.0;0.0
285.4;1118.6;4863.7;0.0
134.0;1114.1;3621.8;0.0
98.6;1100.6;4499.4;0.0
101.8;950.3;3897.1;44.0
96.8;905.7;3273.7;0.0
80.0;871.5;3898.0;0.0
75.0;843.6;3928.0;0.0
78.5;543.0;1443.6;0.0
69.2;543.0;10541.9;0.0
62.9;540.3;11038.3;0.0
98.5;540.3;11416.2;0.0
85.4;540.3;10633.3;0.0
49.2;540.3;11418.0;0.0
74.0;537.6;4896.9;0.0
58.2;259.9;3981.3;0.0
76.9;259.9;723.2;0.0
69.6;259.9;1322.8;0.0
65.0;259.9;878.0;0.0
61.6;259.9;3741.6;0.0
73.5;259.9;372.8;0.0
65.0;259.9;1806.2;0.0
60.0;259.9;967.8;0.0
73.8;259.9;553.1;0.0
75.0;259.9;555.9;0.0
65.5;259.9;1023.8;0.0
70.1;259.9;2606.8;0.0
49.9;259.9;997.8;0.0
68.4;568.9;1440.1;0.0
57.0;571.9;3986.3;3240.0
71.0;571.9;4182.8;1920.0
72.2;259.9;4014.4;960.0
80.9;868.9;3988.6;0.0
54.0;259.9;387.8;0.0
50.0;259.9;352.2;0.0
46.3;259.9;386.8;0.0
49.8;259.9;350.5;0.0
51.7;259.9;387.9;0.0
49.1;259.9;381.3;0.0
52.6;259.9;367.7;0.0
48.3;259.9;365.6;0.0
50.0;259.9;348.6;0.0
49.8;259.9;353.4;0.0
54.0;259.9;377.5;0.0
48.5;259.9;374.1;0.0
49.9;259.9;376.6;0.0
49.9;259.9;360.1;0.0
50.0;259.9;377.5;0.0
49.8;259.9;393.8;0.0
49.1;259.9;384.8;0.0
53.6;259.9;387.6;0.0
49.6;259.9;381.0;0.0
50.0;259.9;381.2;0.0
50.0;259.9;383.8;0.0
50.0;259.9;387.2;0.0
47.2;259.9;413.4;0.0
52.7;259.9;408.6;0.0
50.0;259.9;388.4;0.0
46.9;260.3;433.8;0.0
53.5;260.3;427.4;0.0
50.0;260.3;394.2;0.0
49.0;291.8;35.5;260.0
48.3;291.8;0.8;256.0
52.8;291.8;0.2;64.0
47.5;261.3;0.3;36.0
