115.0;344.8;1213.4;0.0
225.3;497.6;580.6;0.0
489.5;335.7;579.4;0.0
144.5;160.0;434.3;0.0
86.0;160.5;11.3;0.0
214.0;162.1;13.2;0.0
64.0;162.4;0.0;0.0
49.5;162.4;0.0;0.0
60.9;163.2;19.8;0.0
263.0;193.5;157.3;0.0
140.0;213.3;22.0;0.0
50.0;295.8;169.4;44.0
57.2;450.9;423.5;0.0
63.0;491.6;0.0;0.0
59.5;524.6;0.0;0.0
83.0;897.5;4293.3;0.0
57.2;897.5;15703.6;0.0
49.8;900.8;15315.3;0.0
57.1;900.8;15459.4;0.0
49.7;900.8;15424.2;0.0
96.0;898.8;15647.5;0.0
78.0;902.1;13544.3;0.0
49.6;1246.4;0.0;0.0
85.0;1246.4;3718.0;0.0
83.5;1246.4;3884.1;0.0
74.5;1246.4;3982.0;0.0
71.6;1246.4;3854.4;0.0
49.0;1246.4;3730.1;0.0
105.0;1246.4;3879.7;0.0
64.4;1246.4;3859.9;0.0
75.0;1246.4;4027.1;0.0
71.8;1246.4;3682.8;0.0
50.0;1246.4;3913.8;0.0
70.0;1246.4;4015.0;0.0
68.0;1246.4;3777.4;0.0
85.2;1246.4;3986.4;0.0
50.0;1235.4;3915.4;0.0
274.6;1225.4;4273.3;0.0
87.9;1207.4;4183.5;0.0
56.6;1153.4;3884.4;40.0
86.0;994.4;3722.4;0.0
50.0;956.4;3790.6;0.0
61.5;921.4;4359.3;0.0
95.4;587.4;1875.5;0.0
94.0;587.4;10725.1;0.0
61.8;587.4;10844.7;0.0
58.6;584.4;10779.4;0.0
50.0;584.4;10871.6;0.0
70.0;584.4;11641.6;0.0
99.6;581.4;7152.0;0.0
85.0;260.4;3492.8;0.0
49.2;260.4;645.2;0.0
50.0;260.4;622.8;0.0
82.5;260.4;459.0;0.0
50.0;260.4;570.0;0.0
54.0;260.4;998.2;0.0
75.2;260.4;1077.0;0.0
73.0;260.4;37291.2;0.0
49.8;260.4;895.8;0.0
71.7;610.6;369.3;0.0
56.0;616.1;3505.2;2860.0
62.9;616.1;3698.8;2816.0
61.7;616.1;3356.2;704.0
50.0;261.8;3531.3;352.0
