100.0;230.7;333.1;0.0
130.9;229.8;385.6;0.0
385.0;362.0;366.5;0.0
535.5;358.1;160.0;0.0
544.5;183.5;451.0;0.0
55.0;156.1;44.0;0.0
0.0;156.1;1.0;0.0
0.0;156.1;0.0;0.0
0.0;156.1;12.1;0.0
0.0;156.1;0.0;0.0
0.0;156.1;6.2;0.0
0.0;156.1;0.0;0.0
0.0;156.1;2.7;0.0
0.0;156.1;0.0;0.0
0.0;156.1;2.6;0.0
0.0;156.1;0.0;0.0
0.0;156.1;2.6;0.0
0.0;156.1;0.0;0.0
0.0;156.1;1.4;0.0
0.0;156.1;0.0;0.0
0.0;156.1;1.6;0.0
0.0;156.1;0.0;0.0
276.0;200.1;2.4;0.0
524.0;200.1;0.0;0.0
317.8;159.8;6.6;0.0
50.0;159.8;3.0;0.0
547.8;159.8;0.0;0.0
548.9;160.1;1.0;0.0
495.0;160.9;3.3;0.0
0.0;160.9;0.0;0.0
0.0;160.9;1.1;0.0
0.0;160.9;0.0;0.0
0.0;160.9;13.2;0.0
0.0;160.9;0.0;0.0
0.0;160.9;7.7;0.0
0.0;160.9;0.0;0.0
0.0;160.9;6.6;0.0
0.0;160.9;0.0;0.0
0.0;160.9;6.6;0.0
0.0;160.9;0.0;0.0
0.0;160.9;6.6;0.0
0.0;160.9;0.0;0.0
0.0;160.9;9.4;0.0
0.0;160.9;0.0;0.0
306.9;161.1;5.5;0.0
522.5;161.1;7.0;0.0
622.6;161.1;12.1;0.0
159.5;161.1;6.0;0.0
0.0;161.1;2.2;0.0
0.0;161.1;5.0;0.0
0.0;161.1;11.0;0.0
0.0;161.1;11.6;0.0
0.0;161.1;0.0;0.0
0.0;161.1;10.4;0.0
0.0;161.1;14.3;0.0
0.0;161.1;5.0;0.0
55.0;161.1;8.8;0.0
330.0;161.1;6.0;0.0
490.0;161.1;9.9;0.0
574.0;161.1;11.0;0.0
0.0;161.1;9.9;0.0
0.0;161.1;2.0;0.0
0.0;161.4;13.2;0.0
739.2;162.0;25.1;0.0
107.8;162.4;7.7;0.0
0.0;162.4;14.0;0.0
0.0;162.4;0.0;0.0
0.0;162.4;12.0;0.0
0.0;162.4;0.0;0.0
0.0;162.4;9.0;0.0
0.0;162.4;0.0;0.0
0.0;162.4;8.0;0.0
0.0;162.4;0.0;0.0
0.0;162.4;5.0;0.0
0.0;162.4;4.0;0.0
0.0;162.4;7.0;0.0
675.0;162.4;4.0;0.0
48.0;162.4;6.0;0.0
490.0;339.4;169.0;40.0
488.0;1001.4;4329.0;0.0
523.0;1001.4;3122.0;0.0
513.0;1001.4;3912.0;0.0
444.0;1311.4;325.0;680.0
496.0;1314.4;6.0;1920.0
516.0;1314.4;6.0;1920.0
515.0;389.4;3.0;160.0
0.0;162.4;0.0;0.0
0.0;162.4;0.0;0.0
0.0;162.4;0.0;0.0
0.0;162.4;0.0;0.0
0.0;162.4;0.0;0.0
0.0;162.4;0.0;0.0
0.0;162.4;0.0;0.0
0.0;162.4;0.0;0.0
0.0;162.4;0.0;0.0
0.0;162.4;0.0;0.0
0.0;162.4;0.0;0.0
0.0;162.4;0.0;0.0
0.0;162.4;0.0;0.0
0.0;162.4;0.0;0.0
