56.4;99.3;89.2;0.0
67.5;147.2;139.8;0.0
144.2;177.1;116.9;0.0
94.4;170.7;73.1;0.0
0.0;156.1;20.9;0.0
0.0;156.1;1.0;0.0
0.0;156.1;1.1;0.0
0.0;156.1;0.0;0.0
0.0;156.1;13.0;0.0
0.0;156.1;7.0;0.0
0.0;156.1;0.0;0.0
0.0;156.1;6.0;0.0
0.0;156.1;0.0;0.0
50.6;156.1;9.3;0.0
0.0;156.1;0.0;0.0
0.0;156.1;7.7;0.0
0.0;156.1;0.0;0.0
0.0;156.1;6.6;0.0
0.0;156.1;0.0;0.0
0.0;156.1;5.5;0.0
0.0;156.1;0.0;0.0
0.0;156.1;6.6;0.0
0.0;156.1;2.0;0.0
0.0;156.1;6.6;0.0
0.0;156.1;5.0;0.0
0.0;156.1;6.6;0.0
0.0;156.1;2.0;0.0
488.4;205.8;6.6;0.0
440.0;205.8;2.3;0.0
0.0;205.8;0.0;0.0
0.0;205.8;4.1;0.0
0.0;205.8;0.0;0.0
0.0;205.8;11.3;0.0
0.0;205.8;0.0;0.0
0.0;205.8;4.7;0.0
0.0;205.8;0.0;0.0
0.0;205.8;5.6;0.0
0.0;205.8;0.0;0.0
0.0;205.8;1.5;0.0
0.0;205.8;0.0;0.0
348.0;160.8;3.5;0.0
534.0;160.8;0.0;0.0
507.0;160.8;6.6;0.0
449.0;160.8;3.0;0.0
286.0;161.1;7.7;0.0
555.5;161.1;1.0;0.0
440.0;161.1;12.1;0.0
0.0;161.1;12.0;0.0
0.0;161.1;2.2;0.0
0.0;161.1;7.0;0.0
0.0;161.1;27.5;0.0
0.0;161.1;4.0;0.0
52.8;161.1;13.4;0.0
0.0;161.1;1.0;0.0
0.0;161.1;7.0;0.0
0.0;161.1;0.0;0.0
0.0;161.1;1.7;0.0
0.0;161.1;3.0;0.0
0.0;161.1;8.9;0.0
0.0;161.1;4.0;0.0
459.0;161.1;9.0;0.0
475.0;161.1;0.0;0.0
85.0;161.6;4.4;0.0
385.0;162.0;0.0;0.0
5.0;162.4;4.6;0.0
0.0;162.4;0.0;0.0
0.0;162.4;25.0;0.0
0.0;162.4;0.0;0.0
0.0;162.4;14.0;0.0
0.0;162.4;0.0;0.0
0.0;162.4;11.0;0.0
0.0;162.4;0.0;0.0
0.0;162.4;11.0;0.0
0.0;162.4;0.0;0.0
50.0;162.4;9.0;0.0
0.0;162.4;0.0;0.0
0.0;162.4;9.0;0.0
0.0;162.4;0.0;0.0
530.0;162.4;11.0;0.0
149.0;162.4;0.0;0.0
299.0;162.4;60.0;40.0
492.0;1300.4;11778.0;0.0
485.0;1306.4;15.0;4480.0
445.0;378.4;0.0;0.0
0.0;162.4;0.0;0.0
0.0;162.4;0.0;0.0
0.0;162.4;0.0;0.0
0.0;162.4;0.0;0.0
0.0;162.4;0.0;0.0
0.0;162.4;0.0;0.0
0.0;162.4;0.0;0.0
0.0;162.4;0.0;0.0
0.0;162.4;0.0;0.0
0.0;162.4;0.0;0.0
0.0;162.4;0.0;0.0
0.0;162.4;0.0;0.0
0.0;162.4;0.0;0.0
0.0;162.4;0.0;0.0
0.0;162.4;0.0;0.0
0.0;162.4;0.0;0.0
