92.9;183.3;291.2;0.0
95.6;126.9;172.0;0.0
183.9;178.1;244.7;0.0
200.0;145.4;108.4;0.0
68.9;156.0;79.6;0.0
0.0;156.0;0.0;0.0
0.0;156.0;0.1;0.0
0.0;156.0;0.0;0.0
50.0;156.0;1.3;0.0
0.0;156.0;0.0;0.0
0.0;156.0;7.7;0.0
0.0;156.0;7.0;0.0
0.0;156.0;7.7;0.0
0.0;156.0;6.0;0.0
0.0;156.0;7.7;0.0
0.0;156.0;5.0;0.0
0.0;156.0;4.4;0.0
0.0;156.0;5.0;0.0
0.0;156.0;6.6;0.0
0.0;156.0;5.0;0.0
0.0;156.0;6.6;0.0
0.0;156.0;5.0;0.0
165.0;192.7;6.6;0.0
326.0;159.7;6.0;0.0
70.0;159.9;0.0;0.0
59.0;159.9;0.0;0.0
130.0;160.6;0.3;0.0
199.0;160.6;0.0;0.0
0.0;160.6;0.1;0.0
0.0;160.6;0.0;0.0
0.0;160.6;13.2;0.0
0.0;160.6;12.0;0.0
55.0;160.6;0.7;0.0
0.0;160.6;0.0;0.0
0.0;160.6;4.6;0.0
0.0;160.6;4.0;0.0
50.0;160.6;1.5;0.0
0.0;160.6;1.0;0.0
0.0;160.6;1.4;0.0
0.0;160.6;0.0;0.0
0.0;160.6;0.7;0.0
0.0;160.6;0.0;0.0
165.0;160.8;2.9;0.0
73.1;160.8;0.0;0.0
77.1;160.8;12.1;0.0
179.9;160.8;11.0;0.0
0.0;160.8;0.0;0.0
0.0;160.8;0.2;0.0
0.0;160.8;0.0;0.0
0.0;160.8;2.6;0.0
0.0;160.8;0.0;0.0
0.0;160.8;1.4;0.0
0.0;160.8;0.0;0.0
55.0;160.8;3.1;0.0
0.0;160.8;0.0;0.0
0.0;160.8;1.8;0.0
0.0;160.8;0.0;0.0
0.0;160.8;1.9;0.0
0.0;160.8;0.0;0.0
0.0;160.8;3.0;0.0
0.0;160.8;0.0;0.0
387.2;161.7;5.2;0.0
385.0;161.7;0.0;0.0
346.9;162.1;3.6;0.0
860.0;261.1;127.0;40.0
555.0;688.1;1533.0;0.0
514.0;1000.1;5182.0;0.0
487.0;1000.1;3528.0;0.0
487.0;1310.1;1451.0;680.0
505.0;1312.1;6.0;1920.0
545.0;1312.1;6.0;1920.0
462.0;390.1;3.0;160.0
0.0;162.1;0.0;0.0
0.0;162.1;0.0;0.0
0.0;162.1;0.0;0.0
0.0;162.1;0.0;0.0
0.0;162.1;0.0;0.0
0.0;162.1;0.0;0.0
0.0;162.1;0.0;0.0
0.0;162.1;0.0;0.0
0.0;162.1;0.0;0.0
0.0;162.1;0.0;0.0
0.0;162.1;0.0;0.0
0.0;162.1;0.0;0.0
0.0;162.1;0.0;0.0
0.0;162.1;0.0;0.0
0.0;162.1;0.0;0.0
0.0;162.1;0.0;0.0
0.0;162.1;0.0;0.0
0.0;162.1;0.0;0.0
0.0;162.1;0.0;0.0
0.0;162.1;0.0;0.0
0.0;162.1;0.0;0.0
0.0;162.1;0.0;0.0
0.0;162.1;0.0;0.0
0.0;162.1;0.0;0.0
0.0;162.1;0.0;0.0
0.0;162.1;0.0;0.0
0.0;162.1;0.0;0.0
0.0;162.1;0.0;0.0
