45.0;294.8;569.1;0.0
54.9;290.9;147.1;0.0
308.6;336.8;423.7;0.0
696.0;325.8;142.1;0.0
495.0;156.1;441.1;0.0
50.0;156.1;1.0;0.0
0.0;156.1;0.0;0.0
0.0;156.1;12.1;0.0
0.0;156.1;0.0;0.0
0.0;156.1;6.2;0.0
0.0;156.1;0.0;0.0
0.0;156.1;0.7;0.0
0.0;156.1;0.0;0.0
55.0;156.1;1.7;0.0
0.0;156.1;0.0;0.0
0.0;156.1;2.4;0.0
0.0;156.1;0.0;0.0
0.0;156.1;2.4;0.0
0.0;156.1;0.0;0.0
0.0;156.1;1.6;0.0
0.0;156.1;0.0;0.0
199.0;199.1;2.4;0.0
496.0;201.1;0.0;0.0
363.0;159.8;4.4;0.0
113.8;159.8;3.0;0.0
550.0;159.8;0.0;0.0
600.6;160.0;1.0;0.0
440.0;160.9;3.3;0.0
0.0;160.9;13.0;0.0
0.0;160.9;1.1;0.0
0.0;160.9;7.0;0.0
0.0;160.9;13.2;0.0
0.0;160.9;6.0;0.0
0.0;160.9;7.7;0.0
0.0;160.9;6.0;0.0
0.0;160.9;7.7;0.0
0.0;160.9;7.0;0.0
0.0;160.9;3.3;0.0
0.0;160.9;4.0;0.0
0.0;160.9;5.5;0.0
0.0;160.9;0.0;0.0
480.0;160.9;1.5;0.0
448.0;160.9;11.0;0.0
163.9;161.1;6.6;0.0
583.0;161.1;2.0;0.0
601.7;161.1;12.1;0.0
328.9;161.1;26.0;0.0
0.0;161.1;0.0;0.0
0.0;161.1;12.2;0.0
0.0;161.1;0.0;0.0
52.8;161.1;18.6;0.0
0.0;161.1;0.0;0.0
0.0;161.1;7.4;0.0
0.0;161.1;0.0;0.0
0.0;161.1;8.2;0.0
0.0;161.1;3.0;0.0
0.0;161.1;8.9;0.0
0.0;161.1;6.0;0.0
0.0;161.1;7.8;0.0
618.0;161.1;9.0;0.0
0.0;161.1;8.0;0.0
0.0;161.1;0.0;0.0
410.9;162.0;7.1;0.0
192.9;351.0;168.0;40.0
487.0;689.3;2329.5;0.0
500.0;999.3;3895.0;0.0
485.0;999.3;3818.0;0.0
515.0;1309.3;1621.0;0.0
469.0;1312.3;8.0;2600.0
499.0;1312.3;6.0;1920.0
542.0;390.3;3.0;120.0
0.0;162.3;0.0;0.0
0.0;162.3;0.0;0.0
0.0;162.3;0.0;0.0
0.0;162.3;0.0;0.0
0.0;162.3;0.0;0.0
0.0;162.3;0.0;0.0
0.0;162.3;0.0;0.0
0.0;162.3;0.0;0.0
0.0;162.3;0.0;0.0
0.0;162.3;0.0;0.0
0.0;162.3;0.0;0.0
0.0;162.3;0.0;0.0
0.0;162.3;0.0;0.0
0.0;162.3;0.0;0.0
0.0;162.3;0.0;0.0
0.0;162.3;0.0;0.0
0.0;162.3;0.0;0.0
0.0;162.3;0.0;0.0
0.0;162.3;0.0;0.0
0.0;162.3;0.0;0.0
0.0;162.3;0.0;0.0
0.0;162.3;0.0;0.0
0.0;162.3;0.0;0.0
0.0;162.3;0.0;0.0
0.0;162.3;0.0;0.0
0.0;162.3;0.0;0.0
0.0;162.3;0.0;0.0
0.0;162.3;0.0;0.0
0.0;162.3;0.0;0.0
