106.0;172.8;240.3;0.0
50.2;143.4;273.5;0.0
350.9;276.4;88.3;0.0
149.5;154.7;541.3;0.0
603.9;156.2;13.9;0.0
0.0;156.2;0.0;0.0
0.0;156.2;0.1;0.0
0.0;156.2;0.0;0.0
6.8;156.2;1.3;0.0
0.0;156.2;0.0;0.0
0.0;156.2;7.7;0.0
0.0;156.2;0.0;0.0
0.0;156.2;6.6;0.0
0.0;156.2;0.0;0.0
0.0;156.2;5.5;0.0
0.0;156.2;7.0;0.0
0.0;156.2;6.6;0.0
0.0;156.2;4.0;0.0
0.0;156.2;6.6;0.0
0.0;156.2;5.0;0.0
0.0;156.2;3.3;0.0
0.0;156.2;3.0;0.0
420.2;196.0;5.5;0.0
574.2;207.0;2.0;0.0
379.5;207.0;3.3;0.0
0.0;207.0;5.0;0.0
0.0;207.0;1.1;0.0
0.0;207.0;4.0;0.0
0.0;207.0;13.2;0.0
50.0;161.0;6.0;0.0
499.0;161.0;7.7;0.0
495.0;161.0;0.0;0.0
519.0;161.0;4.7;0.0
0.0;161.0;0.0;0.0
0.0;161.0;5.6;0.0
0.0;161.0;0.0;0.0
0.0;161.0;7.5;0.0
0.0;161.0;0.0;0.0
0.0;161.0;2.5;0.0
0.0;161.0;0.0;0.0
409.2;161.2;0.6;0.0
555.5;161.2;9.9;0.0
371.8;161.2;2.2;0.0
0.0;161.2;0.0;0.0
0.0;161.2;5.2;0.0
0.0;161.2;0.0;0.0
0.0;161.2;20.4;0.0
0.0;161.2;0.0;0.0
315.0;161.2;9.4;0.0
520.0;161.2;0.0;0.0
497.0;161.2;1.1;0.0
0.0;161.2;0.0;0.0
0.0;161.2;10.1;0.0
0.0;161.2;0.0;0.0
0.0;161.2;4.0;0.0
0.0;161.2;12.0;0.0
0.0;161.2;5.1;0.0
0.0;161.2;0.0;0.0
698.5;162.1;3.4;0.0
220.0;162.1;0.0;0.0
55.0;162.5;3.6;0.0
0.0;162.5;0.0;0.0
0.0;162.5;10.0;0.0
0.0;162.5;0.0;0.0
0.0;162.5;10.0;0.0
0.0;162.5;0.0;0.0
0.0;162.5;10.0;0.0
0.0;162.5;0.0;0.0
596.0;162.5;11.0;0.0
699.0;338.5;173.0;40.0
503.0;1311.5;11656.0;0.0
482.0;1313.5;15.0;4320.0
512.0;361.5;0.0;0.0
0.0;162.5;0.0;0.0
0.0;162.5;0.0;0.0
0.0;162.5;0.0;0.0
0.0;162.5;0.0;0.0
0.0;162.5;0.0;0.0
0.0;162.5;0.0;0.0
0.0;162.5;0.0;0.0
0.0;162.5;0.0;0.0
0.0;162.5;0.0;0.0
0.0;162.5;0.0;0.0
0.0;162.5;0.0;0.0
0.0;162.5;0.0;0.0
0.0;162.5;0.0;0.0
0.0;162.5;0.0;0.0
0.0;162.5;0.0;0.0
0.0;162.5;0.0;0.0
0.0;162.5;0.0;0.0
0.0;162.5;0.0;0.0
0.0;162.5;0.0;0.0
0.0;162.5;0.0;0.0
0.0;162.5;0.0;0.0
0.0;162.5;0.0;0.0
0.0;162.5;0.0;0.0
0.0;162.5;0.0;0.0
0.0;162.5;0.0;0.0
0.0;162.5;0.0;0.0
0.0;162.5;0.0;0.0
