58.0;281.9;1066.1;0.0
368.0;428.7;302.7;0.0
575.5;366.1;363.5;0.0
550.0;274.3;183.7;0.0
275.0;156.0;348.8;0.0
0.0;156.0;0.0;0.0
0.0;156.0;1.1;0.0
0.0;156.0;12.0;0.0
0.0;156.0;13.2;0.0
0.0;156.0;7.0;0.0
0.0;156.0;2.7;0.0
0.0;156.0;0.0;0.0
0.0;156.0;0.6;0.0
0.0;156.0;0.0;0.0
0.0;156.0;0.4;0.0
0.0;156.0;0.0;0.0
0.0;156.0;2.6;0.0
0.0;156.0;0.0;0.0
0.0;156.0;2.4;0.0
0.0;156.0;0.0;0.0
389.0;197.0;4.1;0.0
499.0;197.0;5.5;0.0
512.0;206.0;0.0;0.0
146.0;159.7;2.5;0.0
550.0;159.7;0.0;0.0
550.0;159.9;1.0;0.0
610.5;160.6;3.3;0.0
5.0;160.6;13.0;0.0
0.0;160.6;1.1;0.0
0.0;160.6;7.0;0.0
0.0;160.6;14.3;0.0
0.0;160.6;6.0;0.0
0.0;160.6;7.7;0.0
0.0;160.6;4.0;0.0
0.0;160.6;6.6;0.0
0.0;160.6;0.0;0.0
0.0;160.6;2.5;0.0
0.0;160.6;4.0;0.0
0.0;160.6;6.6;0.0
0.0;160.6;5.0;0.0
55.0;160.6;5.5;0.0
0.0;160.6;3.0;0.0
445.0;160.8;8.8;0.0
62.1;160.8;0.0;0.0
70.0;160.8;11.0;0.0
548.9;160.8;12.1;0.0
0.0;160.8;2.0;0.0
0.0;160.8;2.2;0.0
0.0;160.8;24.0;0.0
0.0;160.8;27.5;0.0
0.0;160.8;14.0;0.0
0.0;160.8;15.4;0.0
50.0;160.8;11.0;0.0
0.0;160.8;11.0;0.0
0.0;160.8;5.0;0.0
0.0;160.8;5.8;0.0
0.0;160.8;4.0;0.0
55.0;160.8;10.1;0.0
0.0;160.8;4.0;0.0
0.0;160.8;4.8;0.0
50.0;160.8;7.0;0.0
479.8;161.3;8.1;0.0
658.9;161.7;0.0;0.0
5.9;162.1;0.5;0.0
0.0;162.1;0.0;0.0
0.0;162.1;4.0;0.0
0.0;162.1;0.0;0.0
392.0;346.1;182.0;40.0
489.0;994.1;4331.0;0.0
500.0;998.1;3036.0;0.0
490.0;998.1;4002.0;0.0
522.0;1311.1;327.0;1320.0
498.0;1311.1;6.0;1920.0
500.0;1007.1;7.0;1680.0
0.0;162.1;0.0;0.0
0.0;162.1;0.0;0.0
0.0;162.1;0.0;0.0
0.0;162.1;0.0;0.0
0.0;162.1;0.0;0.0
0.0;162.1;0.0;0.0
0.0;162.1;0.0;0.0
0.0;162.1;0.0;0.0
0.0;162.1;0.0;0.0
0.0;162.1;0.0;0.0
0.0;162.1;0.0;0.0
0.0;162.1;0.0;0.0
0.0;162.1;0.0;0.0
0.0;162.1;0.0;0.0
0.0;162.1;0.0;0.0
0.0;162.1;0.0;0.0
0.0;162.1;0.0;0.0
0.0;162.1;0.0;0.0
0.0;162.1;0.0;0.0
0.0;162.1;0.0;0.0
0.0;162.1;0.0;0.0
0.0;162.1;0.0;0.0
0.0;162.1;0.0;0.0
0.0;162.1;0.0;0.0
0.0;162.1;0.0;0.0
0.0;162.1;0.0;0.0
