108.7;339.0;372.0;0.0
63.8;268.1;415.7;0.0
405.4;358.0;623.9;0.0
542.1;329.0;200.7;0.0
537.9;155.8;446.6;0.0
0.0;155.8;1.0;0.0
0.0;155.8;0.0;0.0
0.0;155.8;1.1;0.0
0.0;155.8;13.0;0.0
0.0;155.8;14.3;0.0
0.0;155.8;7.0;0.0
0.0;155.8;7.7;0.0
0.0;155.8;6.0;0.0
0.0;155.8;5.5;0.0
50.0;155.8;5.0;0.0
53.9;155.8;5.5;0.0
0.0;155.8;5.0;0.0
0.0;155.8;5.5;0.0
0.0;155.8;7.0;0.0
0.0;155.8;4.4;0.0
0.0;155.8;5.0;0.0
0.0;155.8;5.5;0.0
139.0;198.8;5.0;0.0
318.7;159.6;7.7;0.0
49.8;159.6;0.0;0.0
70.0;159.8;3.0;0.0
553.3;160.4;3.3;0.0
273.9;160.4;1.0;0.0
0.0;160.4;0.0;0.0
55.0;160.4;12.1;0.0
0.0;160.4;0.0;0.0
0.0;160.4;7.3;0.0
0.0;160.4;0.0;0.0
0.0;160.4;1.7;0.0
0.0;160.4;4.4;0.0
0.0;160.4;5.1;0.0
0.0;160.4;6.6;0.0
0.0;160.4;4.0;0.0
0.0;160.4;5.5;0.0
0.0;160.4;6.0;0.0
0.0;160.4;6.6;0.0
0.0;160.4;5.0;0.0
457.8;160.4;3.5;0.0
149.9;160.7;9.2;0.0
199.0;160.7;0.0;0.0
558.8;160.7;12.1;0.0
0.0;160.7;2.0;0.0
0.0;160.7;2.2;0.0
0.0;160.7;26.0;0.0
0.0;160.7;28.6;0.0
0.0;160.7;14.0;0.0
0.0;160.7;15.4;0.0
50.0;160.7;10.0;0.0
55.0;160.7;11.0;0.0
0.0;160.7;8.0;0.0
0.0;160.7;8.8;0.0
0.0;160.7;10.0;0.0
0.0;160.7;11.0;0.0
0.0;160.7;11.0;0.0
55.0;160.7;13.2;0.0
0.0;160.7;8.0;0.0
260.7;161.2;12.1;0.0
96.9;161.6;7.0;0.0
154.0;162.0;7.7;0.0
147.0;162.0;6.0;0.0
530.0;380.0;541.0;40.0
0.0;1309.0;10822.0;0.0
1063.0;1312.0;15.0;4120.0
489.0;363.0;0.0;0.0
0.0;162.0;0.0;0.0
0.0;162.0;0.0;0.0
0.0;162.0;0.0;0.0
0.0;162.0;0.0;0.0
0.0;162.0;0.0;0.0
0.0;162.0;0.0;0.0
0.0;162.0;0.0;0.0
0.0;162.0;0.0;0.0
0.0;162.0;0.0;0.0
0.0;162.0;0.0;0.0
0.0;162.0;0.0;0.0
0.0;162.0;0.0;0.0
0.0;162.0;0.0;0.0
0.0;162.0;0.0;0.0
0.0;162.0;0.0;0.0
0.0;162.0;0.0;0.0
0.0;162.0;0.0;0.0
0.0;162.0;0.0;0.0
0.0;162.0;0.0;0.0
0.0;162.0;0.0;0.0
0.0;162.0;0.0;0.0
0.0;162.0;0.0;0.0
0.0;162.0;0.0;0.0
0.0;162.0;0.0;0.0
0.0;162.0;0.0;0.0
0.0;162.0;0.0;0.0
0.0;162.0;0.0;0.0
0.0;162.0;0.0;0.0
0.0;162.0;0.0;0.0
0.0;162.0;0.0;0.0
0.0;162.0;0.0;0.0
