92.2;375.6;1314.6;0.0
321.0;628.4;271.4;0.0
695.0;430.9;889.9;0.0
700.0;288.9;306.0;0.0
198.0;155.9;351.1;0.0
0.0;155.9;0.0;0.0
0.0;155.9;12.2;0.0
0.0;155.9;0.0;0.0
0.0;155.9;6.7;0.0
0.0;155.9;0.0;0.0
0.0;155.9;2.5;0.0
0.0;155.9;0.0;0.0
0.0;155.9;3.4;0.0
0.0;155.9;0.0;0.0
0.0;155.9;0.4;0.0
0.0;155.9;0.0;0.0
0.0;155.9;3.3;0.0
0.0;155.9;5.0;0.0
0.0;155.9;5.5;0.0
0.0;155.9;5.0;0.0
385.0;190.7;7.7;0.0
547.8;190.7;5.0;0.0
550.0;190.7;0.0;0.0
138.7;160.6;3.3;0.0
257.9;160.6;0.0;0.0
555.0;160.6;0.0;0.0
400.0;160.6;2.1;0.0
0.0;160.6;0.0;0.0
0.0;160.6;13.3;0.0
0.0;160.6;0.0;0.0
0.0;160.6;6.7;0.0
0.0;160.6;0.0;0.0
0.0;160.6;1.6;0.0
0.0;160.6;0.0;0.0
0.0;160.6;1.5;0.0
0.0;160.6;0.0;0.0
0.0;160.6;1.4;0.0
0.0;160.6;0.0;0.0
0.0;160.6;1.5;0.0
0.0;160.6;0.0;0.0
555.5;160.9;13.8;0.0
375.1;160.9;0.0;0.0
239.0;160.9;8.0;0.0
525.0;160.9;2.2;0.0
350.0;160.9;11.0;0.0
0.0;160.9;26.4;0.0
0.0;160.9;2.0;0.0
0.0;160.9;15.4;0.0
0.0;160.9;24.0;0.0
0.0;160.9;11.0;0.0
0.0;160.9;14.0;0.0
0.0;160.9;8.8;0.0
0.0;160.9;10.0;0.0
0.0;160.9;7.8;0.0
0.0;160.9;7.0;0.0
0.0;160.9;8.8;0.0
0.0;160.9;9.0;0.0
548.9;161.8;14.3;0.0
279.9;161.8;8.0;0.0
55.0;162.1;6.7;0.0
540.0;162.1;8.0;0.0
195.0;162.1;3.0;0.0
0.0;162.1;1.0;0.0
0.0;162.1;4.0;0.0
439.0;248.1;149.0;40.0
486.0;1311.1;11709.0;0.0
467.0;1313.1;4.0;1320.0
486.0;1313.1;6.0;1920.0
535.0;1009.1;5.0;1160.0
0.0;162.1;0.0;0.0
0.0;162.1;0.0;0.0
0.0;162.1;0.0;0.0
0.0;162.1;0.0;0.0
0.0;162.1;0.0;0.0
0.0;162.1;0.0;0.0
0.0;162.1;0.0;0.0
0.0;162.1;0.0;0.0
0.0;162.1;0.0;0.0
0.0;162.1;0.0;0.0
0.0;162.1;0.0;0.0
0.0;162.1;0.0;0.0
0.0;162.1;0.0;0.0
0.0;162.1;0.0;0.0
0.0;162.1;0.0;0.0
0.0;162.1;0.0;0.0
0.0;162.1;0.0;0.0
0.0;162.1;0.0;0.0
0.0;162.1;0.0;0.0
0.0;162.1;0.0;0.0
0.0;162.1;0.0;0.0
0.0;162.1;0.0;0.0
0.0;162.1;0.0;0.0
0.0;162.1;0.0;0.0
0.0;162.1;0.0;0.0
0.0;162.1;0.0;0.0
0.0;162.1;0.0;0.0
0.0;162.1;0.0;0.0
0.0;162.1;0.0;0.0
0.0;162.1;0.0;0.0
0.0;162.1;0.0;0.0
