138.4;340.6;69.3;0.0
162.4;266.9;303.4;0.0
374.5;362.1;481.2;0.0
475.5;358.0;152.3;0.0
596.2;155.9;495.0;0.0
0.0;155.9;0.0;0.0
0.0;155.9;1.0;0.0
0.0;155.9;1.1;0.0
0.0;155.9;13.0;0.0
0.0;155.9;13.2;0.0
0.0;155.9;7.0;0.0
0.0;155.9;7.7;0.0
0.0;155.9;7.0;0.0
0.0;155.9;5.5;0.0
0.0;155.9;5.0;0.0
0.0;155.9;5.5;0.0
0.0;155.9;4.0;0.0
0.0;155.9;4.4;0.0
0.0;155.9;0.5;0.0
0.0;155.9;0.0;0.0
0.0;155.9;1.5;0.0
0.0;155.9;0.0;0.0
174.4;159.6;1.5;0.0
69.4;159.9;0.0;0.0
91.7;159.9;3.0;0.0
197.0;160.6;3.3;0.0
0.0;160.6;0.0;0.0
0.0;160.6;1.0;0.0
0.0;160.6;0.0;0.0
49.0;160.6;13.0;0.0
0.0;160.6;0.0;0.0
0.0;160.6;7.0;0.0
0.0;160.6;0.0;0.0
0.0;160.6;4.0;0.0
0.0;160.6;0.0;0.0
0.0;160.6;3.0;0.0
0.0;160.6;0.0;0.0
0.0;160.6;4.0;0.0
0.0;160.6;0.0;0.0
0.0;160.6;3.0;0.0
0.0;160.6;0.0;0.0
0.0;160.6;3.0;0.0
0.0;160.6;0.0;0.0
148.0;160.6;4.0;0.0
502.0;160.6;0.0;0.0
500.0;160.6;11.0;0.0
99.0;160.6;0.0;0.0
0.0;160.6;2.0;0.0
0.0;160.6;0.0;0.0
0.0;160.6;25.0;0.0
0.0;160.6;0.0;0.0
0.0;160.6;14.0;0.0
0.0;160.6;0.0;0.0
0.0;160.6;11.0;0.0
0.0;160.6;0.0;0.0
0.0;160.6;9.0;0.0
0.0;160.6;0.0;0.0
0.0;160.6;9.0;0.0
0.0;160.6;0.0;0.0
50.0;160.6;10.0;0.0
0.0;160.6;0.0;0.0
0.0;160.6;6.0;0.0
0.0;160.6;5.0;0.0
141.0;160.6;7.0;0.0
780.0;237.6;157.0;40.0
550.0;1253.6;11667.0;0.0
428.0;1323.6;20.0;680.0
520.0;1323.6;12.0;3840.0
530.0;375.6;3.0;120.0
0.0;160.6;0.0;0.0
0.0;160.6;0.0;0.0
0.0;160.6;0.0;0.0
0.0;160.6;0.0;0.0
0.0;160.6;0.0;0.0
0.0;160.6;0.0;0.0
0.0;160.6;0.0;0.0
0.0;160.6;0.1;0.0
0.0;160.6;0.0;0.0
0.0;160.6;1.2;0.0
0.0;160.6;0.0;0.0
0.0;160.6;0.7;0.0
0.0;160.6;0.0;0.0
0.0;160.6;0.6;0.0
0.0;160.6;0.0;0.0
0.0;160.6;0.6;0.0
0.0;160.6;0.0;0.0
0.0;160.6;0.6;0.0
0.0;160.6;0.0;0.0
0.0;160.6;0.7;0.0
0.0;160.6;0.0;0.0
0.0;160.6;0.6;0.0
35.0;160.9;0.2;0.0
49.8;160.9;0.0;0.0
52.1;160.9;1.1;0.0
5.0;160.9;0.0;0.0
5.0;160.9;0.2;0.0
0.0;160.9;0.0;0.0
0.0;160.9;2.6;0.0
0.0;160.9;0.0;0.0
0.0;160.9;1.4;0.0
