50.0;229.1;305.1;0.0
91.0;206.5;299.9;0.0
312.4;289.0;325.8;0.0
429.8;316.6;85.2;0.0
438.9;156.0;441.1;0.0
0.0;156.0;1.0;0.0
0.0;156.0;1.1;0.0
0.0;156.0;0.0;0.0
0.0;156.0;13.0;0.0
0.0;156.0;14.3;0.0
0.0;156.0;7.0;0.0
0.0;156.0;7.7;0.0
0.0;156.0;6.0;0.0
0.0;156.0;4.4;0.0
0.0;156.0;5.0;0.0
55.0;156.0;4.4;0.0
0.0;156.0;4.0;0.0
0.0;156.0;6.6;0.0
0.0;156.0;5.0;0.0
53.9;156.0;6.6;0.0
0.0;156.0;5.0;0.0
0.0;156.0;5.5;0.0
284.0;197.0;8.0;0.0
248.1;159.8;7.7;0.0
134.1;159.8;3.0;0.0
550.0;160.0;0.0;0.0
525.8;160.7;2.3;0.0
217.8;160.7;0.0;0.0
0.0;160.7;11.1;0.0
0.0;160.7;7.0;0.0
0.0;160.7;14.3;0.0
0.0;160.7;6.0;0.0
0.0;160.7;7.7;0.0
0.0;160.7;5.0;0.0
0.0;160.7;0.0;0.0
0.0;160.7;2.5;0.0
0.0;160.7;3.3;0.0
0.0;160.7;4.2;0.0
0.0;160.7;3.3;0.0
0.0;160.7;4.2;0.0
55.0;160.7;3.4;0.0
174.0;160.7;1.2;0.0
501.0;160.7;4.4;0.0
328.1;160.8;8.3;0.0
451.0;160.8;0.0;0.0
550.0;160.8;10.1;0.0
0.0;160.8;0.0;0.0
0.0;160.8;23.2;0.0
0.0;160.8;0.0;0.0
0.0;160.8;13.5;0.0
0.0;160.8;0.0;0.0
0.0;160.8;3.4;0.0
0.0;160.8;0.0;0.0
0.0;160.8;9.2;0.0
0.0;160.8;4.0;0.0
0.0;160.8;4.8;0.0
0.0;160.8;4.0;0.0
0.0;160.8;2.7;0.0
0.0;160.8;4.0;0.0
0.0;160.8;7.1;0.0
623.0;160.8;6.0;0.0
249.0;213.8;72.8;40.0
147.9;382.7;449.3;0.0
447.0;994.1;4225.4;0.0
496.0;999.1;4424.0;0.0
500.0;1306.1;2653.0;0.0
488.0;1309.1;4.0;1320.0
519.0;1309.1;8.0;2560.0
489.0;387.1;3.0;600.0
0.0;162.1;0.0;0.0
0.0;162.1;0.0;0.0
0.0;162.1;0.0;0.0
0.0;162.1;0.0;0.0
0.0;162.1;0.0;0.0
0.0;162.1;0.0;0.0
0.0;162.1;0.0;0.0
0.0;162.1;0.0;0.0
0.0;162.1;0.0;0.0
0.0;162.1;0.0;0.0
0.0;162.1;0.0;0.0
0.0;162.1;0.0;0.0
0.0;162.1;0.0;0.0
0.0;162.1;0.0;0.0
0.0;162.1;0.0;0.0
0.0;162.1;0.0;0.0
0.0;162.1;0.0;0.0
0.0;162.1;0.0;0.0
0.0;162.1;0.0;0.0
0.0;162.1;0.0;0.0
0.0;162.1;0.0;0.0
0.0;162.1;0.0;0.0
0.0;162.1;0.0;0.0
0.0;162.1;0.0;0.0
0.0;162.1;0.0;0.0
0.0;162.1;0.0;0.0
0.0;162.1;0.0;0.0
0.0;162.1;0.0;0.0
0.0;162.1;0.0;0.0
0.0;162.1;0.0;0.0
0.0;162.1;0.0;0.0
