100.9;143.8;85.1;0.0
50.0;208.0;732.7;0.0
99.2;239.5;354.2;0.0
157.5;269.9;140.2;0.0
154.0;156.4;302.9;0.0
0.0;156.4;0.0;0.0
0.0;156.4;0.1;0.0
0.0;156.4;0.0;0.0
0.0;156.4;2.3;0.0
0.0;156.4;0.0;0.0
0.0;156.4;0.7;0.0
0.0;156.4;0.0;0.0
0.0;156.4;1.5;0.0
0.0;156.4;0.0;0.0
0.0;156.4;1.5;0.0
0.0;156.4;0.0;0.0
0.0;156.4;2.4;0.0
0.0;156.4;0.0;0.0
0.0;156.4;0.5;0.0
0.0;156.4;0.0;0.0
0.0;156.4;5.5;0.0
0.0;156.4;5.0;0.0
0.0;156.4;4.4;0.0
61.9;159.8;4.1;0.0
137.8;160.1;3.0;0.0
603.9;160.7;3.3;0.0
165.0;160.7;1.0;0.0
0.0;160.7;1.1;0.0
0.0;160.7;12.0;0.0
0.0;160.7;14.3;0.0
0.0;160.7;7.0;0.0
0.0;160.7;7.7;0.0
0.0;160.7;5.0;0.0
0.0;160.7;0.0;0.0
0.0;160.7;0.5;0.0
0.0;160.7;0.0;0.0
0.0;160.7;1.5;0.0
0.0;160.7;0.0;0.0
0.0;160.7;0.3;0.0
0.0;160.7;1.0;0.0
0.0;160.7;3.3;0.0
411.0;160.7;5.0;0.0
52.5;161.0;7.4;0.0
567.6;161.0;12.1;0.0
273.9;161.0;2.0;0.0
0.0;161.0;0.0;0.0
55.0;161.0;23.2;0.0
0.0;161.0;0.0;0.0
0.0;161.0;13.5;0.0
0.0;161.0;0.0;0.0
0.0;161.0;4.4;0.0
0.0;161.0;0.0;0.0
0.0;161.0;1.0;0.0
0.0;161.0;0.0;0.0
0.0;161.0;0.9;0.0
0.0;161.0;0.0;0.0
0.0;161.0;3.8;0.0
0.0;161.0;0.0;0.0
0.0;161.0;1.0;0.0
0.0;161.0;0.0;0.0
247.0;161.0;3.1;0.0
120.9;227.8;120.2;40.0
331.0;690.2;2778.5;0.0
540.0;998.2;4087.0;0.0
493.0;998.2;3714.0;0.0
495.0;1310.2;1113.0;0.0
500.0;1310.2;4.0;1320.0
495.0;1310.2;8.0;2560.0
497.0;1007.2;3.0;600.0
0.0;162.2;0.0;0.0
0.0;162.2;0.0;0.0
0.0;162.2;0.0;0.0
0.0;162.2;0.0;0.0
0.0;162.2;0.0;0.0
0.0;162.2;0.0;0.0
0.0;162.2;0.0;0.0
0.0;162.2;0.0;0.0
0.0;162.2;0.0;0.0
0.0;162.2;0.0;0.0
0.0;162.2;0.0;0.0
0.0;162.2;0.0;0.0
0.0;162.2;0.0;0.0
0.0;162.2;0.0;0.0
0.0;162.2;0.0;0.0
0.0;162.2;0.0;0.0
0.0;162.2;0.0;0.0
0.0;162.2;0.0;0.0
0.0;162.2;0.0;0.0
0.0;162.2;0.0;0.0
0.0;162.2;0.0;0.0
0.0;162.2;0.0;0.0
0.0;162.2;0.0;0.0
0.0;162.2;0.0;0.0
0.0;162.2;0.0;0.0
0.0;162.2;0.0;0.0
0.0;162.2;0.0;0.0
0.0;162.2;0.0;0.0
0.0;162.2;0.0;0.0
0.0;162.2;0.0;0.0
0.0;162.2;0.0;0.0
