0.0;156.5;0.0;0.0
0.0;156.5;1.0;0.0
0.0;156.5;7.7;0.0
0.0;156.5;12.0;0.0
0.0;156.5;6.6;0.0
0.0;156.5;7.0;0.0
0.0;156.5;5.5;0.0
0.0;156.5;5.0;0.0
0.0;156.5;6.6;0.0
0.0;156.5;5.0;0.0
0.0;156.5;6.6;0.0
0.0;156.5;4.0;0.0
0.0;156.5;5.5;0.0
50.0;156.5;5.0;0.0
383.9;196.1;2.6;0.0
543.4;196.1;1.0;0.0
546.7;196.1;0.0;0.0
72.9;160.3;3.3;0.0
192.2;160.3;3.0;0.0
0.0;160.3;1.1;0.0
50.0;160.3;1.0;0.0
0.0;160.3;0.0;0.0
0.0;160.3;1.3;0.0
0.0;160.3;0.0;0.0
0.0;160.3;0.7;0.0
0.0;160.3;4.4;0.0
0.0;160.3;4.2;0.0
0.0;160.3;0.0;0.0
0.0;160.3;1.5;0.0
0.0;160.3;4.4;0.0
0.0;160.3;3.1;0.0
0.0;160.3;1.1;0.0
0.0;161.0;0.5;0.0
0.0;161.0;3.3;0.0
540.1;161.3;0.4;0.0
385.0;161.3;10.0;0.0
147.0;161.3;3.0;0.0
478.0;161.3;2.2;0.0
544.0;161.3;11.0;0.0
199.0;161.3;28.6;0.0
0.0;161.3;0.0;0.0
0.0;161.3;14.4;0.0
0.0;161.3;0.0;0.0
49.0;161.3;4.1;0.0
0.0;161.3;0.0;0.0
0.0;161.3;5.1;0.0
0.0;161.3;0.0;0.0
0.0;161.3;5.0;0.0
0.0;161.3;0.0;0.0
55.0;161.3;7.2;0.0
0.0;161.3;0.0;0.0
107.8;161.8;7.2;0.0
765.6;162.2;0.0;0.0
55.0;162.6;11.6;0.0
0.0;162.6;0.0;0.0
0.0;162.6;13.0;0.0
0.0;162.6;0.0;0.0
246.0;162.6;15.0;0.0
0.0;162.6;0.0;0.0
0.0;162.6;4.0;0.0
0.0;162.6;0.0;0.0
0.0;162.6;5.0;0.0
0.0;162.6;0.0;0.0
0.0;162.6;4.0;0.0
0.0;162.6;0.0;0.0
0.0;162.6;4.0;0.0
0.0;162.6;0.0;0.0
144.0;162.6;3.0;0.0
886.0;362.6;483.0;40.0
490.0;1308.6;11324.0;0.0
513.0;1308.6;4.0;1320.0
494.0;1150.6;13.0;3400.0
522.0;361.6;0.0;0.0
0.0;162.6;0.0;0.0
0.0;162.6;0.0;0.0
0.0;162.6;0.0;0.0
0.0;162.6;0.0;0.0
0.0;162.6;0.0;0.0
0.0;162.6;0.0;0.0
0.0;162.6;0.0;0.0
0.0;162.6;0.0;0.0
0.0;162.6;0.0;0.0
0.0;162.6;0.0;0.0
0.0;162.6;0.0;0.0
0.0;162.6;0.0;0.0
0.0;162.6;0.0;0.0
0.0;162.6;0.0;0.0
0.0;162.6;0.0;0.0
0.0;162.6;0.0;0.0
0.0;162.6;0.0;0.0
0.0;162.6;0.0;0.0
0.0;162.6;0.0;0.0
0.0;162.6;0.0;0.0
0.0;162.6;0.0;0.0
0.0;162.6;0.0;0.0
0.0;162.6;0.0;0.0
0.0;162.6;0.0;0.0
0.0;162.6;0.0;0.0
0.0;162.6;0.0;0.0
0.0;162.6;0.0;0.0
