94.0;170.3;63.5;0.0
69.9;182.0;683.7;0.0
102.3;180.0;349.5;7440.0
216.9;252.5;185.7;18960.0
449.0;171.6;317.2;8960.0
55.0;155.9;20.9;0.0
0.0;155.9;1.0;0.0
0.0;155.9;1.1;0.0
0.0;155.9;13.0;0.0
55.0;155.9;14.3;0.0
0.0;155.9;7.0;0.0
0.0;155.9;7.7;0.0
0.0;155.9;5.0;0.0
0.0;155.9;6.6;0.0
0.0;155.9;6.0;0.0
0.0;155.9;7.7;0.0
0.0;155.9;5.0;0.0
0.0;155.9;6.6;0.0
50.0;155.9;6.0;0.0
0.0;155.9;7.7;0.0
0.0;155.9;5.0;0.0
0.0;155.9;6.6;0.0
415.0;209.9;5.0;0.0
146.9;160.0;3.6;0.0
542.3;160.0;0.0;0.0
542.3;161.0;1.0;0.0
438.9;161.0;3.3;0.0
50.0;161.0;12.0;0.0
0.0;161.0;1.1;0.0
0.0;161.0;7.0;0.0
0.0;161.0;14.3;0.0
0.0;161.0;5.0;0.0
0.0;161.0;7.7;0.0
0.0;161.0;6.0;0.0
0.0;161.0;5.5;0.0
0.0;161.0;6.0;0.0
0.0;161.0;5.5;0.0
0.0;161.0;6.0;0.0
0.0;161.0;4.4;0.0
414.0;161.0;5.0;0.0
499.0;161.0;5.5;0.0
425.0;161.0;11.0;0.0
101.2;161.2;6.6;0.0
577.5;161.2;10.1;0.0
379.5;161.2;0.0;0.0
0.0;161.2;26.0;0.0
0.0;161.2;2.2;0.0
0.0;161.2;14.0;0.0
0.0;161.2;28.6;0.0
50.0;161.2;9.0;0.0
0.0;161.2;15.4;0.0
0.0;161.2;7.0;0.0
55.0;161.2;12.1;0.0
0.0;161.2;9.0;0.0
0.0;161.2;9.9;0.0
0.0;161.2;10.0;0.0
0.0;161.2;9.9;0.0
192.0;161.2;12.0;0.0
544.0;161.2;9.9;0.0
0.0;161.2;2.0;0.0
547.8;162.2;11.0;0.0
122.3;179.2;59.0;40.0
450.0;380.5;474.5;0.0
549.0;999.5;5231.0;0.0
472.0;999.5;4575.0;0.0
497.0;1310.5;1506.0;0.0
527.0;1310.5;8.0;2600.0
505.0;1310.5;6.0;1920.0
486.0;389.5;3.0;120.0
0.0;162.5;0.0;0.0
0.0;162.5;0.0;0.0
0.0;162.5;0.0;0.0
0.0;162.5;0.0;0.0
0.0;162.5;0.0;0.0
0.0;162.5;0.0;0.0
0.0;162.5;0.0;0.0
0.0;162.5;0.0;0.0
0.0;162.5;0.0;0.0
0.0;162.5;0.0;0.0
0.0;162.5;0.0;0.0
0.0;162.5;0.0;0.0
0.0;162.5;0.0;0.0
0.0;162.5;0.0;0.0
0.0;162.5;0.0;0.0
0.0;162.5;0.0;0.0
0.0;162.5;0.0;0.0
0.0;162.5;0.0;0.0
0.0;162.5;0.0;0.0
0.0;162.5;0.0;0.0
0.0;162.5;0.0;0.0
0.0;162.5;0.0;0.0
0.0;162.5;0.0;0.0
0.0;162.5;0.0;0.0
0.0;162.5;0.0;0.0
0.0;162.5;0.0;0.0
0.0;162.5;0.0;0.0
0.0;162.5;0.0;0.0
0.0;162.5;0.0;0.0
0.0;162.5;0.0;0.0
0.0;162.5;0.0;0.0
