45.0;99.1;77.1;0.0
49.6;149.9;215.0;0.0
138.7;178.3;173.1;0.0
102.0;242.8;185.9;0.0
110.0;156.3;232.1;0.0
0.0;156.3;0.0;0.0
0.0;156.3;0.1;0.0
0.0;156.3;0.0;0.0
0.0;156.3;2.3;0.0
0.0;156.3;0.0;0.0
0.0;156.3;0.7;0.0
0.0;156.3;0.0;0.0
0.0;156.3;0.6;0.0
0.0;156.3;0.0;0.0
55.0;156.3;1.4;0.0
0.0;156.3;0.0;0.0
0.0;156.3;0.4;0.0
0.0;156.3;0.0;0.0
0.0;156.3;2.6;0.0
0.0;156.3;0.0;0.0
0.0;156.3;5.7;0.0
0.0;156.3;0.0;0.0
55.0;177.3;1.5;0.0
550.0;196.0;0.0;0.0
175.8;160.0;5.0;0.0
79.5;160.2;0.0;0.0
74.0;160.8;0.3;0.0
249.0;160.8;0.0;0.0
0.0;160.8;1.1;0.0
0.0;160.8;1.0;0.0
0.0;160.8;14.3;0.0
0.0;160.8;13.0;0.0
0.0;160.8;7.7;0.0
0.0;160.8;7.0;0.0
0.0;160.8;6.6;0.0
0.0;160.8;5.0;0.0
0.0;160.8;4.4;0.0
0.0;160.8;5.0;0.0
0.0;160.8;5.5;0.0
50.0;160.8;6.0;0.0
0.0;160.8;5.5;0.0
0.0;160.8;5.0;0.0
323.4;161.0;7.8;0.0
573.1;161.0;4.0;0.0
58.6;161.0;10.1;0.0
348.0;161.0;0.0;0.0
350.0;161.0;9.2;0.0
0.0;161.0;0.0;0.0
55.0;161.0;26.6;0.0
0.0;161.0;0.0;0.0
0.0;161.0;13.4;0.0
0.0;161.0;0.0;0.0
0.0;161.0;7.7;0.0
0.0;161.0;5.5;0.0
50.0;161.0;6.5;0.0
0.0;161.0;5.5;0.0
0.0;161.0;2.9;0.0
0.0;161.0;0.0;0.0
0.0;161.0;1.1;0.0
0.0;161.0;0.0;0.0
0.0;161.0;2.1;0.0
669.9;162.0;2.2;0.0
218.9;162.3;2.4;0.0
580.0;162.3;9.0;0.0
398.0;230.3;155.0;40.0
449.0;692.3;1528.0;0.0
540.0;1002.3;4246.0;0.0
441.0;1002.3;3264.0;0.0
545.0;1312.3;2653.0;0.0
509.0;1315.3;6.0;1960.0
500.0;1315.3;6.0;1920.0
478.0;1010.3;5.0;720.0
0.0;162.3;0.0;0.0
0.0;162.3;0.0;0.0
0.0;162.3;0.0;0.0
0.0;162.3;0.0;0.0
0.0;162.3;0.0;0.0
0.0;162.3;0.0;0.0
0.0;162.3;0.0;0.0
0.0;162.3;0.0;0.0
0.0;162.3;0.0;0.0
0.0;162.3;0.0;0.0
0.0;162.3;0.0;0.0
0.0;162.3;0.0;0.0
0.0;162.3;0.0;0.0
0.0;162.3;0.0;0.0
0.0;162.3;0.0;0.0
0.0;162.3;0.0;0.0
0.0;162.3;0.0;0.0
0.0;162.3;0.0;0.0
0.0;162.3;0.0;0.0
0.0;162.3;0.0;0.0
0.0;162.3;0.0;0.0
0.0;162.3;0.0;0.0
0.0;162.3;0.0;0.0
0.0;162.3;0.0;0.0
0.0;162.3;0.0;0.0
0.0;162.3;0.0;0.0
0.0;162.3;0.0;0.0
0.0;162.3;0.0;0.0
