82.1;101.6;158.6;0.0
50.0;163.3;173.4;0.0
98.9;185.1;102.3;0.0
204.9;199.5;80.6;0.0
55.0;156.1;103.4;0.0
0.0;156.1;0.0;0.0
0.0;156.1;1.1;0.0
0.0;156.1;0.0;0.0
55.0;156.1;14.3;0.0
0.0;156.1;0.0;0.0
0.0;156.1;7.7;0.0
0.0;156.1;0.0;0.0
0.0;156.1;6.6;0.0
0.0;156.1;0.0;0.0
0.0;156.1;5.5;0.0
0.0;156.1;0.0;0.0
0.0;156.1;4.4;0.0
0.0;156.1;0.0;0.0
0.0;156.1;5.5;0.0
0.0;156.1;0.0;0.0
0.0;156.1;5.5;0.0
0.0;156.1;0.0;0.0
0.0;178.3;7.7;0.0
548.9;199.2;0.0;0.0
585.2;201.4;0.0;0.0
544.5;201.4;0.0;0.0
548.9;209.1;3.3;0.0
0.0;209.1;0.0;0.0
0.0;209.1;1.1;0.0
0.0;209.1;0.0;0.0
0.0;209.1;14.3;0.0
0.0;209.1;0.0;0.0
0.0;209.1;7.7;0.0
0.0;209.1;0.0;0.0
0.0;209.1;6.6;0.0
0.0;209.1;0.0;0.0
0.0;209.1;4.4;0.0
0.0;209.1;0.0;0.0
0.0;209.1;5.5;0.0
0.0;209.1;0.0;0.0
0.0;209.1;6.6;0.0
0.0;209.1;0.0;0.0
0.0;212.4;5.6;0.0
573.1;212.4;0.0;0.0
545.6;212.4;13.0;0.0
605.0;212.4;12.1;0.0
0.0;212.4;7.0;0.0
0.0;212.4;2.2;0.0
0.0;212.4;6.0;0.0
0.0;212.4;29.7;0.0
0.0;212.4;5.0;0.0
0.0;212.4;15.4;0.0
0.0;212.4;4.0;0.0
0.0;212.4;11.0;0.0
0.0;212.4;7.0;0.0
0.0;212.4;9.9;0.0
0.0;212.4;4.0;0.0
0.0;212.4;7.9;0.0
0.0;212.4;5.0;0.0
508.0;161.4;8.9;0.0
294.0;161.4;3.0;0.0
0.0;161.4;9.9;0.0
809.6;162.4;1.2;0.0
53.9;162.7;6.6;0.0
50.0;162.7;12.0;0.0
0.0;162.7;0.0;0.0
0.0;162.7;7.0;0.0
0.0;162.7;0.0;0.0
0.0;162.7;5.0;0.0
0.0;162.7;0.0;0.0
0.0;162.7;4.0;0.0
0.0;162.7;0.0;0.0
0.0;162.7;6.0;0.0
0.0;162.7;0.0;0.0
0.0;162.7;6.0;0.0
0.0;162.7;0.0;0.0
98.0;162.7;7.0;0.0
512.0;162.7;0.0;0.0
549.0;162.7;0.0;0.0
350.0;162.7;11.0;0.0
0.0;162.7;0.0;0.0
50.0;162.7;2.0;0.0
0.0;162.7;0.0;0.0
0.0;162.7;13.0;0.0
0.0;162.7;0.0;0.0
48.0;162.7;7.0;0.0
0.0;162.7;0.0;0.0
0.0;162.7;4.0;0.0
0.0;162.7;13.0;0.0
0.0;162.7;7.0;0.0
0.0;162.7;0.0;0.0
0.0;162.7;11.0;0.0
0.0;162.7;0.0;0.0
0.0;162.7;10.0;0.0
0.0;162.7;0.0;0.0
0.0;162.7;10.0;0.0
0.0;162.7;0.0;0.0
48.0;162.7;12.0;0.0
146.0;162.7;0.0;0.0
0.0;162.7;5.0;0.0
