63.0;342.7;351.5;0.0
49.9;289.9;325.1;0.0
413.0;415.4;378.8;0.0
739.9;351.7;337.9;0.0
550.0;260.8;181.5;0.0
220.0;156.7;312.5;0.0
0.0;156.7;0.0;0.0
0.0;156.7;12.1;0.0
0.0;156.7;0.0;0.0
0.0;156.7;7.3;0.0
0.0;156.7;0.0;0.0
0.0;156.7;1.7;0.0
0.0;156.7;0.0;0.0
0.0;156.7;0.4;0.0
0.0;156.7;0.0;0.0
0.0;156.7;5.5;0.0
0.0;156.7;5.0;0.0
0.0;156.7;5.5;0.0
0.0;156.7;5.0;0.0
0.0;156.7;4.4;0.0
0.0;156.7;5.0;0.0
0.0;156.7;7.7;0.0
429.0;189.7;7.0;0.0
320.0;160.2;6.6;0.0
56.8;160.2;3.0;0.0
201.0;160.2;0.0;0.0
550.0;160.4;0.0;0.0
495.0;161.1;2.3;0.0
0.0;161.1;0.0;0.0
0.0;161.1;11.1;0.0
0.0;161.1;0.0;0.0
0.0;161.1;7.3;0.0
0.0;161.1;0.0;0.0
0.0;161.1;1.7;0.0
0.0;161.1;0.0;0.0
0.0;161.1;1.5;0.0
0.0;161.1;0.0;0.0
0.0;161.1;0.6;0.0
0.0;161.1;0.0;0.0
0.0;161.1;1.5;0.0
0.0;161.1;0.0;0.0
306.0;161.1;2.5;0.0
525.0;161.1;0.0;0.0
525.0;161.3;3.8;0.0
550.0;161.3;0.0;0.0
601.7;161.3;0.0;0.0
541.2;161.3;10.1;0.0
0.0;161.3;0.0;0.0
0.0;161.3;24.2;0.0
0.0;161.3;0.0;0.0
0.0;161.3;14.0;0.0
55.0;161.3;26.4;0.0
0.0;161.3;10.0;0.0
0.0;161.3;15.4;0.0
0.0;161.3;11.0;0.0
0.0;161.3;12.1;0.0
0.0;161.3;9.0;0.0
0.0;161.3;8.8;0.0
50.0;161.3;8.0;0.0
0.0;161.3;9.9;0.0
138.0;161.3;13.0;0.0
599.0;161.3;11.0;0.0
0.0;161.3;4.0;0.0
601.7;162.3;9.2;0.0
204.4;295.3;159.0;40.0
461.9;994.6;4863.5;0.0
488.0;1240.6;6807.0;0.0
531.0;1305.6;21.0;1280.0
442.0;1305.6;7.0;1960.0
492.0;1002.6;5.0;1160.0
0.0;162.6;0.0;0.0
0.0;162.6;0.0;0.0
0.0;162.6;0.0;0.0
0.0;162.6;0.0;0.0
0.0;162.6;0.0;0.0
0.0;162.6;0.0;0.0
0.0;162.6;0.0;0.0
0.0;162.6;0.0;0.0
0.0;162.6;0.0;0.0
0.0;162.6;0.0;0.0
0.0;162.6;0.0;0.0
0.0;162.6;0.0;0.0
0.0;162.6;0.0;0.0
0.0;162.6;0.0;0.0
0.0;162.6;0.0;0.0
0.0;162.6;0.0;0.0
0.0;162.6;0.0;0.0
0.0;162.6;0.0;0.0
0.0;162.6;0.0;0.0
0.0;162.6;0.0;0.0
0.0;162.6;0.0;0.0
0.0;162.6;0.0;0.0
0.0;162.6;0.0;0.0
0.0;162.6;0.0;0.0
0.0;162.6;0.0;0.0
0.0;162.6;0.0;0.0
0.0;162.6;0.0;0.0
0.0;162.6;0.0;0.0
0.0;162.6;0.0;0.0
0.0;162.6;0.0;0.0
