131.9;282.4;497.0;0.0
144.9;274.4;262.0;0.0
352.0;367.1;419.8;0.0
627.1;353.4;154.5;0.0
605.0;184.2;448.8;0.0
0.0;155.9;43.0;0.0
0.0;155.9;0.0;0.0
50.0;155.9;12.1;0.0
0.0;155.9;0.0;0.0
0.0;155.9;14.3;0.0
0.0;155.9;7.0;0.0
0.0;155.9;1.7;0.0
0.0;155.9;0.0;0.0
0.0;155.9;2.6;0.0
0.0;155.9;2.0;0.0
0.0;155.9;3.5;0.0
0.0;155.9;4.0;0.0
0.0;155.9;2.4;0.0
0.0;155.9;4.0;0.0
55.0;155.9;3.5;0.0
0.0;155.9;4.0;0.0
0.0;155.9;4.6;0.0
401.0;196.9;5.0;0.0
378.0;159.7;4.4;0.0
95.6;159.7;3.0;0.0
235.1;159.7;0.0;0.0
550.0;159.7;0.0;0.0
601.7;160.7;2.3;0.0
220.0;160.7;0.0;0.0
0.0;160.7;13.0;0.0
0.0;160.7;1.1;0.0
0.0;160.7;7.0;0.0
0.0;160.7;13.2;0.0
0.0;160.7;6.0;0.0
0.0;160.7;7.7;0.0
0.0;160.7;7.0;0.0
0.0;160.7;4.4;0.0
0.0;160.7;5.0;0.0
0.0;160.7;5.5;0.0
0.0;160.7;1.5;0.0
0.0;160.7;0.0;0.0
90.0;160.7;2.6;0.0
511.0;160.7;0.0;0.0
353.0;160.9;4.7;0.0
550.0;160.9;0.0;0.0
529.1;160.9;2.0;0.0
598.4;160.9;12.1;0.0
0.0;160.9;25.0;0.0
0.0;160.9;2.2;0.0
0.0;160.9;7.0;0.0
0.0;160.9;25.3;0.0
0.0;160.9;6.0;0.0
0.0;160.9;15.4;0.0
0.0;160.9;4.0;0.0
0.0;160.9;4.0;0.0
0.0;160.9;6.0;0.0
0.0;160.9;6.1;0.0
0.0;160.9;5.0;0.0
0.0;160.9;4.0;0.0
693.0;160.9;5.0;0.0
95.0;160.9;7.1;0.0
0.0;160.9;4.0;0.0
0.0;160.9;10.0;0.0
548.9;161.8;1.3;0.0
328.9;162.2;5.7;0.0
0.0;162.2;5.0;0.0
444.0;296.2;176.0;40.0
484.0;687.2;1910.0;0.0
496.0;996.2;5105.0;0.0
501.0;1099.2;4652.0;0.0
496.0;1310.2;22.0;1320.0
499.0;1310.2;6.0;1920.0
499.0;1006.2;5.0;1280.0
0.0;162.2;0.0;0.0
0.0;162.2;0.0;0.0
0.0;162.2;0.0;0.0
0.0;162.2;0.0;0.0
0.0;162.2;0.0;0.0
0.0;162.2;0.0;0.0
0.0;162.2;0.0;0.0
0.0;162.2;0.0;0.0
0.0;162.2;0.0;0.0
0.0;162.2;0.0;0.0
0.0;162.2;0.0;0.0
0.0;162.2;0.0;0.0
0.0;162.2;0.0;0.0
0.0;162.2;0.0;0.0
0.0;162.2;0.0;0.0
0.0;162.2;0.0;0.0
0.0;162.2;0.0;0.0
0.0;162.2;0.0;0.0
0.0;162.2;0.0;0.0
0.0;162.2;0.0;0.0
0.0;162.2;0.0;0.0
0.0;162.2;0.0;0.0
0.0;162.2;0.0;0.0
0.0;162.2;0.0;0.0
0.0;162.2;0.0;0.0
0.0;162.2;0.0;0.0
0.0;162.2;0.0;0.0
