140.9;216.6;214.0;240.0
78.0;190.5;711.3;120.0
112.8;212.5;209.4;0.0
406.0;279.5;260.0;0.0
273.9;156.3;387.2;0.0
0.0;156.3;1.0;0.0
0.0;156.3;1.1;0.0
0.0;156.3;12.0;0.0
0.0;156.3;14.3;0.0
0.0;156.3;7.0;0.0
0.0;156.3;7.7;0.0
0.0;156.3;5.0;0.0
0.0;156.3;6.6;0.0
0.0;156.3;3.0;0.0
0.0;156.3;0.4;0.0
0.0;156.3;3.0;0.0
450.0;193.3;3.5;0.0
524.0;195.3;0.0;0.0
500.0;195.3;1.1;0.0
498.0;202.3;1.4;0.0
0.0;202.3;0.0;0.0
0.0;202.3;5.6;0.0
0.0;202.3;0.0;0.0
438.2;159.8;8.5;0.0
545.6;159.8;0.0;0.0
550.0;160.1;7.0;0.0
583.0;160.7;3.3;0.0
0.0;160.7;7.0;0.0
0.0;160.7;0.0;0.0
0.0;160.7;6.1;0.0
0.0;160.7;0.0;0.0
0.0;160.7;8.0;0.0
498.0;160.7;13.2;0.0
483.0;160.7;0.0;0.0
499.0;160.7;4.7;0.0
0.0;160.7;0.0;0.0
0.0;160.7;3.5;0.0
0.0;160.7;0.0;0.0
0.0;160.7;20.5;0.0
0.0;160.7;0.0;0.0
0.0;160.7;9.5;0.0
0.0;160.7;0.0;0.0
0.0;160.7;4.6;0.0
0.0;160.7;0.0;0.0
0.0;160.7;8.6;0.0
565.4;160.9;9.9;0.0
79.9;160.9;11.4;0.0
824.0;236.9;128.0;40.0
537.0;1320.9;11703.0;240.0
453.0;1323.9;2.2;1320.0
494.0;1323.9;6.0;1920.0
475.0;1018.9;19.4;1680.0
0.0;160.9;0.0;0.0
0.0;160.9;1.4;0.0
0.0;160.9;0.0;0.0
0.0;160.9;1.1;0.0
0.0;160.9;0.0;0.0
0.0;160.9;1.0;0.0
0.0;160.9;0.0;0.0
0.0;160.9;1.1;0.0
0.0;160.9;0.0;0.0
0.0;160.9;1.0;0.0
0.0;160.9;0.0;0.0
49.7;161.8;1.3;0.0
35.0;161.8;0.0;0.0
0.0;162.1;0.5;0.0
0.0;162.1;0.0;0.0
0.0;162.1;0.0;0.0
0.0;162.1;0.0;0.0
0.0;162.1;0.0;0.0
0.0;162.1;0.0;0.0
0.0;162.1;0.0;0.0
0.0;162.1;0.0;0.0
0.0;162.1;0.0;0.0
0.0;162.1;0.0;0.0
0.0;162.1;0.0;0.0
0.0;162.1;0.0;0.0
0.0;162.1;0.0;0.0
0.0;162.1;0.0;0.0
0.0;162.1;0.0;0.0
0.0;162.1;0.0;0.0
0.0;162.1;0.0;0.0
0.0;162.1;0.0;0.0
0.0;162.1;0.0;0.0
0.0;162.1;0.0;0.0
0.0;162.1;0.0;0.0
0.0;162.1;0.0;0.0
0.0;162.1;0.0;0.0
0.0;162.1;0.0;0.0
0.0;162.1;0.0;0.0
0.0;162.1;0.0;0.0
0.0;162.1;0.0;0.0
0.0;162.1;0.0;0.0
0.0;162.1;0.0;0.0
0.0;162.1;0.0;0.0
0.0;162.1;0.0;0.0
0.0;162.1;0.0;0.0
0.0;162.1;0.0;0.0
0.0;162.1;0.0;0.0
0.0;162.1;0.0;0.0
