134.0;99.7;74.8;0.0
48.7;191.4;204.8;0.0
265.8;311.5;373.4;0.0
403.0;156.0;383.9;0.0
0.0;156.0;0.0;0.0
0.0;156.0;0.1;0.0
0.0;156.0;0.0;0.0
0.0;156.0;13.2;0.0
0.0;156.0;12.0;0.0
0.0;156.0;7.7;0.0
0.0;156.0;7.0;0.0
0.0;156.0;6.6;0.0
0.0;156.0;7.0;0.0
0.0;156.0;4.4;0.0
0.0;156.0;4.0;0.0
0.0;156.0;4.4;0.0
0.0;156.0;7.0;0.0
0.0;156.0;5.5;0.0
0.0;156.0;6.0;0.0
0.0;156.0;6.6;0.0
0.0;156.0;5.0;0.0
370.7;190.7;6.6;0.0
183.9;159.7;6.0;0.0
49.9;159.7;0.0;0.0
79.0;160.6;3.3;0.0
364.0;160.6;3.0;0.0
0.0;160.6;1.1;0.0
0.0;160.6;1.0;0.0
0.0;160.6;14.3;0.0
0.0;160.6;13.0;0.0
0.0;160.6;7.7;0.0
0.0;160.6;7.0;0.0
0.0;160.6;0.0;0.0
0.0;160.6;1.6;0.0
0.0;160.6;0.0;0.0
0.0;160.6;0.4;0.0
0.0;160.6;0.0;0.0
50.0;160.6;1.6;0.0
0.0;160.6;0.0;0.0
0.0;160.6;2.4;0.0
0.0;160.6;0.0;0.0
158.4;160.8;1.5;0.0
545.6;160.8;0.0;0.0
334.4;160.8;8.1;0.0
279.6;160.8;0.0;0.0
505.0;160.8;11.0;0.0
0.0;160.8;2.2;0.0
0.0;160.8;0.0;0.0
0.0;160.8;28.6;0.0
0.0;160.8;0.0;0.0
0.0;160.8;15.4;0.0
0.0;160.8;0.0;0.0
0.0;160.8;12.1;0.0
0.0;160.8;0.0;0.0
55.0;160.8;11.0;0.0
0.0;160.8;0.0;0.0
0.0;160.8;9.9;0.0
0.0;160.8;0.0;0.0
0.0;160.8;9.9;0.0
0.0;160.8;0.0;0.0
357.5;161.3;13.2;0.0
482.9;161.7;0.0;0.0
53.9;162.1;5.5;0.0
0.0;162.1;0.0;0.0
0.0;162.1;0.0;0.0
0.0;162.1;0.0;0.0
0.0;162.1;0.0;0.0
0.0;162.1;0.0;0.0
0.0;162.1;0.0;0.0
0.0;162.1;0.0;0.0
0.0;162.1;0.0;0.0
0.0;162.1;0.0;0.0
0.0;162.1;0.0;0.0
0.0;162.1;0.0;0.0
0.0;162.1;0.0;0.0
0.0;162.1;0.0;0.0
0.0;162.1;0.0;0.0
0.0;162.1;0.0;0.0
0.0;162.1;0.0;0.0
0.0;162.1;0.0;0.0
0.0;162.1;0.0;0.0
0.0;162.1;0.0;0.0
0.0;162.1;0.0;0.0
0.0;162.1;0.0;0.0
0.0;162.1;0.0;0.0
0.0;162.1;0.0;0.0
0.0;162.1;0.0;0.0
0.0;162.1;0.0;0.0
0.0;162.1;0.0;0.0
0.0;162.1;0.0;0.0
0.0;162.1;0.0;0.0
0.0;162.1;0.0;0.0
0.0;162.1;0.0;0.0
0.0;162.1;0.0;0.0
0.0;162.1;0.0;0.0
0.0;162.1;0.0;0.0
0.0;162.1;0.0;0.0
0.0;162.1;0.0;0.0
0.0;162.1;0.0;0.0
0.0;162.1;0.0;0.0
