145.9;127.0;171.2;0.0
92.0;223.6;249.7;0.0
194.6;182.9;307.0;0.0
150.0;265.4;245.3;0.0
165.0;156.0;304.7;0.0
0.0;156.0;1.0;0.0
0.0;156.0;1.1;0.0
0.0;156.0;0.0;0.0
0.0;156.0;1.3;0.0
0.0;156.0;0.0;0.0
0.0;156.0;0.7;0.0
0.0;156.0;0.0;0.0
0.0;156.0;1.5;0.0
0.0;156.0;1.0;0.0
0.0;156.0;1.5;0.0
0.0;156.0;0.0;0.0
0.0;156.0;0.5;0.0
0.0;156.0;0.0;0.0
55.0;156.0;1.6;0.0
0.0;156.0;0.0;0.0
0.0;156.0;1.5;0.0
0.0;156.0;0.0;0.0
447.8;192.0;0.6;0.0
203.1;159.8;3.0;0.0
556.6;160.0;0.0;0.0
597.3;160.7;2.3;0.0
0.0;160.7;0.0;0.0
55.0;160.7;12.1;0.0
0.0;160.7;0.0;0.0
0.0;160.7;6.2;0.0
0.0;160.7;0.0;0.0
0.0;160.7;2.7;0.0
0.0;160.7;0.0;0.0
0.0;160.7;2.4;0.0
0.0;160.7;0.0;0.0
0.0;160.7;3.3;0.0
0.0;160.7;0.0;0.0
0.0;160.7;1.6;0.0
0.0;160.7;0.0;0.0
0.0;160.7;4.0;0.0
484.0;160.7;1.4;0.0
477.0;160.7;0.0;0.0
48.5;160.8;3.8;0.0
544.5;160.8;0.0;0.0
580.8;160.8;10.1;0.0
214.5;160.8;0.0;0.0
0.0;160.8;26.0;0.0
52.8;160.8;2.2;0.0
0.0;160.8;14.0;0.0
0.0;160.8;26.4;0.0
0.0;160.8;11.0;0.0
0.0;160.8;15.4;0.0
0.0;160.8;9.0;0.0
0.0;160.8;11.0;0.0
0.0;160.8;10.0;0.0
0.0;160.8;9.9;0.0
0.0;160.8;11.0;0.0
0.0;160.8;11.0;0.0
438.0;178.8;6.0;0.0
348.0;178.8;5.7;0.0
0.0;178.8;0.0;0.0
427.9;161.7;7.0;0.0
342.1;162.1;5.5;0.0
378.0;227.1;162.0;40.0
510.0;694.1;1532.0;0.0
494.0;1004.1;3376.0;0.0
486.0;1004.1;3572.0;0.0
510.0;1314.1;3199.0;0.0
495.0;1314.1;2.0;680.0
485.0;1314.1;8.0;2560.0
499.0;1011.1;7.0;1480.0
0.0;162.1;0.0;0.0
0.0;162.1;0.0;0.0
0.0;162.1;0.0;0.0
0.0;162.1;0.0;0.0
0.0;162.1;0.0;0.0
0.0;162.1;0.0;0.0
0.0;162.1;0.0;0.0
0.0;162.1;0.0;0.0
0.0;162.1;0.0;0.0
0.0;162.1;0.0;0.0
0.0;162.1;0.0;0.0
0.0;162.1;0.0;0.0
0.0;162.1;0.0;0.0
0.0;162.1;0.0;0.0
0.0;162.1;0.0;0.0
0.0;162.1;0.0;0.0
0.0;162.1;0.0;0.0
0.0;162.1;0.0;0.0
0.0;162.1;0.0;0.0
0.0;162.1;0.0;0.0
0.0;162.1;0.0;0.0
0.0;162.1;0.0;0.0
0.0;162.1;0.0;0.0
0.0;162.1;0.0;0.0
0.0;162.1;0.0;0.0
0.0;162.1;0.0;0.0
0.0;162.1;0.0;0.0
0.0;162.1;0.0;0.0
0.0;162.1;0.0;0.0
