49.9;259.8;218.4;0.0
119.0;446.2;1191.6;0.0
267.9;656.6;434.4;0.0
500.0;591.5;807.1;0.0
981.2;362.0;754.6;0.0
550.0;225.2;345.5;0.0
101.2;155.9;148.5;0.0
0.0;155.9;13.0;0.0
0.0;155.9;1.1;0.0
0.0;155.9;7.0;0.0
0.0;155.9;13.2;0.0
0.0;155.9;6.0;0.0
0.0;155.9;7.7;0.0
0.0;155.9;6.0;0.0
0.0;155.9;2.4;0.0
0.0;155.9;0.0;0.0
0.0;155.9;4.3;0.0
0.0;155.9;0.0;0.0
55.0;155.9;2.7;0.0
0.0;155.9;0.0;0.0
0.0;185.9;1.5;0.0
499.0;200.9;0.0;0.0
473.0;202.9;5.5;0.0
528.0;209.9;3.0;0.0
204.0;183.8;5.5;0.0
565.4;176.6;0.0;0.0
495.6;176.6;1.0;0.0
545.6;159.8;0.0;0.0
585.2;160.5;10.3;0.0
0.0;160.5;0.0;0.0
0.0;160.5;6.1;0.0
0.0;160.5;0.0;0.0
0.0;160.5;8.3;0.0
0.0;160.5;0.0;0.0
0.0;160.5;3.7;0.0
0.0;160.5;0.0;0.0
0.0;160.5;1.5;0.0
0.0;160.5;0.0;0.0
0.0;160.5;1.4;0.0
0.0;160.5;0.0;0.0
0.0;160.5;0.6;0.0
0.0;160.5;0.0;0.0
400.0;160.5;2.6;0.0
450.0;160.5;0.0;0.0
536.7;160.7;4.7;0.0
558.8;160.7;0.0;0.0
440.0;160.7;10.1;0.0
0.0;160.7;0.0;0.0
0.0;160.7;6.0;0.0
50.0;160.7;21.0;0.0
0.0;160.7;0.0;0.0
0.0;160.7;14.0;0.0
0.0;160.7;0.0;0.0
0.0;160.7;10.0;0.0
0.0;160.7;0.0;0.0
0.0;160.7;7.0;0.0
0.0;160.7;1.0;0.0
0.0;160.7;7.0;0.0
0.0;160.7;0.0;0.0
0.0;160.7;11.0;0.0
0.0;160.7;0.0;0.0
0.0;160.7;9.0;0.0
0.0;160.7;6.0;0.0
698.0;204.7;74.0;40.0
562.0;1321.7;11763.0;0.0
495.0;1323.7;2.0;680.0
512.0;1323.7;10.0;3200.0
484.0;403.7;3.0;640.0
0.0;160.7;0.0;0.0
0.0;160.7;0.0;0.0
0.0;160.7;0.0;0.0
0.0;160.7;0.0;0.0
0.0;160.7;0.0;0.0
0.0;160.7;0.0;0.0
0.0;160.7;0.0;0.0
0.0;160.7;0.0;0.0
0.0;160.7;0.0;0.0
0.0;160.7;0.0;0.0
0.0;160.7;0.0;0.0
0.0;160.7;0.0;0.0
0.0;160.7;0.0;0.0
0.0;160.7;0.0;0.0
0.0;160.7;0.0;0.0
0.0;160.7;0.0;0.0
0.0;160.7;0.0;0.0
0.0;160.7;0.0;0.0
0.0;160.7;0.0;0.0
0.0;160.7;0.0;0.0
0.0;160.7;0.0;0.0
0.0;160.7;0.0;0.0
0.0;160.7;0.0;0.0
0.0;160.7;0.0;0.0
0.0;160.7;0.0;0.0
0.0;160.7;0.0;0.0
0.0;160.7;0.0;0.0
0.0;160.7;0.0;0.0
0.0;160.7;0.0;0.0
0.0;160.7;0.2;0.0
0.0;160.7;0.0;0.0
5.0;160.7;1.7;0.0
