199.9;206.4;205.0;0.0
74.1;179.6;693.3;0.0
275.5;351.6;342.2;0.0
453.0;156.1;428.0;0.0
0.0;156.1;0.0;0.0
0.0;156.1;1.1;0.0
0.0;156.1;1.0;0.0
0.0;156.1;13.2;0.0
0.0;156.1;13.0;0.0
0.0;156.1;7.7;0.0
0.0;156.1;7.0;0.0
0.0;156.1;5.5;0.0
0.0;156.1;6.0;0.0
0.0;156.1;5.5;0.0
0.0;156.1;4.0;0.0
0.0;156.1;6.6;0.0
0.0;156.1;5.0;0.0
0.0;156.1;5.5;0.0
0.0;156.1;4.0;0.0
0.0;156.1;7.7;0.0
0.0;156.1;5.0;0.0
217.8;198.0;7.7;0.0
259.5;160.0;5.0;0.0
61.3;161.0;3.3;0.0
191.0;161.0;0.0;0.0
293.0;161.0;3.0;0.0
0.0;161.0;1.1;0.0
0.0;161.0;1.0;0.0
0.0;161.0;14.3;0.0
0.0;161.0;13.0;0.0
0.0;161.0;7.7;0.0
0.0;161.0;7.0;0.0
0.0;161.0;4.4;0.0
0.0;161.0;6.0;0.0
0.0;161.0;4.4;0.0
0.0;161.0;5.0;0.0
0.0;161.0;5.5;0.0
0.0;161.0;5.0;0.0
0.0;161.0;5.5;0.0
0.0;161.0;6.0;0.0
0.0;161.0;7.7;0.0
202.9;161.2;7.1;0.0
55.0;161.2;0.0;0.0
75.7;161.2;1.1;0.0
0.0;161.2;0.0;0.0
0.0;161.2;0.2;0.0
0.0;161.2;0.0;0.0
0.0;161.2;4.6;0.0
0.0;161.2;0.0;0.0
0.0;161.2;1.4;0.0
0.0;161.2;0.0;0.0
0.0;161.2;2.0;0.0
0.0;161.2;0.0;0.0
0.0;161.2;4.8;0.0
0.0;161.2;4.0;0.0
0.0;161.2;0.4;0.0
0.0;161.2;4.0;0.0
0.0;161.2;2.0;0.0
0.0;161.2;4.5;0.0
0.0;161.2;4.0;0.0
639.0;161.2;5.2;0.0
0.0;161.2;6.0;0.0
274.9;280.1;152.1;40.0
510.0;997.1;4603.1;0.0
478.0;998.6;3328.2;0.0
518.0;1275.6;3741.0;0.0
526.0;1311.6;22.0;1320.0
470.0;1311.6;8.0;2560.0
533.0;1007.6;3.0;640.0
0.0;162.6;0.0;0.0
0.0;162.6;0.0;0.0
0.0;162.6;0.0;0.0
0.0;162.6;0.0;0.0
0.0;162.6;0.0;0.0
0.0;162.6;0.0;0.0
0.0;162.6;0.0;0.0
0.0;162.6;0.0;0.0
0.0;162.6;0.0;0.0
0.0;162.6;0.0;0.0
0.0;162.6;0.0;0.0
0.0;162.6;0.0;0.0
0.0;162.6;0.0;0.0
0.0;162.6;0.0;0.0
0.0;162.6;0.0;0.0
0.0;162.6;0.0;0.0
0.0;162.6;0.0;0.0
0.0;162.6;0.0;0.0
0.0;162.6;0.0;0.0
0.0;162.6;0.0;0.0
0.0;162.6;0.0;0.0
0.0;162.6;0.0;0.0
0.0;162.6;0.0;0.0
0.0;162.6;0.0;0.0
0.0;162.6;0.0;0.0
0.0;162.6;0.0;0.0
0.0;162.6;0.0;0.0
0.0;162.6;0.0;0.0
0.0;162.6;0.0;0.0
0.0;162.6;0.0;0.0
0.0;162.6;0.0;0.0
