106.0;190.0;85.0;480.0
129.0;174.3;154.2;1160.0
188.0;297.9;220.4;0.0
288.9;228.2;375.3;0.0
401.0;276.9;207.6;80.0
220.0;156.1;367.4;0.0
0.0;156.1;1.0;0.0
55.0;156.1;1.1;0.0
50.0;156.1;13.0;0.0
0.0;156.1;14.3;0.0
0.0;156.1;7.0;0.0
0.0;156.1;7.7;0.0
0.0;156.1;6.0;0.0
0.0;156.1;6.6;0.0
0.0;156.1;6.0;0.0
0.0;156.1;5.5;0.0
0.0;156.1;5.0;0.0
0.0;156.1;5.5;0.0
0.0;156.1;5.0;0.0
0.0;156.1;0.0;0.0
0.0;156.1;1.4;0.0
0.0;156.1;0.0;0.0
226.0;198.1;0.6;0.0
502.0;198.1;0.0;0.0
184.0;160.2;6.6;0.0
56.0;160.2;3.0;0.0
550.0;160.4;0.0;0.0
561.0;161.1;2.3;0.0
106.7;161.1;0.0;0.0
0.0;161.1;12.1;0.0
0.0;161.1;0.0;0.0
0.0;161.1;7.3;0.0
0.0;161.1;0.0;0.0
0.0;161.1;0.7;0.0
0.0;161.1;0.0;0.0
0.0;161.1;4.0;0.0
0.0;161.1;4.4;0.0
50.0;161.1;4.0;0.0
0.0;161.1;4.4;0.0
0.0;161.1;5.0;0.0
0.0;161.1;7.7;0.0
349.0;161.1;6.0;0.0
546.0;161.1;6.6;0.0
490.0;161.1;8.3;0.0
495.0;161.4;5.5;0.0
507.1;161.4;2.0;0.0
609.4;161.4;12.1;0.0
0.0;161.4;26.0;0.0
0.0;161.4;2.2;0.0
0.0;161.4;14.0;0.0
55.0;161.4;28.6;0.0
0.0;161.4;11.0;0.0
0.0;161.4;15.4;0.0
0.0;161.4;9.0;0.0
0.0;161.4;12.1;0.0
0.0;161.4;8.0;0.0
0.0;161.4;0.0;0.0
0.0;161.4;2.6;0.0
0.0;161.4;1.0;0.0
0.0;161.4;2.8;0.0
490.0;161.4;8.0;0.0
291.0;161.4;8.1;0.0
0.0;161.4;0.0;0.0
341.1;162.3;4.0;0.0
273.9;382.3;530.0;40.0
470.0;998.6;5056.5;0.0
495.0;998.6;3592.0;0.0
483.0;1304.6;2637.0;0.0
519.0;1312.6;20.0;1320.0
517.0;1312.6;8.0;2560.0
502.0;359.6;3.0;640.0
0.0;162.6;0.0;0.0
0.0;162.6;0.0;0.0
0.0;162.6;0.0;0.0
0.0;162.6;0.0;0.0
0.0;162.6;0.0;0.0
0.0;162.6;0.0;0.0
0.0;162.6;0.0;0.0
0.0;162.6;0.0;0.0
0.0;162.6;0.0;0.0
0.0;162.6;0.0;0.0
0.0;162.6;0.0;0.0
0.0;162.6;0.0;0.0
0.0;162.6;0.0;0.0
0.0;162.6;0.0;0.0
0.0;162.6;0.0;0.0
0.0;162.6;0.0;0.0
0.0;162.6;0.0;0.0
0.0;162.6;0.0;0.0
0.0;162.6;0.0;0.0
0.0;162.6;0.0;0.0
0.0;162.6;0.0;0.0
0.0;162.6;0.0;0.0
0.0;162.6;0.0;0.0
0.0;162.6;0.0;0.0
0.0;162.6;0.0;0.0
0.0;162.6;0.0;0.0
0.0;162.6;0.0;0.0
0.0;162.6;0.0;0.0
0.0;162.6;0.0;0.0
