94.0;155.6;236.2;0.0
62.0;108.2;348.1;0.0
110.2;134.7;152.6;0.0
99.9;169.7;110.2;0.0
66.0;156.7;116.8;0.0
0.0;156.7;0.0;0.0
0.0;156.7;0.1;0.0
0.0;156.7;0.0;0.0
0.0;156.7;2.2;0.0
0.0;156.7;0.0;0.0
0.0;156.7;0.7;0.0
0.0;156.7;0.0;0.0
0.0;156.7;1.4;0.0
0.0;156.7;2.2;0.0
0.0;156.7;9.0;0.0
0.0;156.7;4.4;0.0
351.0;192.7;11.0;0.0
498.0;194.7;6.6;0.0
490.0;194.7;0.0;0.0
499.0;201.7;2.5;0.0
0.0;201.7;0.0;0.0
55.0;201.7;4.5;0.0
0.0;201.7;0.0;0.0
413.6;160.2;5.7;0.0
550.0;160.2;0.0;0.0
541.2;160.4;7.0;0.0
548.9;161.1;3.3;0.0
165.0;161.1;6.0;0.0
0.0;161.1;1.1;0.0
0.0;161.1;8.0;0.0
0.0;161.1;14.3;0.0
0.0;161.1;9.0;0.0
449.0;161.1;5.7;0.0
522.0;161.1;0.0;0.0
485.0;161.1;7.4;0.0
0.0;161.1;0.0;0.0
0.0;161.1;2.4;0.0
0.0;161.1;0.0;0.0
0.0;161.1;8.5;0.0
0.0;161.1;0.0;0.0
0.0;161.1;4.4;0.0
0.0;161.1;6.1;0.0
0.0;161.1;4.4;0.0
495.0;161.3;14.4;0.0
550.0;161.3;0.0;0.0
588.5;161.3;6.1;0.0
107.8;161.3;0.0;0.0
199.0;161.3;12.0;0.0
0.0;161.3;0.0;0.0
0.0;161.3;0.0;0.0
0.0;161.3;0.0;0.0
0.0;161.3;0.0;0.0
0.0;161.3;0.0;0.0
0.0;161.3;0.0;0.0
0.0;161.3;0.0;0.0
0.0;161.3;0.0;0.0
0.0;161.3;0.0;0.0
0.0;161.3;0.0;0.0
0.0;161.3;0.0;0.0
0.0;161.3;0.0;0.0
0.0;161.3;0.0;0.0
0.0;161.3;0.0;0.0
0.0;161.3;0.0;0.0
0.0;161.3;0.0;0.0
0.0;161.3;0.0;0.0
0.0;161.3;0.0;0.0
0.0;161.3;4.0;0.0
0.0;161.3;0.0;0.0
0.0;161.3;1.0;0.0
0.0;161.3;0.0;0.0
0.0;161.3;2.0;0.0
0.0;161.3;0.0;0.0
50.0;161.3;1.0;0.0
0.0;161.3;0.0;0.0
0.0;161.3;7.0;0.0
0.0;161.3;0.0;0.0
0.0;161.3;0.0;0.0
0.0;161.3;2.0;0.0
0.0;161.3;0.0;0.0
0.0;161.3;5.0;0.0
0.0;161.3;4.0;0.0
0.0;161.3;1.0;0.0
50.0;161.3;3.0;0.0
893.0;356.3;145.0;40.0
507.0;1316.3;11662.0;0.0
520.0;1321.3;12.0;3880.0
499.0;1017.3;5.0;720.0
0.0;161.3;0.0;0.0
0.0;161.3;0.0;0.0
0.0;161.3;0.0;0.0
0.0;161.3;0.0;0.0
0.0;161.3;0.0;0.0
0.0;161.3;0.0;0.0
0.0;161.3;0.0;0.0
0.0;161.3;0.0;0.0
0.0;161.3;0.0;0.0
0.0;161.3;0.2;0.0
0.0;161.3;0.0;0.0
0.0;161.3;1.3;0.0
0.0;161.3;1.3;0.0
