86.9;271.5;568.9;0.0
204.0;301.2;236.7;0.0
200.9;533.6;137.8;0.0
987.8;357.0;568.5;0.0
548.9;244.5;254.1;0.0
163.9;156.1;239.9;0.0
0.0;156.1;0.0;0.0
0.0;156.1;12.1;0.0
0.0;156.1;0.0;0.0
0.0;156.1;7.3;0.0
0.0;156.1;0.0;0.0
0.0;156.1;1.7;0.0
0.0;156.1;0.0;0.0
0.0;156.1;3.7;0.0
0.0;156.1;0.0;0.0
0.0;156.1;2.6;0.0
0.0;156.1;0.0;0.0
50.0;156.1;2.4;0.0
0.0;156.1;0.0;0.0
0.0;156.1;0.6;0.0
0.0;156.1;0.0;0.0
185.0;196.1;3.4;0.0
506.0;196.1;0.0;0.0
433.0;180.2;4.4;0.0
70.9;159.9;3.0;0.0
550.0;159.9;0.0;0.0
550.0;159.9;1.0;0.0
550.0;160.8;3.3;0.0
385.0;160.8;13.0;0.0
0.0;160.8;0.0;0.0
0.0;160.8;6.1;0.0
0.0;160.8;0.0;0.0
0.0;160.8;9.2;0.0
0.0;160.8;0.0;0.0
0.0;160.8;2.7;0.0
0.0;160.8;0.0;0.0
0.0;160.8;1.5;0.0
0.0;160.8;0.0;0.0
0.0;160.8;5.0;0.0
0.0;160.8;3.3;0.0
0.0;160.8;5.0;0.0
0.0;160.8;4.4;0.0
409.0;160.8;2.0;0.0
480.0;160.8;4.4;0.0
590.0;160.8;11.0;0.0
526.9;161.0;5.5;0.0
526.9;161.0;7.9;0.0
440.0;161.0;2.2;0.0
0.0;161.0;26.0;0.0
0.0;161.0;2.2;0.0
0.0;161.0;14.0;0.0
0.0;161.0;26.4;0.0
0.0;161.0;11.0;0.0
0.0;161.0;15.4;0.0
0.0;161.0;7.0;0.0
0.0;161.0;8.8;0.0
0.0;161.0;9.0;0.0
0.0;161.0;11.0;0.0
0.0;161.0;10.0;0.0
0.0;161.0;7.7;0.0
0.0;161.0;9.0;0.0
0.0;161.0;9.9;0.0
148.0;161.0;6.0;0.0
99.0;161.0;3.3;0.0
658.9;161.9;5.5;0.0
273.9;162.3;3.3;0.0
0.0;162.3;0.0;0.0
601.0;219.3;123.0;40.0
548.0;1305.3;11709.0;0.0
472.0;1308.3;6.0;1960.0
485.0;1308.3;9.0;2400.0
515.0;356.3;0.0;0.0
0.0;162.3;0.0;0.0
0.0;162.3;0.0;0.0
0.0;162.3;0.0;0.0
0.0;162.3;0.0;0.0
0.0;162.3;0.0;0.0
0.0;162.3;0.0;0.0
0.0;162.3;0.0;0.0
0.0;162.3;0.0;0.0
0.0;162.3;0.0;0.0
0.0;162.3;0.0;0.0
0.0;162.3;0.0;0.0
0.0;162.3;0.0;0.0
0.0;162.3;0.0;0.0
0.0;162.3;0.0;0.0
0.0;162.3;0.0;0.0
0.0;162.3;0.0;0.0
0.0;162.3;0.0;0.0
0.0;162.3;0.0;0.0
0.0;162.3;0.0;0.0
0.0;162.3;0.0;0.0
0.0;162.3;0.0;0.0
0.0;162.3;0.0;0.0
0.0;162.3;0.0;0.0
0.0;162.3;0.0;0.0
0.0;162.3;0.0;0.0
0.0;162.3;0.0;0.0
0.0;162.3;0.0;0.0
0.0;162.3;0.0;0.0
