76.9;184.4;513.8;0.0
229.8;321.9;195.7;0.0
259.4;271.9;374.4;0.0
508.0;273.2;54.8;0.0
218.9;155.9;343.2;0.0
0.0;155.9;1.0;0.0
0.0;155.9;1.1;0.0
0.0;155.9;12.0;0.0
0.0;155.9;14.3;0.0
0.0;155.9;7.0;0.0
0.0;155.9;7.7;0.0
0.0;155.9;5.0;0.0
0.0;155.9;6.6;0.0
0.0;155.9;7.0;0.0
0.0;155.9;5.5;0.0
0.0;155.9;4.0;0.0
0.0;155.9;5.5;0.0
0.0;155.9;4.0;0.0
0.0;155.9;5.5;0.0
0.0;155.9;5.0;0.0
0.0;155.9;4.4;0.0
184.0;198.9;4.0;0.0
498.0;208.9;3.3;0.0
112.9;159.7;1.2;0.0
600.6;159.7;0.0;0.0
550.0;159.9;1.0;0.0
550.0;160.7;3.3;0.0
55.0;160.7;12.0;0.0
0.0;160.7;1.1;0.0
0.0;160.7;7.0;0.0
0.0;160.7;14.3;0.0
0.0;160.7;6.0;0.0
0.0;160.7;7.7;0.0
0.0;160.7;3.0;0.0
0.0;160.7;4.4;0.0
0.0;160.7;4.0;0.0
0.0;160.7;5.5;0.0
0.0;160.7;5.0;0.0
0.0;160.7;5.5;0.0
466.0;160.7;5.0;0.0
498.0;160.7;6.5;0.0
0.0;160.7;0.0;0.0
55.0;160.9;6.8;0.0
541.2;160.9;0.0;0.0
507.1;160.9;25.0;0.0
440.0;160.9;12.1;0.0
0.0;160.9;14.0;0.0
0.0;160.9;2.2;0.0
0.0;160.9;10.0;0.0
0.0;160.9;28.6;0.0
0.0;160.9;9.0;0.0
0.0;160.9;15.4;0.0
0.0;160.9;10.0;0.0
55.0;160.9;11.0;0.0
0.0;160.9;8.0;0.0
0.0;160.9;11.0;0.0
0.0;160.9;9.0;0.0
55.0;160.9;9.9;0.0
247.0;160.9;8.1;0.0
822.0;237.9;121.7;40.0
600.0;701.9;1153.5;0.0
419.5;1008.4;6633.7;0.0
287.8;1003.9;3392.4;0.0
492.0;1315.9;523.0;680.0
458.5;1313.2;1.5;1920.0
535.0;1313.2;4.0;1280.0
493.0;392.2;3.0;520.0
0.0;162.2;0.0;0.0
0.0;162.2;0.0;0.0
0.0;162.2;0.0;0.0
0.0;162.2;0.0;0.0
0.0;162.2;0.0;0.0
0.0;162.2;0.0;0.0
0.0;162.2;0.0;0.0
0.0;162.2;0.0;0.0
0.0;162.2;0.0;0.0
0.0;162.2;0.0;0.0
0.0;162.2;0.0;0.0
0.0;162.2;0.0;0.0
0.0;162.2;0.0;0.0
0.0;162.2;0.0;0.0
0.0;162.2;0.0;0.0
0.0;162.2;0.0;0.0
0.0;162.2;0.0;0.0
0.0;162.2;0.0;0.0
0.0;162.2;0.0;0.0
0.0;162.2;0.0;0.0
0.0;162.2;0.0;0.0
0.0;162.2;0.0;0.0
0.0;162.2;0.0;0.0
0.0;162.2;0.0;0.0
0.0;162.2;0.0;0.0
0.0;162.2;0.0;0.0
0.0;162.2;0.0;0.0
0.0;162.2;0.0;0.0
0.0;162.2;0.0;0.0
0.0;162.2;0.0;0.0
0.0;162.2;0.0;0.0
0.0;162.2;0.0;0.0
0.0;162.2;0.0;0.0
