85.6;283.6;1069.4;0.0
334.2;349.7;561.2;0.0
408.5;320.4;206.2;0.0
602.8;156.2;441.1;0.0
0.0;156.2;1.0;0.0
0.0;156.2;0.0;0.0
0.0;156.2;1.1;0.0
0.0;156.2;13.0;0.0
0.0;156.2;8.3;0.0
0.0;156.2;1.0;0.0
0.0;156.2;1.7;0.0
0.0;156.2;0.0;0.0
0.0;156.2;1.5;0.0
0.0;156.2;0.0;0.0
0.0;156.2;4.4;0.0
0.0;156.2;0.0;0.0
0.0;156.2;2.5;0.0
0.0;156.2;4.4;0.0
0.0;156.2;3.1;0.0
0.0;156.2;7.7;0.0
0.0;156.2;4.0;0.0
0.0;175.3;5.5;0.0
548.9;195.1;5.0;0.0
572.0;195.1;0.0;0.0
345.1;160.3;2.0;0.0
57.9;161.1;3.3;0.0
480.0;161.1;0.0;0.0
522.0;161.1;2.1;0.0
0.0;161.1;0.0;0.0
0.0;161.1;13.3;0.0
0.0;161.1;0.0;0.0
0.0;161.1;6.7;0.0
0.0;161.1;0.0;0.0
0.0;161.1;2.5;0.0
0.0;161.1;0.0;0.0
0.0;161.1;0.5;0.0
0.0;161.1;0.0;0.0
0.0;161.1;1.6;0.0
0.0;161.1;2.2;0.0
0.0;161.1;0.5;0.0
0.0;161.1;3.3;0.0
523.6;161.3;3.2;0.0
550.0;161.3;0.0;0.0
572.0;161.3;12.1;0.0
0.0;161.3;0.0;0.0
0.0;161.3;3.2;0.0
532.0;161.3;0.0;0.0
441.0;161.3;28.6;0.0
500.0;161.3;11.0;0.0
0.0;161.3;15.4;0.0
0.0;161.3;2.0;0.0
0.0;161.3;13.2;0.0
0.0;161.3;5.0;0.0
0.0;161.3;11.0;0.0
0.0;161.3;0.0;0.0
0.0;161.3;5.9;0.0
0.0;161.3;0.0;0.0
0.0;161.3;3.0;0.0
0.0;161.3;0.0;0.0
651.2;162.2;5.4;0.0
218.9;162.2;0.0;0.0
0.0;162.6;3.5;0.0
0.0;162.6;0.0;0.0
0.0;162.6;9.0;0.0
0.0;162.6;0.0;0.0
50.0;162.6;12.0;0.0
648.0;162.6;0.0;0.0
250.0;162.6;8.0;40.0
448.0;379.6;538.0;0.0
495.0;995.6;4326.0;0.0
475.0;999.6;3655.0;0.0
522.0;1309.6;3337.0;0.0
492.0;1312.6;6.0;1960.0
530.0;1312.6;6.0;1920.0
520.0;390.6;3.0;640.0
0.0;162.6;0.0;0.0
0.0;162.6;0.0;0.0
0.0;162.6;0.0;0.0
0.0;162.6;0.0;0.0
0.0;162.6;0.0;0.0
0.0;162.6;0.0;0.0
0.0;162.6;0.0;0.0
0.0;162.6;0.0;0.0
0.0;162.6;0.0;0.0
0.0;162.6;0.0;0.0
0.0;162.6;0.0;0.0
0.0;162.6;0.0;0.0
0.0;162.6;0.0;0.0
0.0;162.6;0.0;0.0
0.0;162.6;0.0;0.0
0.0;162.6;0.0;0.0
0.0;162.6;0.0;0.0
0.0;162.6;0.0;0.0
0.0;162.6;0.0;0.0
0.0;162.6;0.0;0.0
0.0;162.6;0.0;0.0
0.0;162.6;0.0;0.0
0.0;162.6;0.0;0.0
0.0;162.6;0.0;0.0
0.0;162.6;0.0;0.0
