73.8;314.9;273.0;4520.0
82.7;248.4;228.8;80.0
444.6;355.6;256.4;8320.0
394.8;329.9;191.1;5720.0
399.0;155.9;401.0;0.0
0.0;155.9;0.0;0.0
0.0;155.9;0.1;0.0
0.0;155.9;0.0;0.0
0.0;155.9;8.2;0.0
48.0;155.9;8.0;0.0
0.0;155.9;7.7;0.0
0.0;155.9;7.0;0.0
0.0;155.9;7.7;0.0
0.0;155.9;4.0;0.0
0.0;155.9;4.4;0.0
0.0;155.9;4.0;0.0
0.0;155.9;5.5;0.0
0.0;155.9;6.0;0.0
0.0;155.9;6.6;0.0
0.0;155.9;6.0;0.0
0.0;155.9;5.5;0.0
0.0;155.9;4.0;0.0
485.1;193.6;6.6;0.0
395.0;159.6;5.0;0.0
62.0;160.5;1.1;0.0
246.6;160.5;2.2;0.0
500.0;160.5;3.0;0.0
0.0;160.5;1.1;0.0
0.0;160.5;1.0;0.0
0.0;160.5;13.2;0.0
0.0;160.5;13.0;0.0
0.0;160.5;7.7;0.0
0.0;160.5;7.0;0.0
0.0;160.5;6.6;0.0
0.0;160.5;5.0;0.0
0.0;160.5;4.4;0.0
0.0;160.5;5.0;0.0
0.0;160.5;6.6;0.0
0.0;160.5;0.0;0.0
0.0;160.5;2.6;0.0
0.0;160.5;0.0;0.0
484.0;160.7;1.6;0.0
550.0;160.7;0.0;0.0
388.2;160.7;5.1;0.0
513.0;160.7;0.0;0.0
507.0;160.7;9.2;0.0
0.0;160.7;0.0;0.0
0.0;160.7;25.5;0.0
0.0;160.7;0.0;0.0
0.0;160.7;12.4;0.0
0.0;160.7;0.0;0.0
55.0;160.7;4.1;0.0
0.0;160.7;0.0;0.0
0.0;160.7;1.9;0.0
0.0;160.7;0.0;0.0
0.0;160.7;2.0;0.0
0.0;160.7;0.0;0.0
0.0;160.7;1.9;0.0
0.0;160.7;0.0;0.0
202.4;161.2;3.2;0.0
603.9;161.6;0.0;0.0
55.0;162.0;3.6;0.0
558.0;162.0;4.0;0.0
50.0;162.0;5.0;0.0
505.0;1000.0;9722.0;40.0
454.0;1310.0;2117.0;680.0
500.0;1097.0;15.0;3920.0
484.0;360.0;0.0;0.0
0.0;162.0;0.0;0.0
0.0;162.0;0.0;0.0
0.0;162.0;0.0;0.0
0.0;162.0;0.0;0.0
0.0;162.0;0.0;0.0
0.0;162.0;0.0;0.0
0.0;162.0;0.0;0.0
0.0;162.0;0.0;0.0
0.0;162.0;0.0;0.0
0.0;162.0;0.0;0.0
0.0;162.0;0.0;0.0
0.0;162.0;0.0;0.0
0.0;162.0;0.0;0.0
0.0;162.0;0.0;0.0
0.0;162.0;0.0;0.0
0.0;162.0;0.0;0.0
0.0;162.0;0.0;0.0
0.0;162.0;0.0;0.0
0.0;162.0;0.0;0.0
0.0;162.0;0.0;0.0
0.0;162.0;0.0;0.0
0.0;162.0;0.0;0.0
0.0;162.0;0.0;0.0
0.0;162.0;0.0;0.0
0.0;162.0;0.0;0.0
0.0;162.0;0.0;0.0
0.0;162.0;0.0;0.0
0.0;162.0;0.0;0.0
0.0;162.0;0.0;0.0
0.0;162.0;0.0;0.0
0.0;162.0;0.0;0.0
0.0;162.0;0.0;0.0
