100.9;139.5;84.8;0.0
183.0;158.4;371.0;0.0
231.0;266.4;98.6;0.0
230.9;216.4;299.2;0.0
401.0;156.0;136.0;0.0
55.0;156.4;12.1;0.0
0.0;156.4;1.0;0.0
0.0;156.4;1.1;0.0
0.0;156.4;0.0;0.0
0.0;156.4;1.3;0.0
0.0;156.4;0.0;0.0
0.0;156.4;0.7;0.0
0.0;156.4;0.0;0.0
0.0;156.4;1.7;0.0
0.0;156.4;0.0;0.0
0.0;156.4;1.4;0.0
0.0;156.4;0.0;0.0
0.0;156.4;0.5;0.0
0.0;156.4;0.0;0.0
0.0;156.4;1.5;0.0
0.0;156.4;2.0;0.0
0.0;156.4;1.5;0.0
0.0;156.4;1.0;0.0
273.9;199.3;3.6;0.0
86.0;160.3;2.0;0.0
56.1;160.3;0.0;0.0
86.4;161.3;1.1;0.0
39.6;161.3;1.2;0.0
0.0;161.3;0.0;0.0
0.0;161.3;1.0;0.0
0.0;161.3;0.0;0.0
0.0;161.3;13.0;0.0
0.0;161.3;0.0;0.0
0.0;161.3;7.0;0.0
0.0;161.3;0.0;0.0
0.0;161.3;6.0;0.0
0.0;161.3;0.0;0.0
0.0;161.3;5.0;0.0
0.0;161.3;0.0;0.0
0.0;161.3;5.0;0.0
0.0;161.3;0.0;0.0
0.0;161.3;5.0;0.0
0.0;161.3;0.0;0.0
381.0;161.3;8.0;0.0
460.0;161.3;0.0;0.0
449.0;161.3;11.0;0.0
0.0;161.3;0.0;0.0
0.0;161.3;2.0;0.0
0.0;161.3;0.0;0.0
0.0;161.3;26.0;0.0
0.0;161.3;0.0;0.0
0.0;161.3;14.0;0.0
0.0;161.3;0.0;0.0
0.0;161.3;10.0;0.0
0.0;161.3;0.0;0.0
0.0;161.3;10.0;0.0
0.0;161.3;0.0;0.0
0.0;161.3;11.0;0.0
0.0;161.3;0.0;0.0
0.0;161.3;9.0;0.0
0.0;161.3;0.0;0.0
238.0;161.3;10.0;0.0
499.0;161.3;0.0;0.0
0.0;161.3;5.0;0.0
0.0;161.3;0.0;0.0
48.0;161.3;6.0;0.0
499.0;270.3;166.0;40.0
500.0;1313.3;11687.0;0.0
500.0;1319.3;2.0;680.0
485.0;1319.3;8.0;2560.0
500.0;1014.3;5.0;1240.0
0.0;161.3;0.0;0.0
0.0;161.3;0.0;0.0
0.0;161.3;0.0;0.0
0.0;161.3;0.0;0.0
0.0;161.3;0.0;0.0
0.0;161.3;0.0;0.0
0.0;161.3;0.0;0.0
0.0;161.3;0.1;0.0
0.0;161.3;0.0;0.0
0.0;161.3;1.3;0.0
0.0;161.3;0.0;0.0
0.0;161.3;0.7;0.0
0.0;161.3;0.0;0.0
0.0;161.3;0.5;0.0
0.0;161.3;0.0;0.0
0.0;161.3;0.4;0.0
0.0;161.3;0.0;0.0
0.0;161.3;0.4;0.0
0.0;161.3;0.1;0.0
0.0;161.3;0.6;0.0
0.0;161.3;0.1;0.0
0.0;161.3;0.4;0.0
48.8;161.5;0.2;0.0
49.6;161.5;0.0;0.0
55.6;161.5;1.1;0.0
0.0;161.5;0.0;0.0
0.0;161.5;0.2;0.0
0.0;161.5;0.0;0.0
0.0;161.5;2.6;0.0
