75.9;256.6;1047.2;0.0
286.0;481.4;163.4;0.0
776.2;358.0;519.3;0.0
550.0;259.0;209.0;0.0
165.0;156.0;285.0;0.0
0.0;156.0;0.0;0.0
0.0;156.0;11.1;0.0
0.0;156.0;0.0;0.0
0.0;156.0;6.2;0.0
0.0;156.0;0.0;0.0
0.0;156.0;2.7;0.0
0.0;156.0;0.0;0.0
0.0;156.0;2.6;0.0
0.0;156.0;1.0;0.0
0.0;156.0;2.4;0.0
0.0;156.0;4.0;0.0
0.0;156.0;4.5;0.0
0.0;156.0;4.0;0.0
0.0;156.0;3.5;0.0
0.0;156.0;3.0;0.0
55.0;156.0;5.5;0.0
0.0;156.0;4.0;0.0
108.9;196.0;6.6;0.0
191.9;160.1;6.0;0.0
50.0;160.1;0.0;0.0
56.9;160.3;0.0;0.0
84.0;161.0;0.3;0.0
0.0;161.0;0.0;0.0
0.0;161.0;0.1;0.0
0.0;161.0;0.0;0.0
0.0;161.0;1.2;0.0
0.0;161.0;0.0;0.0
0.0;161.0;0.7;0.0
0.0;161.0;0.0;0.0
0.0;161.0;1.4;0.0
0.0;161.0;1.1;0.0
0.0;161.0;4.0;0.0
0.0;161.0;4.4;0.0
0.0;161.0;4.0;0.0
0.0;161.0;5.5;0.0
0.0;161.0;4.0;0.0
0.0;161.0;5.5;0.0
471.0;161.0;4.0;0.0
330.8;161.2;4.7;0.0
548.9;161.2;0.0;0.0
612.7;161.2;10.1;0.0
240.9;161.2;0.0;0.0
0.0;161.2;24.2;0.0
0.0;161.2;0.0;0.0
50.0;161.2;7.3;0.0
0.0;161.2;6.2;0.0
0.0;161.2;2.7;0.0
0.0;161.2;2.7;0.0
0.0;161.2;2.6;0.0
0.0;161.2;0.6;0.0
0.0;161.2;0.3;0.0
0.0;161.2;0.4;0.0
0.0;161.2;2.6;0.0
0.0;161.2;1.5;0.0
0.0;161.2;4.4;0.0
0.0;161.2;3.6;0.0
0.0;161.2;6.6;0.0
401.2;162.2;5.7;0.0
224.9;373.6;503.4;40.0
482.0;989.6;3963.0;0.0
512.0;994.6;3752.0;0.0
518.0;1139.6;3567.0;0.0
499.0;1306.6;22.0;1320.0
505.0;1306.6;8.0;2560.0
475.0;989.6;5.0;720.0
0.0;162.6;0.0;0.0
0.0;162.6;0.0;0.0
0.0;162.6;0.0;0.0
0.0;162.6;0.0;0.0
0.0;162.6;0.0;0.0
0.0;162.6;0.0;0.0
0.0;162.6;0.0;0.0
0.0;162.6;0.0;0.0
0.0;162.6;0.0;0.0
0.0;162.6;0.0;0.0
0.0;162.6;0.0;0.0
0.0;162.6;0.0;0.0
0.0;162.6;0.0;0.0
0.0;162.6;0.0;0.0
0.0;162.6;0.0;0.0
0.0;162.6;0.0;0.0
0.0;162.6;0.0;0.0
0.0;162.6;0.0;0.0
0.0;162.6;0.0;0.0
0.0;162.6;0.0;0.0
0.0;162.6;0.0;0.0
0.0;162.6;0.0;0.0
0.0;162.6;0.0;0.0
0.0;162.6;0.0;0.0
0.0;162.6;0.0;0.0
0.0;162.6;0.0;0.0
0.0;162.6;0.0;0.0
0.0;162.6;0.0;0.0
0.0;162.6;0.0;0.0
0.0;162.6;0.0;0.0
