152.0;219.3;253.1;0.0
94.0;174.7;233.3;0.0
265.8;275.5;254.7;0.0
269.8;326.4;58.9;0.0
344.0;185.1;410.1;0.0
220.0;159.1;22.0;0.0
0.0;159.1;1.0;0.0
0.0;159.1;1.1;0.0
0.0;159.1;14.0;0.0
0.0;159.1;14.3;0.0
0.0;159.1;7.0;0.0
0.0;159.1;7.7;0.0
0.0;159.1;5.0;0.0
0.0;159.1;5.5;0.0
99.0;159.1;4.0;0.0
451.0;159.9;5.5;0.0
106.5;159.9;0.0;0.0
184.1;159.9;13.1;0.0
823.9;160.8;14.3;0.0
0.0;160.8;1.0;0.0
0.0;160.8;1.1;0.0
50.0;160.8;13.0;0.0
0.0;160.8;14.3;0.0
0.0;160.8;7.0;0.0
0.0;160.8;7.7;0.0
0.0;160.8;6.0;0.0
0.0;160.8;5.5;0.0
0.0;160.8;5.0;0.0
283.6;271.0;151.4;40.0
105.9;533.3;5344.5;88.0
93.2;531.8;2465.2;0.0
55.1;244.6;2678.3;0.0
64.4;244.6;894.6;0.0
50.0;244.6;1551.2;0.0
80.0;565.0;2627.4;680.0
49.3;565.0;3747.2;1920.0
70.9;276.2;2055.5;1800.0
50.0;1190.2;6.6;2156.0
49.9;276.2;0.6;192.0
51.1;245.8;0.3;64.0
