90.2;245.5;892.2;0.0
341.6;317.1;409.3;0.0
265.5;203.0;555.8;0.0
335.0;159.6;27.6;0.0
0.0;159.6;0.0;0.0
0.0;159.6;0.1;0.0
0.0;159.6;0.0;0.0
0.0;159.6;12.1;0.0
0.0;159.6;0.0;0.0
0.0;159.6;7.7;0.0
0.0;159.6;0.0;0.0
0.0;159.6;4.4;0.0
0.0;159.6;0.0;0.0
134.2;160.4;5.5;0.0
587.4;160.4;0.0;0.0
578.6;160.4;8.8;0.0
493.9;160.9;6.6;0.0
0.0;160.9;0.0;0.0
0.0;160.9;6.1;0.0
0.0;160.9;0.0;0.0
0.0;160.9;7.2;0.0
0.0;160.9;0.0;0.0
376.0;160.9;3.7;0.0
252.0;160.9;14.0;0.0
0.0;160.9;5.5;0.0
0.0;160.9;1.0;0.0
273.9;161.2;4.4;0.0
548.9;367.8;279.5;88.0
536.8;1088.3;27139.2;0.0
540.1;1432.6;23.8;2156.0
566.5;1098.2;9.9;2684.0
585.2;395.3;6.0;0.0
