44.9;99.7;76.2;0.0
50.0;135.1;134.6;0.0
89.9;170.1;87.1;0.0
56.0;182.0;71.0;160.0
191.0;158.9;2.0;0.0
0.0;158.9;0.0;0.0
0.0;158.9;1.0;0.0
0.0;158.9;1.1;0.0
50.0;158.9;13.0;0.0
0.0;158.9;14.3;0.0
0.0;158.9;7.0;0.0
0.0;158.9;7.7;0.0
0.0;158.9;6.0;0.0
0.0;158.9;4.4;0.0
50.0;158.9;5.0;0.0
228.9;159.8;5.5;0.0
61.4;159.8;0.0;0.0
62.0;159.8;14.0;0.0
577.5;160.0;15.4;0.0
0.0;160.3;1.0;0.0
0.0;160.3;1.1;0.0
0.0;160.3;12.0;0.0
0.0;160.3;13.2;0.0
0.0;160.3;7.0;0.0
0.0;160.3;7.7;0.0
0.0;160.3;6.0;0.0
0.0;160.3;6.6;0.0
97.0;160.3;4.0;0.0
485.0;355.3;377.4;40.0
95.0;1278.6;24422.4;88.0
56.8;1122.6;417.5;1960.0
55.0;661.8;9172.4;1920.0
117.8;863.3;2930.7;520.0
45.0;244.3;315.4;0.0
50.0;244.8;301.2;0.0
48.9;244.8;329.4;0.0
52.5;244.8;384.2;0.0
50.0;276.0;12.1;68.0
51.2;276.0;0.8;256.0
50.0;276.0;0.2;64.0
48.5;183.8;0.3;44.0
