132.9;258.7;980.3;0.0
389.7;361.2;424.8;0.0
932.8;349.6;207.2;0.0
215.0;181.4;419.1;0.0
385.0;159.2;22.0;0.0
0.0;159.2;1.0;0.0
0.0;159.2;1.1;0.0
0.0;159.2;13.0;0.0
0.0;159.2;0.0;0.0
0.0;159.2;2.5;0.0
0.0;159.2;8.8;0.0
0.0;159.2;2.7;0.0
0.0;159.2;0.0;0.0
476.0;159.2;1.5;0.0
490.0;159.2;1.0;0.0
208.0;160.0;8.5;0.0
533.5;160.0;0.0;0.0
532.4;160.0;1.0;0.0
603.9;160.0;13.2;0.0
385.0;160.5;10.2;0.0
0.0;160.5;0.0;0.0
0.0;160.5;6.1;0.0
0.0;160.5;0.0;0.0
0.0;160.5;9.3;0.0
0.0;160.5;0.0;0.0
250.0;188.5;118.7;40.0
498.0;1318.5;24363.0;0.0
509.0;1284.5;9.6;4400.0
0.0;160.5;0.0;0.0
20.0;160.8;0.5;0.0
45.0;170.2;16.0;8.0
50.7;275.7;2478.7;0.0
49.0;276.2;0.4;132.0
48.4;276.2;0.8;256.0
44.5;245.9;0.5;68.0
