73.4;275.8;375.0;0.0
157.8;266.2;196.1;0.0
78.8;430.6;153.2;0.0
336.0;344.3;278.6;0.0
500.0;159.3;380.0;0.0
50.0;159.3;20.0;0.0
0.0;159.3;1.1;0.0
50.0;159.3;1.0;0.0
0.0;159.3;12.1;0.0
0.0;159.3;0.0;0.0
0.0;159.3;7.7;0.0
0.0;159.3;0.0;0.0
0.0;159.3;6.6;0.0
0.0;159.3;0.0;0.0
544.5;160.1;14.3;0.0
312.4;160.9;6.6;0.0
0.0;160.9;0.0;0.0
0.0;160.9;3.1;0.0
0.0;160.9;8.0;0.0
0.0;160.9;13.2;0.0
0.0;160.9;7.0;0.0
0.0;160.9;7.7;0.0
0.0;160.9;7.0;0.0
0.0;160.9;6.6;0.0
496.0;160.9;5.0;0.0
294.9;197.1;157.5;88.0
513.7;402.8;423.5;0.0
559.9;1084.8;18772.7;0.0
0.0;1426.9;7575.7;0.0
926.2;1094.7;3.5;4884.0
545.6;389.6;0.0;0.0
