106.0;264.8;1082.0;0.0
393.0;407.8;362.1;0.0
439.9;365.3;370.2;0.0
244.9;223.6;392.5;0.0
547.8;159.7;93.5;0.0
0.0;159.7;1.0;0.0
0.0;159.7;0.0;0.0
0.0;159.7;12.1;0.0
0.0;159.7;0.0;0.0
0.0;159.7;6.2;0.0
0.0;159.7;0.0;0.0
0.0;159.7;0.7;0.0
0.0;159.7;0.0;0.0
50.0;159.7;0.4;0.0
500.0;159.7;0.0;0.0
294.4;160.5;4.4;0.0
56.2;160.5;14.0;0.0
552.2;160.5;0.0;0.0
605.0;160.5;14.4;0.0
165.0;161.1;0.0;0.0
0.0;161.1;11.1;0.0
0.0;161.1;0.0;0.0
0.0;161.1;6.2;0.0
0.0;161.1;0.0;0.0
0.0;161.1;2.7;0.0
0.0;161.1;0.0;0.0
47.0;161.1;5.0;0.0
475.0;351.1;169.5;40.0
499.0;696.1;4696.0;0.0
91.4;951.9;5350.1;88.0
56.7;245.2;14202.6;0.0
54.6;245.4;3972.4;0.0
64.9;584.6;1950.1;0.0
80.9;276.6;4395.8;2860.0
86.0;555.2;15.7;572.0
100.0;1128.5;6.0;1920.0
