56.4;113.7;50.0;0.0
56.0;106.7;304.8;0.0
222.0;208.0;88.5;0.0
177.5;283.3;145.0;0.0
212.1;174.2;380.9;0.0
0.0;159.5;20.9;0.0
0.0;159.5;1.0;0.0
0.0;159.5;1.1;0.0
0.0;159.5;0.0;0.0
0.0;159.5;2.3;0.0
0.0;159.5;0.0;0.0
0.0;159.5;0.7;0.0
0.0;159.5;0.0;0.0
0.0;159.5;0.6;0.0
0.0;159.5;0.0;0.0
38.8;160.5;0.4;0.0
98.4;160.5;0.0;0.0
89.4;160.5;12.0;0.0
337.8;161.2;13.4;0.0
0.0;161.4;0.0;0.0
0.0;161.4;1.0;0.0
0.0;161.4;0.0;0.0
0.0;161.4;12.0;0.0
0.0;161.4;0.0;0.0
0.0;161.4;7.0;0.0
0.0;161.4;0.0;0.0
0.0;161.4;0.0;0.0
0.0;161.4;4.0;0.0
0.0;161.4;0.0;0.0
409.0;260.4;138.0;40.0
495.0;690.4;3228.0;0.0
508.0;999.4;7428.0;0.0
498.0;999.4;3272.0;0.0
500.0;999.4;3142.0;0.0
547.0;1001.4;4436.0;0.0
449.0;1311.4;2823.0;0.0
548.0;1313.4;6.0;1960.0
476.0;1313.4;6.0;1920.0
482.0;390.4;3.0;360.0
0.0;161.4;0.0;0.0
0.0;161.4;0.0;0.0
0.0;161.4;0.0;0.0
0.0;161.4;0.0;0.0
0.0;161.4;0.0;0.0
0.0;161.4;0.0;0.0
0.0;161.4;0.0;0.0
0.0;161.4;0.0;0.0
0.0;161.4;0.0;0.0
0.0;161.4;0.0;0.0
0.0;161.4;0.0;0.0
0.0;161.4;0.0;0.0
0.0;161.4;0.0;0.0
0.0;161.4;0.0;0.0
0.0;161.4;0.0;0.0
0.0;161.4;0.0;0.0
0.0;161.4;0.0;0.0
0.0;161.4;0.0;0.0
0.0;161.4;0.0;0.0
0.0;161.4;0.0;0.0
0.0;161.4;0.0;0.0
0.0;161.4;0.0;0.0
0.0;161.4;0.0;0.0
0.0;161.4;0.0;0.0
0.0;161.4;0.0;0.0
0.0;161.4;0.0;0.0
0.0;161.4;0.0;0.0
0.0;161.4;0.0;0.0
0.0;161.4;0.0;0.0
0.0;161.4;0.0;0.0
0.0;161.4;0.1;0.0
0.0;161.4;0.0;0.0
0.0;161.4;0.4;0.0
0.0;161.4;0.8;0.0
0.0;161.4;0.7;0.0
0.0;161.4;0.0;0.0
0.0;161.4;0.5;0.0
0.0;161.4;0.0;0.0
0.0;161.6;0.4;0.0
54.2;167.7;15.4;8.0
49.9;189.6;38.5;0.0
49.0;245.2;866.3;0.0
51.8;245.2;301.4;0.0
50.0;245.2;318.6;0.0
50.0;245.5;314.3;0.0
49.6;245.5;341.1;0.0
50.0;276.5;299.1;0.0
48.2;276.8;0.4;132.0
50.0;276.8;0.6;192.0
50.0;246.4;0.5;108.0
49.6;184.3;0.0;0.0
