148.0;237.2;960.5;0.0
342.9;360.3;405.0;0.0
443.9;338.5;215.2;0.0
553.9;184.1;411.1;0.0
383.9;159.4;22.0;0.0
0.0;159.4;1.0;0.0
0.0;159.4;1.1;0.0
0.0;159.4;13.0;0.0
0.0;159.4;11.0;0.0
0.0;159.4;14.3;0.0
50.0;159.4;4.0;0.0
499.0;159.4;6.7;0.0
248.0;176.4;13.0;0.0
0.0;176.4;6.6;0.0
0.0;176.4;1.0;0.0
407.0;160.3;5.5;0.0
527.4;160.3;13.0;0.0
546.7;160.3;0.0;0.0
550.0;160.9;8.4;0.0
0.0;160.9;0.0;0.0
0.0;160.9;4.1;0.0
0.0;160.9;0.0;0.0
246.0;195.9;128.3;40.0
537.0;385.9;393.0;0.0
455.0;1005.9;8502.7;0.0
474.0;1005.9;3594.0;0.0
499.0;1005.9;3122.7;0.0
495.0;1005.9;3431.0;0.0
426.9;1006.1;3789.5;0.0
98.0;1260.6;1362.2;608.0
49.9;276.2;26753.7;1920.0
76.9;276.7;0.4;172.0
66.6;861.2;11.3;3168.0
