87.9;179.3;92.0;0.0
385.0;159.0;3.0;0.0
0.0;159.0;0.0;0.0
0.0;159.0;0.1;0.0
0.0;159.0;0.0;0.0
0.0;159.0;8.4;0.0
0.0;159.0;8.8;0.0
0.0;159.0;0.7;0.0
0.0;159.0;0.0;0.0
50.0;159.0;1.6;0.0
0.0;159.0;0.0;0.0
390.0;159.7;1.4;0.0
251.8;159.7;13.0;0.0
543.4;159.7;0.0;0.0
501.9;160.1;0.1;0.0
495.0;160.6;14.3;0.0
0.0;160.6;12.0;0.0
0.0;160.6;1.1;0.0
0.0;160.6;7.0;0.0
0.0;160.6;14.3;0.0
0.0;160.6;6.0;0.0
0.0;160.6;7.7;0.0
249.0;190.6;131.0;40.0
512.0;1007.6;13955.6;0.0
426.0;1007.6;3170.0;0.0
316.8;1008.8;3670.4;0.0
57.0;844.1;3276.4;88.0
56.3;845.7;4368.9;1320.0
56.0;568.5;6067.1;1920.0
49.3;568.5;4120.8;640.0
71.5;861.5;3798.6;520.0
48.1;244.8;338.6;0.0
51.8;244.8;383.6;0.0
51.0;276.1;32.5;132.0
50.0;276.1;0.6;192.0
50.0;276.1;0.2;64.0
48.6;183.7;0.3;64.0
