52.0;133.9;87.3;0.0
101.8;202.8;103.3;0.0
200.9;190.1;183.6;0.0
49.9;189.5;86.4;0.0
346.0;159.2;8.6;0.0
0.0;159.2;0.0;0.0
0.0;159.2;1.0;0.0
0.0;159.2;1.1;0.0
50.0;159.2;13.0;0.0
0.0;159.2;13.2;0.0
0.0;159.2;7.0;0.0
0.0;159.2;7.7;0.0
0.0;159.2;4.0;0.0
0.0;159.2;5.5;0.0
266.0;159.2;5.0;0.0
405.9;160.0;3.5;0.0
920.0;160.0;6.0;0.0
550.0;160.0;0.0;0.0
550.0;160.3;14.4;0.0
55.0;160.5;0.0;0.0
0.0;160.5;12.1;0.0
0.0;160.5;0.0;0.0
55.0;160.5;7.3;0.0
0.0;160.5;0.0;0.0
0.0;160.5;2.7;0.0
0.0;160.5;0.0;0.0
248.0;196.5;145.6;40.0
507.0;1011.5;23613.0;0.0
492.0;1321.8;719.4;680.0
49.0;1266.0;154.8;2488.0
59.0;1120.2;421.5;640.0
55.0;868.9;9231.7;720.0
49.5;244.9;268.6;0.0
54.2;244.9;305.2;0.0
48.8;245.3;319.4;0.0
45.0;245.3;307.0;0.0
53.0;245.3;367.0;0.0
48.2;276.5;32.3;68.0
52.6;276.5;0.8;256.0
45.0;276.5;0.2;64.0
54.7;184.0;0.3;48.0
