149.9;214.5;253.0;0.0
93.0;175.0;214.8;0.0
357.8;278.1;219.2;0.0
437.0;325.0;95.2;0.0
237.8;180.2;410.1;0.0
273.9;159.0;22.0;0.0
0.0;159.0;1.0;0.0
0.0;159.0;1.1;0.0
0.0;159.0;12.0;0.0
0.0;159.0;14.3;0.0
0.0;159.0;7.0;0.0
55.0;159.0;7.7;0.0
0.0;159.0;6.0;0.0
0.0;159.0;6.6;0.0
191.0;159.0;4.0;0.0
496.0;159.0;4.5;0.0
243.3;159.8;13.0;0.0
541.2;159.8;0.0;0.0
550.0;159.8;1.0;0.0
550.0;160.3;15.4;0.0
0.0;160.3;12.0;0.0
0.0;160.3;1.1;0.0
0.0;160.3;7.0;0.0
0.0;160.3;14.3;0.0
0.0;160.3;7.0;0.0
0.0;160.3;7.7;0.0
395.0;246.3;151.0;40.0
460.0;698.3;8560.5;0.0
496.0;1320.3;15768.0;0.0
424.8;1235.6;12.5;4560.0
80.6;253.5;184.8;88.0
50.5;244.7;1771.2;0.0
45.4;275.7;706.5;0.0
59.6;275.9;0.6;196.0
45.8;275.9;0.6;192.0
54.2;180.4;0.3;64.0
