77.9;215.4;292.6;0.0
102.7;168.9;257.8;0.0
222.2;243.8;432.1;0.0
185.3;186.7;357.0;0.0
135.0;159.2;4.2;0.0
0.0;159.2;0.0;0.0
0.0;159.2;0.1;0.0
0.0;159.2;0.0;0.0
6.8;159.2;1.2;0.0
0.0;159.2;0.0;0.0
0.0;159.2;0.7;0.0
0.0;159.2;0.0;0.0
0.0;159.2;1.5;0.0
0.0;159.2;0.0;0.0
95.0;159.2;0.4;0.0
83.5;160.1;0.0;0.0
57.6;160.1;0.0;0.0
49.9;160.1;3.2;0.0
377.3;160.6;2.2;0.0
0.0;160.6;1.0;0.0
0.0;160.6;1.1;0.0
0.0;160.6;12.0;0.0
0.0;160.6;13.2;0.0
0.0;160.6;7.0;0.0
0.0;160.6;7.7;0.0
0.0;160.6;7.0;0.0
55.0;160.6;6.6;0.0
99.0;160.6;4.0;0.0
305.9;340.9;167.5;40.0
63.0;623.4;7178.2;88.0
94.2;245.0;20407.8;0.0
64.0;582.2;926.3;0.0
101.6;582.2;3168.6;2156.0
108.8;245.9;3369.9;2596.0
