70.4;183.2;411.0;0.0
89.6;146.8;573.1;0.0
205.8;308.7;442.4;0.0
125.0;159.3;372.6;0.0
50.0;159.3;15.0;0.0
0.0;159.3;1.1;0.0
0.0;159.3;1.0;0.0
0.0;159.3;0.0;0.0
0.0;159.3;1.2;0.0
0.0;159.3;7.7;0.0
0.0;159.3;7.0;0.0
0.0;159.3;0.0;0.0
0.0;159.3;0.6;0.0
0.0;159.3;0.0;0.0
154.0;160.1;0.4;0.0
54.0;160.1;0.0;0.0
103.6;160.1;12.0;0.0
354.0;160.6;13.4;0.0
0.0;160.6;0.0;0.0
50.0;160.6;0.1;0.0
0.0;160.6;0.0;0.0
0.0;160.6;1.3;0.0
0.0;160.6;0.0;0.0
0.0;160.6;0.7;0.0
0.0;160.6;0.0;0.0
0.0;160.6;0.6;0.0
0.0;160.6;0.0;0.0
249.0;208.6;89.1;40.0
87.7;1272.6;24259.8;88.0
68.6;841.7;3109.2;1960.0
83.4;562.7;7649.2;2520.0
114.5;846.7;5801.4;0.0
53.4;244.8;377.4;0.0
53.9;275.8;548.5;0.0
46.1;276.1;0.4;132.0
51.6;276.1;0.8;256.0
