100.8;260.5;1069.5;0.0
266.3;557.8;93.7;0.0
438.0;366.4;528.6;0.0
499.0;159.4;391.0;0.0
249.0;159.4;20.0;0.0
0.0;159.4;1.1;0.0
50.0;159.4;1.0;0.0
0.0;159.4;14.3;0.0
0.0;159.4;13.0;0.0
0.0;159.4;7.7;0.0
0.0;159.4;7.0;0.0
0.0;159.4;7.7;0.0
0.0;159.4;5.0;0.0
424.6;160.3;5.5;0.0
500.9;160.3;5.0;0.0
58.9;160.3;12.0;0.0
296.6;160.3;13.4;0.0
108.9;160.8;0.0;0.0
0.0;160.8;0.1;0.0
0.0;160.8;0.0;0.0
0.0;160.8;13.2;0.0
0.0;160.8;0.0;0.0
0.0;160.8;7.7;0.0
0.0;160.8;0.0;0.0
0.0;160.8;4.4;0.0
0.0;160.8;0.0;0.0
273.9;161.0;5.5;0.0
495.0;350.2;141.0;88.0
548.9;1083.9;9904.4;0.0
586.3;1083.9;3480.0;0.0
0.0;1427.1;13355.1;0.0
2310.0;1430.4;1.4;1452.0
554.4;1096.0;14.3;3564.0
379.3;389.2;5.0;0.0
