196.1;186.5;275.0;0.0
95.0;167.8;247.8;0.0
276.4;237.0;402.1;0.0
270.0;319.8;129.1;0.0
252.0;174.7;410.1;0.0
272.8;159.7;22.0;0.0
0.0;159.7;1.0;0.0
0.0;159.7;1.1;0.0
0.0;159.7;13.0;0.0
0.0;159.7;14.3;0.0
0.0;159.7;7.0;0.0
0.0;159.7;7.7;0.0
0.0;159.7;5.0;0.0
0.0;159.7;5.5;0.0
50.0;159.7;5.0;0.0
399.6;160.5;4.4;0.0
64.0;160.5;0.0;0.0
198.9;160.5;14.0;0.0
550.0;160.5;15.4;0.0
328.9;161.0;1.0;0.0
0.0;161.0;0.0;0.0
0.0;161.0;12.1;0.0
0.0;161.0;0.0;0.0
5.9;161.0;6.2;0.0
0.0;161.0;0.0;0.0
0.0;161.0;1.7;0.0
0.0;161.0;0.0;0.0
148.0;161.0;1.5;0.0
492.0;1312.0;24928.0;40.0
217.4;1314.3;6.4;3240.0
92.9;202.9;426.2;1128.0
50.0;214.3;473.8;0.0
50.0;245.1;511.0;0.0
50.3;245.1;337.4;0.0
49.9;245.1;304.2;0.0
52.1;245.3;336.2;0.0
48.8;245.3;395.4;0.0
48.5;276.5;52.3;68.0
47.5;276.5;0.8;256.0
48.9;276.5;0.2;64.0
53.8;246.1;0.5;72.0
