98.9;100.7;171.2;0.0
50.0;138.1;123.0;0.0
142.8;137.6;65.2;0.0
50.0;157.0;39.1;0.0
191.0;159.1;2.0;0.0
0.0;159.1;0.0;0.0
0.0;159.1;0.1;0.0
0.0;159.1;0.0;0.0
0.0;159.1;13.0;0.0
0.0;159.1;14.3;0.0
0.0;159.1;0.0;0.0
0.0;159.1;0.7;0.0
0.0;159.1;0.0;0.0
0.0;159.1;1.6;0.0
0.0;159.1;0.0;0.0
190.8;159.9;1.5;0.0
301.0;159.9;13.0;0.0
595.1;159.9;0.0;0.0
544.5;160.4;14.4;0.0
0.0;160.4;0.0;0.0
0.0;160.4;12.1;0.0
0.0;160.4;0.0;0.0
0.0;160.4;6.2;0.0
0.0;160.4;0.0;0.0
0.0;160.4;2.7;0.0
0.0;160.4;0.0;0.0
349.0;204.4;144.7;40.0
488.0;695.4;991.0;0.0
365.6;1005.6;8615.4;0.0
67.6;920.1;2895.2;88.0
79.9;529.5;1397.1;0.0
83.1;244.6;2610.8;0.0
148.4;563.6;671.4;0.0
80.5;563.6;3451.3;1960.0
70.0;561.8;3569.0;1920.0
79.1;849.8;4099.1;720.0
49.4;275.8;191.2;0.0
48.4;276.1;0.6;196.0
48.2;276.1;0.6;192.0
54.9;245.6;0.3;60.0
