69.6;138.4;264.2;0.0
206.6;201.9;87.7;0.0
523.5;348.4;317.4;0.0
437.9;176.0;405.6;0.0
299.0;159.0;20.0;0.0
0.0;159.0;1.1;0.0
0.0;159.0;1.0;0.0
0.0;159.0;13.2;0.0
0.0;159.0;13.0;0.0
0.0;159.0;0.0;0.0
0.0;159.0;7.7;0.0
0.0;159.0;7.0;0.0
52.8;159.0;5.5;0.0
0.0;159.0;1.5;0.0
548.9;159.8;0.0;0.0
106.0;159.8;6.0;0.0
66.0;159.8;0.0;0.0
99.4;159.8;3.4;0.0
56.8;160.3;2.0;0.0
0.0;160.3;0.1;0.0
0.0;160.3;0.0;0.0
52.8;160.3;1.3;0.0
0.0;160.3;0.0;0.0
0.0;160.3;0.7;0.0
0.0;160.3;0.0;0.0
49.0;160.3;0.6;0.0
0.0;160.3;0.0;0.0
250.0;202.6;156.4;40.0
50.0;350.1;242.8;88.0
98.4;806.7;7835.5;0.0
53.8;244.4;5467.1;0.0
54.1;244.4;381.4;0.0
68.9;244.4;446.8;0.0
98.3;244.7;716.6;0.0
50.0;564.7;2619.8;680.0
105.1;275.9;2474.5;1920.0
49.7;275.9;2.6;876.0
68.5;1180.9;3.6;1752.0
49.9;245.5;0.5;68.0
