97.0;100.1;108.2;0.0
119.0;113.8;134.1;0.0
139.9;138.1;55.5;0.0
76.0;156.8;39.1;0.0
140.0;159.1;2.0;0.0
0.0;159.1;0.0;0.0
0.0;159.1;0.1;0.0
0.0;159.1;0.0;0.0
0.0;159.1;1.3;0.0
0.0;159.1;0.0;0.0
0.0;159.1;0.7;0.0
0.0;159.1;0.0;0.0
0.0;159.1;6.0;0.0
0.0;159.1;4.4;0.0
100.0;159.1;3.1;0.0
69.0;159.9;4.4;0.0
70.0;159.9;0.0;0.0
252.1;159.9;1.4;0.0
420.2;160.4;0.0;0.0
0.0;160.4;1.0;0.0
0.0;160.4;1.1;0.0
0.0;160.4;13.0;0.0
0.0;160.4;13.2;0.0
0.0;160.4;7.0;0.0
0.0;160.4;7.7;0.0
0.0;160.4;6.0;0.0
0.0;160.4;5.5;0.0
287.0;180.4;17.0;40.0
151.6;383.7;521.4;0.0
135.5;812.3;8593.0;88.0
65.5;584.1;22845.6;0.0
55.0;587.4;3204.4;1452.0
50.5;583.4;3502.8;2816.0
69.9;826.2;3631.5;748.0
