55.8;229.5;993.8;0.0
325.0;383.5;376.8;0.0
434.9;332.1;242.2;0.0
447.7;179.9;410.1;0.0
378.4;159.8;22.0;0.0
0.0;159.8;1.0;0.0
0.0;159.8;1.1;0.0
0.0;159.8;12.0;0.0
0.0;159.8;6.6;0.0
55.0;159.8;0.7;0.0
0.0;159.8;7.7;0.0
0.0;159.8;6.0;0.0
0.0;159.8;6.6;0.0
209.0;159.8;4.0;0.0
521.0;159.8;4.4;0.0
50.0;160.6;0.0;0.0
196.6;160.6;14.0;0.0
590.7;160.6;0.0;0.0
495.0;161.1;14.4;0.0
0.0;161.1;0.0;0.0
0.0;161.1;12.1;0.0
0.0;161.1;0.0;0.0
0.0;161.1;6.2;0.0
0.0;161.1;0.0;0.0
0.0;161.1;2.7;0.0
0.0;161.1;0.0;0.0
141.0;161.1;0.5;0.0
485.0;376.1;541.0;40.0
245.1;1307.4;24398.4;0.0
92.2;1118.9;587.8;1248.0
83.9;835.4;8944.7;1920.0
96.4;245.2;3565.6;1160.0
49.3;245.2;495.0;0.0
49.0;276.4;808.1;0.0
48.4;276.7;0.4;132.0
49.0;276.7;0.8;256.0
50.6;182.4;0.3;64.0
