45.0;187.4;285.0;0.0
57.1;135.3;581.6;0.0
252.2;322.3;476.5;0.0
134.9;175.4;373.0;0.0
250.0;159.4;20.0;0.0
0.0;159.4;0.0;0.0
0.0;159.4;0.1;0.0
0.0;159.4;0.0;0.0
0.0;159.4;13.0;0.0
0.0;159.4;13.2;0.0
0.0;159.4;7.0;0.0
0.0;159.4;7.7;0.0
0.0;159.4;5.0;0.0
0.0;159.4;4.4;0.0
188.0;159.4;4.0;0.0
122.8;160.2;3.4;0.0
229.2;160.2;12.1;0.0
1580.7;160.7;14.3;0.0
0.0;160.7;1.0;0.0
0.0;160.7;0.0;0.0
0.0;160.7;12.1;0.0
0.0;160.7;0.0;0.0
0.0;160.7;6.2;0.0
0.0;160.7;0.0;0.0
0.0;160.7;1.7;0.0
0.0;160.7;0.0;0.0
299.0;160.7;19.4;40.0
496.0;1011.7;20305.0;0.0
356.7;1322.0;4155.4;680.0
95.5;993.8;188.3;3488.0
52.1;214.1;501.4;0.0
47.6;244.9;560.5;0.0
50.0;244.9;314.2;0.0
53.7;244.9;345.6;0.0
49.9;245.2;306.2;0.0
50.4;245.2;415.6;0.0
50.0;276.4;32.3;68.0
49.9;276.4;0.8;256.0
46.0;276.4;0.2;64.0
51.4;184.0;0.3;52.0
