44.9;216.1;248.2;0.0
49.9;146.4;181.1;0.0
297.9;199.1;342.6;0.0
291.0;252.4;89.7;0.0
91.0;176.3;265.3;0.0
50.0;159.3;20.0;0.0
0.0;159.3;0.0;0.0
55.0;159.3;0.1;0.0
0.0;159.3;0.0;0.0
0.0;159.3;2.2;0.0
0.0;159.3;0.0;0.0
0.0;159.3;0.7;0.0
0.0;159.3;0.0;0.0
0.0;159.3;1.6;0.0
0.0;159.3;0.0;0.0
103.0;160.2;1.6;0.0
50.0;160.2;0.0;0.0
62.5;160.2;14.0;0.0
406.9;160.4;15.4;0.0
110.0;160.7;0.0;0.0
0.0;160.7;0.1;0.0
0.0;160.7;0.0;0.0
0.0;160.7;2.3;0.0
0.0;160.7;0.0;0.0
0.0;160.7;0.7;0.0
0.0;160.7;2.0;0.0
0.0;160.7;0.4;0.0
0.0;160.7;0.0;0.0
318.7;241.9;145.5;40.0
78.8;525.4;1300.7;44.0
78.9;525.0;4864.6;0.0
69.1;244.8;2073.1;0.0
61.5;244.8;358.0;0.0
59.0;244.8;1113.8;0.0
71.5;558.0;1081.8;0.0
74.7;561.0;4123.4;1960.0
70.4;276.0;789.3;1308.0
110.0;577.2;1.6;1352.0
55.0;276.2;0.4;128.0
49.1;184.4;0.3;48.0
