66.8;254.4;1020.2;0.0
318.0;402.8;378.9;0.0
441.9;374.2;280.8;0.0
500.0;216.6;426.6;0.0
440.0;159.3;59.4;0.0
0.0;159.3;1.0;0.0
0.0;159.3;0.0;0.0
0.0;159.3;12.1;0.0
0.0;159.3;0.0;0.0
55.0;159.3;6.2;0.0
0.0;159.3;5.0;0.0
0.0;159.3;7.7;0.0
50.0;159.3;4.0;0.0
495.0;159.3;3.4;0.0
299.0;178.3;13.0;0.0
424.6;160.1;4.4;0.0
501.0;160.1;1.0;0.0
533.5;160.1;0.0;0.0
548.9;160.6;2.4;0.0
0.0;160.6;0.0;0.0
0.0;160.6;6.1;0.0
0.0;160.6;0.0;0.0
0.0;160.6;7.2;0.0
0.0;160.6;0.0;0.0
249.0;187.6;101.7;40.0
498.0;1007.6;17599.0;0.0
461.0;1320.6;6784.4;0.0
513.0;1162.6;15.0;4320.0
376.7;370.8;5.5;0.0
50.0;168.4;15.4;8.0
50.0;275.7;2481.1;0.0
51.4;276.2;0.4;132.0
44.8;276.2;0.8;256.0
52.6;245.7;0.3;60.0
