88.0;220.5;258.1;0.0
103.8;163.1;225.8;0.0
199.9;216.0;368.2;0.0
165.0;172.8;283.7;0.0
91.8;159.4;8.0;0.0
0.0;159.4;0.0;0.0
0.0;159.4;1.0;0.0
0.0;159.4;1.1;0.0
0.0;159.4;12.0;0.0
55.0;159.4;14.3;0.0
0.0;159.4;7.0;0.0
0.0;159.4;7.7;0.0
0.0;159.4;6.0;0.0
0.0;159.4;4.4;0.0
278.0;159.4;5.0;0.0
225.9;160.2;3.4;0.0
250.9;160.2;13.0;0.0
548.9;160.2;0.0;0.0
580.8;160.2;14.4;0.0
55.0;160.7;0.0;0.0
0.0;160.7;12.1;0.0
0.0;160.7;0.0;0.0
0.0;160.7;7.0;0.0
0.0;160.7;13.2;0.0
0.0;160.7;6.0;0.0
0.0;160.7;7.7;0.0
249.0;189.7;116.0;40.0
506.0;388.7;406.7;0.0
525.0;1006.7;8405.0;0.0
139.9;1003.1;2966.8;88.0
70.5;812.3;3601.8;0.0
48.4;531.9;5063.0;0.0
55.0;244.8;1650.7;0.0
93.6;565.8;2355.8;680.0
112.9;565.8;3573.6;2560.0
91.8;564.0;3718.2;640.0
167.0;1189.0;3852.5;520.0
49.7;276.2;0.4;132.0
54.0;276.2;0.6;192.0
49.9;245.8;0.5;100.0
48.4;183.5;0.0;0.0
