102.5;247.6;922.8;0.0
151.8;478.8;123.5;0.0
445.2;331.1;518.3;0.0
540.1;174.5;430.1;0.0
215.6;159.3;21.0;0.0
0.0;159.3;0.0;0.0
0.0;159.3;12.1;0.0
0.0;159.3;0.0;0.0
0.0;159.3;7.3;0.0
0.0;159.3;0.0;0.0
0.0;159.3;1.7;0.0
0.0;159.3;0.0;0.0
149.0;159.3;1.5;0.0
491.0;159.3;0.0;0.0
334.3;160.2;5.5;0.0
59.0;160.2;14.0;0.0
553.9;160.2;13.2;0.0
478.5;160.6;2.2;0.0
0.0;160.6;1.0;0.0
0.0;160.6;1.1;0.0
0.0;160.6;13.0;0.0
0.0;160.6;13.2;0.0
0.0;160.6;7.0;0.0
0.0;160.6;7.7;0.0
0.0;160.6;6.0;0.0
98.0;160.6;1.4;0.0
480.0;346.6;180.0;40.0
315.9;1002.9;11422.5;0.0
50.0;1159.9;12744.1;88.0
73.0;837.9;3274.0;4360.0
46.8;244.7;674.8;0.0
51.2;244.7;314.8;0.0
50.0;244.7;301.6;0.0
49.6;244.9;311.8;0.0
50.0;244.9;335.5;0.0
49.6;276.2;194.0;0.0
50.0;276.2;0.8;260.0
52.9;276.2;0.4;128.0
50.0;245.8;0.3;60.0
