45.0;99.4;63.5;0.0
49.7;111.6;111.5;0.0
139.8;161.2;72.2;0.0
66.0;181.7;75.4;0.0
142.0;159.5;8.6;0.0
0.0;159.5;0.0;0.0
0.0;159.5;1.0;0.0
55.0;159.5;1.1;0.0
0.0;159.5;13.0;0.0
0.0;159.5;14.3;0.0
0.0;159.5;0.0;0.0
0.0;159.5;0.7;0.0
0.0;159.5;0.0;0.0
0.0;159.5;2.6;0.0
0.0;159.5;0.0;0.0
68.9;160.3;0.5;0.0
92.0;160.3;0.0;0.0
62.0;160.3;12.0;0.0
306.9;160.6;13.4;0.0
55.0;160.9;0.0;0.0
0.0;160.9;0.1;0.0
0.0;160.9;0.0;0.0
0.0;160.9;2.2;0.0
0.0;160.9;0.0;0.0
0.0;160.9;0.7;0.0
0.0;160.9;0.0;0.0
0.0;160.9;0.5;0.0
0.0;160.9;0.0;0.0
234.6;330.3;164.5;40.0
91.4;1119.8;23848.8;88.0
79.2;561.1;10135.3;3240.0
70.7;880.1;3658.0;1000.0
43.5;276.8;1184.5;68.0
68.8;276.8;0.6;192.0
54.0;246.4;0.7;180.0
