110.0;235.1;341.1;0.0
55.0;208.9;262.1;0.0
347.9;296.1;343.4;0.0
435.0;320.0;119.4;0.0
246.0;176.4;410.1;0.0
383.9;159.2;22.0;0.0
0.0;159.2;1.0;0.0
0.0;159.2;1.1;0.0
0.0;159.2;0.0;0.0
0.0;159.2;1.3;0.0
0.0;159.2;0.0;0.0
0.0;159.2;7.0;0.0
0.0;159.2;7.7;0.0
0.0;159.2;5.0;0.0
0.0;159.2;6.6;0.0
466.0;159.2;4.0;0.0
161.9;160.1;5.5;0.0
151.0;160.1;14.0;0.0
548.9;160.1;0.0;0.0
550.0;160.6;14.4;0.0
0.0;160.6;0.0;0.0
0.0;160.6;12.1;0.0
0.0;160.6;0.0;0.0
0.0;160.6;7.3;0.0
0.0;160.6;0.0;0.0
0.0;160.6;1.7;0.0
0.0;160.6;0.0;0.0
150.0;160.6;0.5;0.0
448.0;366.6;526.0;40.0
373.0;693.9;7006.5;0.0
47.7;882.2;3259.0;44.0
59.6;524.9;1186.5;0.0
66.9;244.8;3787.5;0.0
95.5;244.8;603.4;0.0
93.0;561.8;532.0;0.0
50.0;563.0;3474.6;2600.0
50.0;563.0;3762.4;1280.0
50.0;1191.0;2266.5;720.0
50.0;276.2;0.6;196.0
50.0;276.2;0.4;128.0
50.0;245.7;0.5;100.0
