131.0;202.7;337.9;0.0
105.2;209.9;88.2;0.0
135.7;196.9;509.8;0.0
135.7;271.5;179.5;0.0
124.4;177.0;251.7;0.0
0.0;159.4;20.9;0.0
0.0;159.4;1.0;0.0
0.0;159.4;1.1;0.0
0.0;159.4;13.0;0.0
0.0;159.4;14.3;0.0
0.0;159.4;7.0;0.0
52.8;159.4;7.7;0.0
0.0;159.4;6.0;0.0
0.0;159.4;6.6;0.0
196.0;159.4;5.0;0.0
264.6;160.3;6.6;0.0
76.0;160.3;0.0;0.0
74.2;160.3;14.0;0.0
500.0;160.3;15.4;0.0
273.9;160.7;1.0;0.0
0.0;160.7;0.0;0.0
0.0;160.7;1.1;0.0
0.0;160.7;13.0;0.0
0.0;160.7;13.2;0.0
0.0;160.7;7.0;0.0
0.0;160.7;7.7;0.0
0.0;160.7;5.0;0.0
0.0;160.7;4.4;0.0
458.0;301.7;175.0;40.0
235.8;1058.0;24752.5;0.0
71.9;1136.2;566.3;608.0
49.4;564.7;10143.9;2560.0
49.7;276.0;16683.9;640.0
76.6;1194.3;3.6;1716.0
44.0;276.3;0.4;128.0
52.0;180.9;0.5;108.0
