93.1;241.8;981.5;0.0
348.2;337.7;462.2;0.0
474.3;332.6;207.4;0.0
252.1;177.8;411.2;0.0
0.0;159.2;20.9;0.0
0.0;159.2;1.0;0.0
0.0;159.2;1.1;0.0
0.0;159.2;12.0;0.0
53.9;159.2;14.3;0.0
0.0;159.2;7.0;0.0
0.0;159.2;7.7;0.0
0.0;159.2;5.0;0.0
0.0;159.2;4.4;0.0
367.0;159.2;5.0;0.0
74.6;160.1;11.3;0.0
547.8;160.1;0.0;0.0
550.0;160.1;1.0;0.0
578.6;160.4;15.4;0.0
50.0;160.6;13.0;0.0
0.0;160.6;1.1;0.0
0.0;160.6;7.0;0.0
0.0;160.6;14.3;0.0
0.0;160.6;6.0;0.0
0.0;160.6;7.7;0.0
249.0;187.6;134.0;40.0
492.0;1323.6;24799.5;40.0
535.0;1323.6;10.0;3200.0
519.0;1320.9;1.4;1160.0
77.9;333.2;170.5;88.0
48.9;183.1;38.5;0.0
51.6;244.7;1074.2;0.0
50.2;245.0;973.7;0.0
31.6;276.0;347.7;68.0
74.5;276.2;0.8;256.0
49.8;260.3;0.5;124.0
