89.5;237.8;349.9;0.0
81.8;135.2;643.0;0.0
213.5;318.9;477.6;0.0
234.0;178.5;367.6;0.0
248.0;159.5;20.0;0.0
0.0;159.5;0.0;0.0
0.0;159.5;0.1;0.0
0.0;159.5;0.0;0.0
0.0;159.5;13.0;0.0
0.0;159.5;0.0;0.0
0.0;159.5;7.0;0.0
0.0;159.5;0.0;0.0
0.0;159.5;0.5;0.0
0.0;159.5;8.8;0.0
141.0;159.5;5.0;0.0
485.0;159.5;7.7;0.0
509.0;159.5;0.0;0.0
449.0;159.5;8.6;0.0
0.0;159.5;0.0;0.0
563.2;160.4;3.4;0.0
539.0;160.4;8.8;0.0
495.0;160.9;6.6;0.0
0.0;160.9;0.0;0.0
0.0;160.9;6.1;0.0
0.0;160.9;0.0;0.0
0.0;160.9;7.2;0.0
0.0;160.9;0.0;0.0
138.0;160.9;2.7;0.0
400.0;348.9;402.0;40.0
542.0;691.9;5480.5;0.0
475.0;1000.9;5857.0;0.0
296.4;997.3;3925.5;0.0
80.6;808.7;3115.7;88.0
91.8;585.2;23454.2;0.0
102.1;276.5;2251.4;1452.0
93.2;276.5;2.8;856.0
93.0;552.1;3.3;1380.0
