102.1;175.6;319.6;0.0
99.0;159.6;20.0;0.0
0.0;159.6;0.0;0.0
0.0;159.6;1.0;0.0
0.0;159.6;1.1;0.0
0.0;159.6;13.0;0.0
0.0;159.6;13.2;0.0
0.0;159.6;7.0;0.0
0.0;159.6;7.7;0.0
0.0;159.6;5.0;0.0
0.0;159.6;5.5;0.0
294.0;159.6;5.0;0.0
141.4;160.3;6.6;0.0
91.8;161.2;14.3;0.0
350.0;161.2;14.0;0.0
0.0;161.2;0.0;0.0
0.0;161.2;1.0;0.0
0.0;161.2;0.0;0.0
0.0;161.2;13.0;0.0
0.0;161.2;0.0;0.0
0.0;161.2;7.0;0.0
0.0;161.2;0.0;0.0
0.0;161.2;7.0;0.0
0.0;161.2;0.0;0.0
226.0;161.2;4.0;0.0
495.0;1313.2;24966.0;40.0
448.0;1318.2;4.0;1320.0
512.0;1318.2;6.0;1920.0
498.0;1034.2;5.0;1080.0
0.0;161.2;0.0;0.0
0.0;161.2;0.0;0.0
0.0;161.2;0.0;0.0
0.0;161.2;0.0;0.0
0.0;161.2;0.0;0.0
0.0;161.2;0.0;0.0
0.0;161.2;0.0;0.0
0.0;161.2;0.0;0.0
0.0;161.2;0.0;0.0
0.0;161.2;0.0;0.0
0.0;161.2;0.0;0.0
0.0;161.2;0.0;0.0
0.0;161.2;0.0;0.0
0.0;161.2;0.0;0.0
0.0;161.2;0.0;0.0
0.0;161.2;0.0;0.0
0.0;161.2;0.0;0.0
0.0;161.2;0.0;0.0
0.0;161.2;0.0;0.0
0.0;161.2;0.0;0.0
0.0;161.2;0.0;0.0
0.0;161.2;0.0;0.0
0.0;161.2;0.0;0.0
0.0;161.2;0.0;0.0
0.0;161.2;0.0;0.0
0.0;161.2;0.0;0.0
0.0;161.2;0.0;0.0
0.0;161.2;0.0;0.0
0.0;161.2;0.0;0.0
0.0;161.2;0.0;0.0
0.0;161.2;0.0;0.0
0.0;161.2;0.0;0.0
0.0;161.2;0.0;0.0
0.0;161.2;0.0;0.0
0.0;161.2;0.0;0.0
0.0;161.2;0.1;0.0
0.0;161.2;0.0;0.0
0.0;161.2;1.2;0.0
0.0;161.2;0.0;0.0
0.0;161.2;0.7;0.0
0.0;161.2;0.0;0.0
0.0;161.2;0.6;0.0
0.0;161.2;0.0;0.0
29.1;161.5;0.4;0.0
49.3;245.2;2299.8;4.0
47.6;276.4;149.9;68.0
51.8;276.4;0.8;256.0
27.2;260.6;0.7;140.0
77.5;184.1;0.0;0.0
