119.0;248.0;403.3;0.0
49.9;239.1;240.1;0.0
404.0;356.5;298.6;0.0
374.5;372.4;149.3;0.0
50.0;229.5;363.0;0.0
88.0;158.8;115.3;0.0
292.1;158.8;0.0;0.0
605.0;160.6;25.3;0.0
0.0;160.6;141.9;0.0
452.1;178.9;13.2;0.0
566.5;178.9;0.0;0.0
546.7;181.1;0.0;0.0
555.5;181.1;0.0;0.0
545.6;181.1;0.0;0.0
547.8;188.8;27.5;0.0
767.8;203.1;100.1;0.0
151.8;214.1;71.5;0.0
0.0;214.1;0.0;0.0
0.0;214.1;0.0;0.0
0.0;214.1;0.0;0.0
0.0;214.1;0.0;0.0
0.0;214.1;0.0;0.0
0.0;214.1;0.0;0.0
0.0;214.1;0.0;0.0
0.0;214.1;0.0;0.0
0.0;214.1;0.0;0.0
0.0;214.1;0.0;0.0
0.0;214.1;0.0;0.0
0.0;214.1;0.0;0.0
0.0;214.1;0.0;0.0
0.0;214.1;0.0;0.0
0.0;214.1;0.0;0.0
0.0;214.1;0.0;0.0
0.0;214.1;0.0;0.0
0.0;214.1;0.0;0.0
0.0;214.1;0.0;0.0
0.0;214.1;0.0;0.0
0.0;214.1;0.0;0.0
0.0;214.1;0.0;0.0
0.0;214.1;0.0;0.0
0.0;214.1;0.0;0.0
0.0;214.1;0.0;0.0
0.0;214.1;0.0;0.0
0.0;214.1;0.0;0.0
0.0;214.1;0.0;0.0
0.0;214.1;0.0;0.0
0.0;214.1;0.0;0.0
0.0;214.1;0.0;0.0
0.0;214.1;0.0;0.0
0.0;214.1;0.0;0.0
0.0;214.1;0.0;0.0
0.0;214.1;0.0;0.0
0.0;214.1;0.0;0.0
0.0;214.1;0.0;0.0
0.0;214.1;0.0;0.0
0.0;214.1;3.0;0.0
50.0;205.1;154.0;0.0
499.0;203.1;0.0;0.0
500.0;203.1;0.0;0.0
499.0;203.1;0.0;0.0
500.0;203.1;0.0;0.0
533.0;203.1;0.0;0.0
486.0;203.1;0.0;0.0
499.0;203.1;0.0;0.0
499.0;203.1;0.0;0.0
504.0;200.1;0.0;0.0
500.0;200.1;0.0;0.0
490.0;200.1;0.0;0.0
492.0;200.1;0.0;0.0
527.0;200.1;0.0;0.0
500.0;200.1;0.0;0.0
483.0;200.1;0.0;0.0
492.0;200.1;0.0;0.0
503.0;200.1;0.0;0.0
500.0;200.1;0.0;0.0
499.0;200.1;0.0;0.0
521.0;200.1;0.0;0.0
485.0;200.1;0.0;0.0
500.0;200.1;0.0;0.0
499.0;200.1;0.0;0.0
500.0;200.1;0.0;0.0
497.0;200.1;0.0;0.0
498.0;200.1;0.0;0.0
522.0;200.1;0.0;0.0
493.0;200.1;0.0;0.0
526.0;200.1;0.0;0.0
482.0;200.1;0.0;0.0
495.0;200.1;0.0;0.0
508.0;200.1;0.0;0.0
501.0;200.1;0.0;0.0
500.0;200.1;0.0;0.0
498.0;200.1;0.0;0.0
476.0;200.1;0.0;0.0
513.0;200.1;0.0;0.0
499.0;200.1;0.0;0.0
495.0;200.1;0.0;0.0
500.0;200.1;0.0;0.0
697.0;183.1;27.0;0.0
500.0;165.1;143.0;0.0
388.0;165.1;13.0;0.0
