49.9;126.8;207.9;0.0
101.0;175.9;194.9;0.0
194.3;206.2;170.7;0.0
155.0;314.6;273.5;0.0
95.0;158.0;441.1;0.0
133.6;158.6;22.0;0.0
505.5;160.4;104.0;0.0
263.9;160.4;30.3;0.0
451.0;161.3;184.8;0.0
49.9;161.7;0.0;0.0
49.9;161.7;0.0;0.0
61.2;161.7;0.0;0.0
280.4;184.7;28.0;0.0
201.9;200.7;150.0;0.0
87.9;205.7;0.0;0.0
95.8;831.7;87413.0;40.0
89.0;1140.7;2621.0;0.0
50.0;1140.7;5354.0;0.0
63.7;1140.7;4036.0;0.0
68.8;1140.7;4202.0;0.0
70.5;1140.7;3650.0;0.0
83.1;1140.7;4396.0;0.0
80.0;1140.7;4470.0;0.0
65.0;1140.7;4350.0;0.0
67.0;1140.7;3650.0;0.0
97.5;1140.7;3870.0;0.0
65.8;1140.7;3458.0;0.0
68.8;1140.7;3576.0;0.0
66.2;1140.7;4394.0;0.0
52.5;1140.7;4770.0;0.0
70.0;1140.7;4164.0;0.0
63.2;1140.7;4288.0;0.0
90.5;1140.7;5246.0;0.0
59.5;1140.7;4990.0;0.0
104.7;1138.9;4574.0;0.0
56.0;1138.9;4090.0;0.0
78.1;1138.9;4617.0;0.0
61.5;1138.9;3636.0;0.0
70.9;1138.9;4173.0;0.0
77.0;1138.9;4180.0;0.0
57.2;1138.9;3804.0;0.0
50.0;1138.9;5284.0;0.0
76.8;1138.9;4159.0;0.0
91.2;1138.9;4480.0;0.0
72.9;1138.9;3671.0;0.0
62.1;1138.9;4217.0;0.0
64.1;1138.9;4229.0;0.0
50.0;1138.9;3830.0;0.0
66.4;1138.9;4789.0;0.0
49.5;1138.9;4089.0;0.0
69.9;1138.9;5040.0;0.0
67.4;1138.9;4444.0;0.0
276.7;1122.7;4073.7;0.0
63.4;1120.9;5191.3;0.0
507.0;1111.9;6819.5;0.0
502.0;1426.9;357.0;3240.0
482.0;1426.9;8.0;2560.0
500.0;1123.9;3.0;360.0
518.0;433.9;0.0;0.0
0.0;164.9;0.0;0.0
0.0;164.9;0.0;0.0
0.0;164.9;0.0;0.0
0.0;164.9;0.0;0.0
0.0;164.9;0.0;0.0
0.0;164.9;0.0;0.0
0.0;164.9;0.0;0.0
0.0;164.9;0.0;0.0
0.0;164.9;0.0;0.0
0.0;164.9;0.0;0.0
0.0;164.9;0.0;0.0
0.0;164.9;0.0;0.0
0.0;164.9;0.0;0.0
0.0;164.9;0.0;0.0
0.0;164.9;0.0;0.0
0.0;164.9;0.0;0.0
0.0;164.9;0.0;0.0
0.0;164.9;0.0;0.0
0.0;164.9;0.0;0.0
0.0;164.9;0.0;0.0
0.0;164.9;0.0;0.0
0.0;164.9;0.0;0.0
0.0;164.9;0.0;0.0
0.0;164.9;0.0;0.0
0.0;164.9;0.0;0.0
0.0;164.9;0.0;0.0
0.0;164.9;0.0;0.0
0.0;164.9;0.0;0.0
0.0;164.9;0.0;0.0
0.0;164.9;0.0;0.0
0.0;164.9;0.0;0.0
0.0;164.9;0.0;0.0
0.0;164.9;0.0;0.0
0.0;164.9;0.0;0.0
0.0;164.9;0.0;0.0
0.0;164.9;0.0;0.0
0.0;164.9;0.0;0.0
0.0;164.9;0.0;0.0
0.0;164.9;0.0;0.0
0.0;164.9;0.0;0.0
0.0;164.9;0.0;0.0
