101.0;295.4;577.0;0.0
237.0;313.3;199.6;0.0
140.9;451.9;132.8;0.0
424.8;341.5;467.2;0.0
99.9;184.4;402.4;0.0
124.0;193.1;133.0;0.0
97.0;176.9;22.0;0.0
279.9;176.9;69.3;0.0
187.5;161.2;110.0;0.0
49.9;161.2;14.0;0.0
349.5;185.2;32.0;0.0
163.5;203.2;136.0;0.0
49.9;228.2;157.0;40.0
101.2;415.2;385.0;0.0
115.1;453.2;0.0;0.0
88.9;488.2;0.0;0.0
47.5;826.2;8719.0;0.0
100.5;826.2;14193.0;0.0
73.0;827.2;15345.0;0.0
68.1;827.2;19586.0;0.0
49.9;827.2;15793.0;0.0
50.6;831.2;13248.0;0.0
58.0;1144.2;845.0;0.0
84.5;1144.2;3990.0;0.0
58.0;1144.2;4528.0;0.0
101.0;1144.2;4854.0;0.0
100.8;1144.2;15522.0;0.0
50.0;1144.2;37302.0;0.0
67.8;1144.2;3316.0;0.0
54.9;1144.2;3926.0;0.0
94.4;1144.2;3675.0;0.0
78.9;1144.2;4059.0;0.0
50.0;1144.2;4164.0;0.0
57.8;1144.2;3992.0;0.0
65.3;1144.2;3586.0;0.0
61.9;1144.2;3933.0;0.0
63.9;1144.2;4297.0;0.0
81.7;1141.5;3587.0;0.0
84.4;1141.5;4009.0;0.0
49.4;1141.5;3696.0;0.0
52.8;1141.5;4292.0;0.0
69.4;1142.5;4726.0;0.0
49.9;1142.5;3866.0;0.0
62.5;1142.5;3770.0;0.0
51.4;1142.5;4514.0;0.0
70.5;1142.5;5880.0;0.0
79.6;1142.5;4354.0;0.0
50.0;1142.5;4752.0;0.0
54.4;1142.5;3972.0;0.0
61.5;1142.5;3708.0;0.0
74.0;1142.5;4330.0;0.0
113.9;1142.5;4239.0;0.0
85.0;1455.5;3716.0;0.0
81.8;1458.5;10.0;3240.0
70.0;1456.7;8.0;2560.0
325.9;1135.6;27.8;360.0
29.9;163.8;16.0;0.0
0.0;164.6;0.2;0.0
0.0;164.6;0.0;0.0
0.0;164.6;0.0;0.0
0.0;164.6;0.0;0.0
0.0;164.6;0.0;0.0
0.0;164.6;0.0;0.0
0.0;164.6;0.0;0.0
0.0;164.6;0.0;0.0
0.0;164.6;0.0;0.0
0.0;164.6;0.0;0.0
0.0;164.6;0.0;0.0
0.0;164.6;0.0;0.0
0.0;164.6;0.0;0.0
0.0;164.6;0.0;0.0
0.0;164.6;0.0;0.0
0.0;164.6;0.0;0.0
0.0;164.6;0.0;0.0
0.0;164.6;0.0;0.0
0.0;164.6;0.0;0.0
0.0;164.6;0.0;0.0
0.0;164.6;0.0;0.0
0.0;164.6;0.0;0.0
0.0;164.6;0.0;0.0
0.0;164.6;0.0;0.0
0.0;164.6;0.0;0.0
0.0;164.6;0.0;0.0
0.0;164.6;0.0;0.0
0.0;164.6;0.0;0.0
0.0;164.6;0.0;0.0
0.0;164.6;0.0;0.0
0.0;164.6;0.0;0.0
0.0;164.6;0.0;0.0
0.0;164.6;0.0;0.0
0.0;164.6;0.0;0.0
0.0;164.6;0.0;0.0
0.0;164.6;0.0;0.0
0.0;164.6;0.0;0.0
0.0;164.6;0.0;0.0
0.0;164.6;0.0;0.0
0.0;164.6;0.0;0.0
0.0;164.6;0.0;0.0
0.0;164.6;0.0;0.0
0.0;164.6;0.0;0.0
