108.7;99.0;72.2;0.0
49.9;184.3;277.4;0.0
155.0;187.3;210.3;0.0
57.9;267.7;196.1;0.0
85.0;178.3;203.2;0.0
252.9;189.4;136.0;0.0
80.1;160.0;22.0;0.0
212.9;178.0;105.6;0.0
179.0;161.4;74.8;0.0
107.0;161.4;0.0;0.0
135.0;161.4;0.0;0.0
49.5;161.4;0.0;0.0
48.6;161.4;0.0;0.0
49.8;161.4;7.0;0.0
261.9;183.4;39.0;0.0
184.6;201.4;136.0;0.0
103.9;219.4;93.0;40.0
101.0;412.4;446.0;0.0
66.7;435.4;0.0;0.0
50.4;465.4;0.0;0.0
75.6;512.4;0.0;0.0
83.7;823.4;12395.0;0.0
81.6;823.4;14820.0;0.0
55.4;826.4;14053.0;0.0
64.4;826.4;15069.0;0.0
100.0;826.4;13766.0;0.0
100.9;826.4;14152.0;0.0
68.0;832.4;2307.0;0.0
50.0;1144.4;2474.0;0.0
70.7;1144.4;3293.0;0.0
105.7;1144.4;3746.0;0.0
49.8;1144.4;3235.0;0.0
84.1;1144.4;3477.0;0.0
79.7;1144.4;3338.0;0.0
60.0;1142.6;3708.0;0.0
56.3;1142.6;3602.0;0.0
66.6;1142.6;3516.0;0.0
62.2;1142.6;3416.0;0.0
48.5;1142.6;3662.0;0.0
56.0;1142.6;3731.0;0.0
55.4;1142.6;3273.0;0.0
49.2;1142.6;3484.0;0.0
51.5;1142.6;4111.0;0.0
100.0;1142.6;3697.0;0.0
100.0;1142.6;3520.0;0.0
121.5;1142.6;3816.0;0.0
50.0;1142.6;3642.0;0.0
97.4;1142.6;3810.0;0.0
49.9;1142.6;3506.0;0.0
50.0;1142.6;3370.0;0.0
50.0;1142.6;3790.0;0.0
65.3;1142.6;3668.0;0.0
114.8;1130.9;3401.7;0.0
270.8;1124.6;3496.9;0.0
303.9;1115.6;3911.3;0.0
497.0;1115.6;3438.0;0.0
500.0;1115.6;3738.0;0.0
485.0;1115.6;4176.0;0.0
500.0;1115.6;3444.0;0.0
500.0;1115.6;3721.0;0.0
487.0;1115.6;3877.0;0.0
500.0;1115.6;4186.0;0.0
499.0;1115.6;3684.0;0.0
500.0;1115.6;3716.0;0.0
533.0;1115.6;3759.0;0.0
500.0;1115.6;3673.0;0.0
500.0;1115.6;3880.0;0.0
474.0;1115.6;3990.0;0.0
500.0;1115.6;3818.0;0.0
549.0;1115.6;3976.0;0.0
479.0;1115.6;3946.0;0.0
494.0;1115.6;4110.0;0.0
500.0;1115.6;3949.0;0.0
500.0;1376.6;3808.0;0.0
500.0;1430.6;26.0;2600.0
496.0;1430.6;8.0;2560.0
484.0;1430.6;2.0;640.0
538.0;1127.6;3.0;200.0
0.0;164.6;0.0;0.0
0.0;164.6;0.0;0.0
0.0;164.6;0.0;0.0
0.0;164.6;0.0;0.0
0.0;164.6;0.0;0.0
0.0;164.6;0.0;0.0
0.0;164.6;0.0;0.0
0.0;164.6;0.0;0.0
0.0;164.6;0.0;0.0
0.0;164.6;0.0;0.0
0.0;164.6;0.0;0.0
0.0;164.6;0.0;0.0
0.0;164.6;0.0;0.0
0.0;164.6;0.0;0.0
0.0;164.6;0.0;0.0
0.0;164.6;0.0;0.0
0.0;164.6;0.0;0.0
0.0;164.6;0.0;0.0
0.0;164.6;0.0;0.0
0.0;164.6;0.0;0.0
0.0;164.6;0.0;0.0
0.0;164.6;0.0;0.0
