91.0;160.4;284.5;0.0
100.6;179.0;281.7;0.0
229.0;244.8;269.7;0.0
234.9;327.4;142.1;0.0
92.9;157.9;444.4;0.0
58.0;176.6;20.0;0.0
400.5;160.3;22.0;0.0
243.1;160.3;135.3;0.0
434.5;161.9;39.6;0.0
548.9;161.9;0.0;0.0
550.0;161.9;0.0;0.0
570.9;161.9;0.0;0.0
550.0;161.9;0.0;0.0
537.9;161.9;0.0;0.0
559.9;161.9;0.0;0.0
547.8;161.9;0.0;0.0
539.0;161.9;0.0;0.0
548.9;161.9;0.0;0.0
534.6;161.9;0.0;0.0
603.9;161.9;0.0;0.0
550.0;161.9;0.0;0.0
550.0;161.9;0.0;0.0
548.9;161.9;0.0;0.0
547.8;161.9;0.0;0.0
576.4;161.9;0.0;0.0
548.9;161.9;0.0;0.0
519.2;161.9;0.0;0.0
547.8;161.9;0.0;0.0
580.8;161.9;0.0;0.0
534.6;161.9;0.0;0.0
546.7;161.9;0.0;0.0
545.6;161.9;0.0;0.0
550.0;161.9;0.0;0.0
547.8;161.9;0.0;0.0
595.1;179.1;0.0;0.0
550.0;179.1;0.0;0.0
543.4;179.1;0.0;0.0
517.0;179.1;0.0;0.0
550.0;179.1;0.0;0.0
578.6;179.1;0.0;0.0
537.9;179.1;0.0;0.0
548.9;179.1;0.0;0.0
578.6;179.1;0.0;0.0
548.9;179.1;0.0;0.0
544.5;179.1;0.0;0.0
550.0;179.1;0.0;0.0
544.5;179.1;0.0;0.0
541.2;179.1;0.0;0.0
542.3;179.1;0.0;0.0
566.5;179.1;0.0;0.0
540.1;179.1;0.0;0.0
548.9;179.1;0.0;0.0
600.6;197.8;29.7;0.0
878.9;202.2;20.9;0.0
110.0;213.2;155.1;0.0
0.0;213.2;22.0;0.0
249.0;201.2;134.0;0.0
500.0;201.2;0.0;0.0
476.0;201.2;0.0;0.0
500.0;201.2;0.0;0.0
493.0;201.2;0.0;0.0
514.0;201.2;0.0;0.0
520.0;201.2;0.0;0.0
472.0;201.2;0.0;0.0
500.0;201.2;0.0;0.0
515.0;198.2;0.0;0.0
500.0;198.2;0.0;0.0
509.0;198.2;0.0;0.0
470.0;198.2;0.0;0.0
541.0;198.2;0.0;0.0
494.0;198.2;0.0;0.0
500.0;198.2;0.0;0.0
495.0;198.2;0.0;0.0
488.0;198.2;0.0;0.0
544.0;198.2;0.0;0.0
494.0;198.2;0.0;0.0
500.0;198.2;0.0;0.0
476.0;198.2;0.0;0.0
500.0;198.2;0.0;0.0
500.0;198.2;0.0;0.0
500.0;198.2;0.0;0.0
522.0;198.2;0.0;0.0
500.0;198.2;0.0;0.0
482.0;198.2;0.0;0.0
495.0;198.2;0.0;0.0
500.0;198.2;0.0;0.0
544.0;198.2;0.0;0.0
450.0;198.2;0.0;0.0
544.0;198.2;0.0;0.0
494.0;198.2;0.0;0.0
496.0;198.2;0.0;0.0
480.0;198.2;0.0;0.0
528.0;198.2;0.0;0.0
500.0;198.2;0.0;0.0
497.0;198.2;0.0;0.0
500.0;198.2;0.0;0.0
491.0;198.2;0.0;0.0
584.0;182.2;27.0;0.0
649.0;165.2;0.0;0.0
0.0;165.2;0.0;0.0
