105.8;196.7;297.9;0.0
57.2;200.8;304.0;0.0
163.0;241.6;419.2;0.0
182.9;327.2;155.4;0.0
57.6;158.6;389.0;0.0
50.0;160.1;25.3;0.0
566.0;160.1;122.2;0.0
273.9;161.5;141.0;0.0
312.9;161.5;1.0;0.0
49.0;161.5;0.0;0.0
70.0;161.5;0.0;0.0
59.6;161.5;0.0;0.0
52.9;161.5;0.0;0.0
50.0;161.5;0.0;0.0
95.0;161.5;0.0;0.0
105.0;161.5;0.0;0.0
66.0;161.5;0.0;0.0
49.1;161.5;0.0;0.0
57.0;161.7;0.0;0.0
67.0;161.7;0.0;0.0
49.5;161.7;0.0;0.0
59.6;161.7;0.0;0.0
92.7;161.7;0.0;0.0
103.9;161.7;0.0;0.0
49.9;161.7;0.0;0.0
62.1;161.7;0.0;0.0
72.0;161.7;0.0;0.0
49.5;161.7;0.0;0.0
76.0;161.7;0.0;0.0
49.5;161.7;0.0;0.0
49.9;161.7;0.0;0.0
49.9;161.7;0.0;0.0
72.9;161.7;0.0;0.0
67.2;161.7;0.0;0.0
49.9;161.7;0.0;0.0
65.2;161.7;0.0;0.0
49.9;161.7;0.0;0.0
49.5;161.7;0.0;0.0
49.8;161.7;0.0;0.0
50.0;161.7;0.0;0.0
70.0;161.7;0.0;0.0
50.0;161.7;0.0;0.0
80.0;161.7;0.0;0.0
49.9;161.7;0.0;0.0
77.5;161.7;0.0;0.0
63.1;161.7;0.0;0.0
78.8;161.7;0.0;0.0
49.9;161.7;0.0;0.0
49.9;161.7;0.0;0.0
239.1;185.7;46.0;0.0
50.5;203.7;126.0;0.0
151.1;202.5;101.7;40.0
152.1;395.7;412.0;0.0
491.0;423.7;0.0;0.0
485.0;456.7;0.0;0.0
465.0;804.7;15771.0;0.0
509.0;1122.7;77080.0;0.0
500.0;1122.7;36240.0;0.0
500.0;1122.7;37552.0;0.0
496.0;1122.7;37696.0;0.0
503.0;1123.7;40100.0;0.0
502.0;1435.7;11331.0;0.0
504.0;1438.7;10.0;3240.0
463.0;1135.7;11.0;2880.0
575.0;445.7;0.0;0.0
0.0;163.7;0.0;0.0
0.0;163.7;0.0;0.0
0.0;163.7;0.0;0.0
0.0;163.7;0.0;0.0
0.0;163.7;0.0;0.0
0.0;163.7;0.0;0.0
0.0;163.7;0.0;0.0
0.0;163.7;0.0;0.0
0.0;163.7;0.0;0.0
0.0;163.7;0.0;0.0
0.0;163.7;0.0;0.0
0.0;163.7;0.0;0.0
0.0;163.7;0.0;0.0
0.0;163.7;0.0;0.0
0.0;163.7;0.0;0.0
0.0;163.7;0.0;0.0
0.0;163.7;0.0;0.0
0.0;163.7;0.0;0.0
0.0;163.7;0.0;0.0
0.0;163.7;0.0;0.0
0.0;163.7;0.0;0.0
0.0;163.7;0.0;0.0
0.0;163.7;0.0;0.0
0.0;163.7;0.0;0.0
0.0;163.7;0.0;0.0
0.0;163.7;0.0;0.0
0.0;163.7;0.0;0.0
0.0;163.7;0.0;0.0
0.0;163.7;0.0;0.0
0.0;163.7;0.0;0.0
0.0;163.7;0.0;0.0
0.0;163.7;0.0;0.0
0.0;163.7;0.0;0.0
0.0;163.7;0.0;0.0
0.0;163.7;0.0;0.0
