98.9;332.7;302.0;0.0
95.0;239.9;333.6;0.0
399.9;406.1;236.1;0.0
326.2;358.4;394.6;0.0
141.0;267.6;243.1;0.0
70.0;177.5;235.2;0.0
317.5;177.5;96.0;0.0
258.3;160.3;43.3;0.0
408.9;161.3;169.4;0.0
49.5;161.6;0.0;0.0
57.4;161.6;0.0;0.0
88.0;161.6;0.0;0.0
49.8;161.6;0.0;0.0
122.0;161.6;0.0;0.0
59.8;161.6;0.0;0.0
55.2;161.6;0.0;0.0
87.3;161.6;0.0;0.0
106.2;161.6;0.0;0.0
58.9;161.6;0.0;0.0
72.0;161.6;0.0;0.0
63.1;161.6;0.0;0.0
100.2;161.6;0.0;0.0
70.9;161.6;0.0;0.0
77.9;161.6;0.0;0.0
55.4;161.6;0.0;0.0
49.9;161.6;0.0;0.0
64.9;161.6;0.0;0.0
98.0;161.6;0.0;0.0
55.0;161.6;0.0;0.0
74.0;161.6;0.0;0.0
49.9;161.6;0.0;0.0
55.4;161.6;0.0;0.0
77.6;161.6;0.0;0.0
50.0;161.6;0.0;0.0
49.9;161.6;0.0;0.0
115.5;161.6;0.0;0.0
131.9;161.9;0.0;0.0
104.5;161.9;0.0;0.0
59.0;161.9;0.0;0.0
49.9;161.9;0.0;0.0
49.5;161.9;0.0;0.0
81.0;161.9;0.0;0.0
95.9;161.9;0.0;0.0
83.4;161.9;0.0;0.0
63.1;161.9;0.0;0.0
55.0;161.9;0.0;0.0
86.0;161.9;0.0;0.0
313.9;185.9;28.0;0.0
305.9;187.9;158.0;0.0
91.0;202.9;1.0;0.0
85.9;414.9;547.0;40.0
96.1;826.9;44888.0;0.0
50.3;1142.9;63813.0;0.0
67.2;1142.9;37246.0;0.0
297.5;1124.9;37461.7;0.0
135.0;1123.2;38630.0;0.0
505.0;1429.9;34027.5;0.0
493.0;1431.9;8.0;2600.0
496.0;1431.9;8.0;2560.0
485.0;1431.9;2.0;640.0
486.0;518.9;3.0;160.0
0.0;164.9;0.0;0.0
0.0;164.9;0.0;0.0
0.0;164.9;0.0;0.0
0.0;164.9;0.0;0.0
0.0;164.9;0.0;0.0
0.0;164.9;0.0;0.0
0.0;164.9;0.0;0.0
0.0;164.9;0.0;0.0
0.0;164.9;0.0;0.0
0.0;164.9;0.0;0.0
0.0;164.9;0.0;0.0
0.0;164.9;0.0;0.0
0.0;164.9;0.0;0.0
0.0;164.9;0.0;0.0
0.0;164.9;0.0;0.0
0.0;164.9;0.0;0.0
0.0;164.9;0.0;0.0
0.0;164.9;0.0;0.0
0.0;164.9;0.0;0.0
0.0;164.9;0.0;0.0
0.0;164.9;0.0;0.0
0.0;164.9;0.0;0.0
0.0;164.9;0.0;0.0
0.0;164.9;0.0;0.0
0.0;164.9;0.0;0.0
0.0;164.9;0.0;0.0
0.0;164.9;0.0;0.0
0.0;164.9;0.0;0.0
0.0;164.9;0.0;0.0
0.0;164.9;0.0;0.0
0.0;164.9;0.0;0.0
0.0;164.9;0.0;0.0
0.0;164.9;0.0;0.0
0.0;164.9;0.0;0.0
0.0;164.9;0.0;0.0
0.0;164.9;0.0;0.0
0.0;164.9;0.0;0.0
0.0;164.9;0.0;0.0
0.0;164.9;0.0;0.0
