107.9;168.2;350.2;0.0
140.9;269.7;119.6;0.0
201.9;202.5;340.9;0.0
60.9;323.6;332.6;0.0
95.0;185.5;385.9;0.0
351.0;193.2;127.0;0.0
135.8;177.0;22.0;0.0
214.6;177.0;59.4;0.0
229.9;161.4;114.4;0.0
98.6;161.4;0.0;0.0
59.0;161.4;0.0;0.0
60.5;161.4;0.0;0.0
50.0;161.4;0.0;0.0
65.0;161.4;0.0;0.0
49.9;161.4;0.0;0.0
49.2;161.4;0.0;0.0
64.0;161.4;0.0;0.0
84.4;161.4;0.0;0.0
82.0;161.4;0.0;0.0
50.0;161.4;0.0;0.0
68.0;161.4;0.0;0.0
48.8;161.4;0.0;0.0
69.9;161.4;0.0;0.0
50.0;161.4;0.0;0.0
50.0;161.4;0.0;0.0
77.5;161.4;0.0;0.0
49.5;161.4;0.0;0.0
62.8;161.4;0.0;0.0
49.4;161.4;0.0;0.0
59.9;161.4;0.0;0.0
65.9;161.4;0.0;0.0
66.2;161.4;0.0;0.0
62.8;161.4;0.0;0.0
50.0;161.4;0.0;0.0
92.0;161.6;0.0;0.0
55.0;161.6;0.0;0.0
57.9;161.6;0.0;0.0
50.0;161.6;0.0;0.0
49.3;161.6;0.0;0.0
93.8;161.6;0.0;0.0
79.8;161.6;0.0;0.0
79.9;161.6;0.0;0.0
59.9;161.6;0.0;0.0
92.9;161.6;0.0;0.0
56.8;161.6;0.0;0.0
49.5;161.6;0.0;0.0
256.8;185.6;28.0;0.0
200.0;188.6;155.0;0.0
69.8;203.6;1.0;0.0
99.5;296.6;156.0;40.0
61.0;419.6;375.0;0.0
157.0;460.6;0.0;0.0
188.9;484.3;8.8;0.0
267.0;803.6;14156.9;0.0
361.0;1113.6;80636.1;0.0
490.0;1113.6;3448.0;0.0
528.0;1113.6;3794.0;0.0
516.0;1113.6;3590.0;0.0
495.0;1113.6;3398.0;0.0
472.0;1113.6;3766.0;0.0
500.0;1113.6;3338.0;0.0
532.0;1113.6;3562.0;0.0
499.0;1113.6;3522.0;0.0
465.0;1113.6;3800.0;0.0
499.0;1113.6;3276.0;0.0
525.0;1113.6;3646.0;0.0
500.0;1113.6;3728.0;0.0
508.0;1113.6;3936.0;0.0
500.0;1113.6;3643.0;0.0
498.0;1113.6;3491.0;0.0
522.0;1113.6;4240.0;0.0
500.0;1113.6;3578.0;0.0
500.0;1113.6;3623.0;0.0
451.0;1113.6;3583.0;0.0
523.0;1113.6;3963.0;0.0
520.0;1113.6;3835.0;0.0
494.0;1113.6;3430.0;0.0
477.0;1113.6;3684.0;0.0
500.0;1113.6;3486.0;0.0
498.0;1113.6;3524.0;0.0
519.0;1113.6;4352.0;0.0
500.0;1113.6;3526.0;0.0
506.0;1113.6;3944.0;0.0
500.0;1113.6;3614.0;0.0
480.0;1113.6;4432.0;0.0
517.0;1114.6;3912.0;0.0
515.0;1114.6;3926.0;0.0
462.0;1114.6;4050.0;0.0
524.0;1114.6;4010.0;0.0
532.0;1114.6;3838.0;0.0
460.0;1114.6;4276.0;0.0
511.0;1114.6;4042.0;0.0
500.0;1114.6;3870.0;0.0
491.0;1114.6;3894.0;0.0
498.0;1114.6;4128.0;0.0
550.0;1114.6;4122.0;0.0
500.0;1114.6;3846.0;0.0
445.0;1429.6;2157.0;680.0
500.0;1429.6;10.0;3200.0
532.0;1429.6;6.0;1920.0
