98.9;143.0;337.3;0.0
50.0;201.2;308.9;0.0
270.8;244.3;277.7;0.0
176.9;331.3;142.1;0.0
49.9;158.0;444.4;0.0
122.0;177.6;22.0;0.0
349.9;177.6;144.0;0.0
222.5;178.3;4.0;0.0
368.6;178.3;0.0;0.0
494.0;178.3;0.0;0.0
520.0;178.3;0.0;0.0
499.0;178.3;0.0;0.0
510.0;178.3;0.0;0.0
489.0;178.3;0.0;0.0
491.0;178.3;0.0;0.0
500.0;178.3;0.0;0.0
500.0;178.3;0.0;0.0
500.0;178.3;0.0;0.0
500.0;178.3;0.0;0.0
537.0;178.3;0.0;0.0
500.0;178.3;0.0;0.0
480.0;178.3;0.0;0.0
500.0;178.3;0.0;0.0
500.0;178.3;0.0;0.0
537.0;178.3;0.0;0.0
494.0;178.3;0.0;0.0
500.0;178.3;0.0;0.0
500.0;180.3;0.0;0.0
500.0;180.3;0.0;0.0
488.0;180.3;0.0;0.0
489.0;180.3;0.0;0.0
500.0;180.3;0.0;0.0
498.0;180.3;0.0;0.0
500.0;180.3;0.0;0.0
500.0;180.3;0.0;0.0
500.0;180.3;0.0;0.0
500.0;180.3;0.0;0.0
500.0;180.3;0.0;0.0
500.0;180.3;0.0;0.0
531.0;180.3;0.0;0.0
500.0;180.3;0.0;0.0
500.0;180.3;0.0;0.0
495.0;180.3;0.0;0.0
504.0;180.3;0.0;0.0
500.0;180.3;0.0;0.0
492.0;180.3;0.0;0.0
494.0;180.3;0.0;0.0
502.0;180.3;0.0;0.0
749.0;201.3;28.0;0.0
388.0;214.3;148.0;0.0
487.0;222.3;0.0;0.0
449.0;429.3;532.0;40.0
500.0;448.3;0.0;0.0
489.0;481.3;0.0;0.0
546.0;528.3;0.0;0.0
480.0;838.3;12600.0;0.0
480.0;840.3;14490.0;0.0
500.0;842.3;13874.2;0.0
582.0;842.3;14336.2;0.0
185.9;830.6;14045.1;0.0
69.0;830.6;14612.0;0.0
61.0;835.6;2449.0;0.0
50.0;1142.6;2361.0;0.0
50.0;1142.6;3406.0;0.0
50.0;1142.6;3612.0;0.0
112.1;1142.6;3696.0;0.0
93.1;1142.6;3452.0;0.0
54.9;1142.6;3348.0;0.0
80.0;1142.6;3660.0;0.0
85.2;1140.8;3536.0;0.0
72.5;1140.8;3474.0;0.0
49.9;1140.8;3414.0;0.0
64.0;1140.8;3658.0;0.0
55.0;1140.8;3502.0;0.0
59.0;1140.8;3310.0;0.0
95.1;1140.8;3506.0;0.0
55.4;1140.8;3820.0;0.0
49.9;1140.8;3154.0;0.0
49.6;1140.8;3546.0;0.0
49.9;1144.8;3540.0;0.0
80.4;1144.8;3877.0;0.0
105.0;1144.8;3669.0;0.0
49.2;1144.8;3610.0;0.0
49.5;1144.8;3308.0;0.0
80.9;1144.8;3932.0;0.0
67.0;1144.8;3868.0;0.0
67.6;1144.8;3468.0;0.0
74.0;1144.8;3802.0;0.0
89.7;1144.8;3478.0;0.0
78.9;1144.8;3800.0;0.0
50.0;1144.8;3798.0;0.0
55.4;1144.8;3448.0;0.0
57.7;1144.8;3762.0;0.0
50.0;1144.8;3648.0;0.0
51.1;1144.8;4038.0;0.0
80.0;1144.8;4012.0;0.0
70.5;1144.8;4000.0;0.0
53.3;1145.8;3770.0;0.0
50.0;1145.8;3744.0;0.0
57.2;1145.8;3794.0;0.0
