101.0;298.5;306.8;0.0
115.7;221.9;343.4;0.0
406.1;316.5;413.3;0.0
361.2;327.8;188.9;0.0
78.5;158.7;446.6;0.0
54.9;160.4;4.2;0.0
119.9;160.4;76.0;0.0
349.0;160.4;64.0;0.0
455.0;160.4;132.0;0.0
185.0;161.6;16.5;0.0
62.0;161.6;0.0;0.0
73.1;161.6;0.0;0.0
74.5;161.6;0.0;0.0
129.0;161.6;0.0;0.0
50.0;161.6;0.0;0.0
112.0;161.6;0.0;0.0
50.0;161.6;0.0;0.0
52.1;161.6;0.0;0.0
68.5;161.6;0.0;0.0
50.0;161.6;0.0;0.0
49.6;161.6;0.0;0.0
77.9;161.6;0.0;0.0
92.8;161.6;0.0;0.0
72.0;161.6;0.0;0.0
88.8;161.6;0.0;0.0
86.1;161.6;0.0;0.0
49.7;161.6;0.0;0.0
66.0;161.6;0.0;0.0
76.0;161.6;0.0;0.0
68.1;161.6;0.0;0.0
50.0;161.6;0.0;0.0
99.9;161.8;0.0;0.0
143.0;161.8;0.0;0.0
86.6;161.8;0.0;0.0
80.9;161.8;0.0;0.0
89.0;161.8;0.0;0.0
70.6;161.8;0.0;0.0
77.0;161.8;0.0;0.0
50.0;161.8;0.0;0.0
66.6;161.8;0.0;0.0
81.8;161.8;0.0;0.0
65.0;161.8;0.0;0.0
63.0;161.8;0.0;0.0
59.9;161.8;0.0;0.0
49.6;161.8;0.0;0.0
89.8;161.8;0.0;0.0
50.0;161.8;0.0;0.0
87.0;161.8;0.0;0.0
303.5;183.8;74.0;0.0
65.0;204.8;110.0;40.0
101.0;409.8;527.0;0.0
77.8;821.8;52854.0;0.0
49.9;1138.8;57151.0;0.0
72.5;1138.8;36842.0;0.0
258.3;1123.5;36939.7;0.0
105.0;1121.7;37972.8;0.0
460.0;1425.7;33871.6;0.0
405.0;1427.7;10.0;3240.0
488.0;1124.7;11.0;2920.0
578.0;442.7;0.0;0.0
0.0;164.7;0.0;0.0
0.0;164.7;0.0;0.0
0.0;164.7;0.0;0.0
0.0;164.7;0.0;0.0
0.0;164.7;0.0;0.0
0.0;164.7;0.0;0.0
0.0;164.7;0.0;0.0
0.0;164.7;0.0;0.0
0.0;164.7;0.0;0.0
0.0;164.7;0.0;0.0
0.0;164.7;0.0;0.0
0.0;164.7;0.0;0.0
0.0;164.7;0.0;0.0
0.0;164.7;0.0;0.0
0.0;164.7;0.0;0.0
0.0;164.7;0.0;0.0
0.0;164.7;0.0;0.0
0.0;164.7;0.0;0.0
0.0;164.7;0.0;0.0
0.0;164.7;0.0;0.0
0.0;164.7;0.0;0.0
0.0;164.7;0.0;0.0
0.0;164.7;0.0;0.0
0.0;164.7;0.0;0.0
0.0;164.7;0.0;0.0
0.0;164.7;0.0;0.0
0.0;164.7;0.0;0.0
0.0;164.7;0.0;0.0
0.0;164.7;0.0;0.0
0.0;164.7;0.0;0.0
0.0;164.7;0.0;0.0
0.0;164.7;0.0;0.0
0.0;164.7;0.0;0.0
0.0;164.7;0.0;0.0
0.0;164.7;0.0;0.0
0.0;164.7;0.0;0.0
0.0;164.7;0.0;0.0
0.0;164.7;0.0;0.0
0.0;164.7;0.0;0.0
0.0;164.7;0.0;0.0
