90.1;244.5;396.6;0.0
50.0;131.9;739.2;0.0
202.5;139.6;55.2;0.0
64.3;158.9;40.4;0.0
88.0;178.3;25.3;0.0
156.0;161.8;156.0;0.0
400.9;161.8;0.0;0.0
550.0;180.1;0.0;0.0
548.9;180.1;0.0;0.0
552.2;182.3;9.9;0.0
740.3;197.7;20.9;0.0
55.0;208.7;177.1;0.0
0.0;208.7;0.0;0.0
0.0;208.7;0.0;0.0
0.0;208.7;0.0;0.0
0.0;208.7;0.0;0.0
0.0;208.7;0.0;0.0
0.0;208.7;0.0;0.0
0.0;208.7;0.0;0.0
0.0;208.7;0.0;0.0
0.0;208.7;0.0;0.0
0.0;208.7;0.0;0.0
0.0;208.7;0.0;0.0
0.0;208.7;0.0;0.0
0.0;208.7;0.0;0.0
0.0;208.7;0.0;0.0
0.0;208.7;0.0;0.0
0.0;208.7;0.0;0.0
0.0;208.7;0.0;0.0
0.0;208.7;0.0;0.0
0.0;208.7;0.0;0.0
0.0;208.7;0.0;0.0
0.0;208.7;0.0;0.0
0.0;208.7;0.0;0.0
0.0;208.7;0.0;0.0
0.0;208.7;0.0;0.0
0.0;208.7;0.0;0.0
0.0;208.7;0.0;0.0
0.0;208.7;0.0;0.0
0.0;208.7;0.0;0.0
0.0;208.7;0.0;0.0
0.0;208.7;0.0;0.0
0.0;208.7;0.0;0.0
50.0;208.7;3.0;0.0
50.0;197.7;157.0;0.0
493.0;194.7;0.0;0.0
500.0;194.7;0.0;0.0
500.0;194.7;0.0;0.0
484.0;194.7;0.0;0.0
496.0;194.7;0.0;0.0
500.0;194.7;0.0;0.0
500.0;194.7;0.0;0.0
500.0;194.7;0.0;0.0
500.0;194.7;0.0;0.0
535.0;194.7;0.0;0.0
495.0;194.7;0.0;0.0
500.0;194.7;0.0;0.0
500.0;194.7;0.0;0.0
492.0;194.7;0.0;0.0
489.0;194.7;0.0;0.0
496.0;194.7;0.0;0.0
515.0;194.7;0.0;0.0
500.0;194.7;0.0;0.0
487.0;194.7;0.0;0.0
500.0;194.7;0.0;0.0
530.0;194.7;0.0;0.0
497.0;194.7;0.0;0.0
490.0;194.7;0.0;0.0
500.0;194.7;0.0;0.0
508.0;194.7;0.0;0.0
492.0;191.7;0.0;0.0
500.0;191.7;0.0;0.0
496.0;191.7;0.0;0.0
483.0;191.7;0.0;0.0
500.0;191.7;0.0;0.0
550.0;191.7;0.0;0.0
475.0;191.7;0.0;0.0
492.0;191.7;0.0;0.0
499.0;191.7;0.0;0.0
500.0;191.7;0.0;0.0
548.0;191.7;0.0;0.0
500.0;191.7;0.0;0.0
500.0;191.7;0.0;0.0
492.0;191.7;0.0;0.0
495.0;191.7;0.0;0.0
496.0;191.7;0.0;0.0
529.0;164.7;27.0;0.0
694.0;164.7;93.0;0.0
445.0;164.7;65.0;0.0
491.0;247.7;145.0;40.0
461.0;391.7;385.0;0.0
485.0;440.7;0.0;0.0
486.0;794.7;4033.0;0.0
489.0;797.7;14870.0;0.0
529.0;798.7;17790.0;0.0
525.0;798.7;19500.0;0.0
450.0;798.7;21027.0;0.0
506.0;1115.7;38996.0;0.0
499.0;1115.7;36947.0;0.0
505.0;1115.7;37164.0;0.0
