101.0;290.9;329.0;0.0
95.0;239.8;368.8;0.0
446.9;385.3;289.5;0.0
482.8;447.2;69.2;0.0
140.9;376.4;294.8;0.0
54.9;268.2;300.1;0.0
274.0;176.4;156.2;0.0
521.4;176.4;0.0;0.0
651.2;160.1;19.2;0.0
249.0;160.1;23.2;0.0
255.1;161.4;86.9;0.0
65.0;161.4;0.0;0.0
49.9;161.4;0.0;0.0
88.8;161.4;0.0;0.0
50.0;161.4;0.0;0.0
84.1;161.4;0.0;0.0
62.0;161.4;0.0;0.0
74.3;161.4;0.0;0.0
50.0;161.4;0.0;0.0
84.6;161.4;0.0;0.0
99.9;161.4;0.0;0.0
98.9;161.4;0.0;0.0
72.9;161.4;0.0;0.0
50.0;161.4;0.0;0.0
50.0;161.4;0.0;0.0
49.6;161.4;0.0;0.0
79.7;161.4;0.0;0.0
48.8;161.4;0.0;0.0
60.8;161.4;0.0;0.0
60.9;161.4;0.0;0.0
59.6;161.4;0.0;0.0
57.9;161.4;0.0;0.0
58.9;161.4;0.0;0.0
73.9;161.4;0.0;0.0
78.2;161.4;0.0;0.0
70.3;161.4;0.0;0.0
67.0;161.4;0.0;0.0
49.9;161.4;0.0;0.0
65.0;161.6;0.0;0.0
49.9;161.6;0.0;0.0
56.0;161.6;0.0;0.0
79.9;161.6;0.0;0.0
76.6;161.6;0.0;0.0
62.8;161.6;0.0;0.0
69.0;161.6;0.0;0.0
78.1;161.6;0.0;0.0
49.5;161.6;0.0;0.0
49.4;161.6;0.0;0.0
59.0;161.6;0.0;0.0
93.0;161.6;0.0;0.0
66.4;161.6;27.0;0.0
242.6;182.6;20.0;0.0
158.7;200.6;134.0;0.0
120.6;242.6;147.0;40.0
50.0;413.6;385.0;0.0
61.0;443.6;0.0;0.0
137.4;473.6;0.0;0.0
68.2;804.1;1533.7;0.0
283.9;802.6;14421.1;0.0
406.0;796.6;14133.4;0.0
548.0;796.6;14296.0;0.0
449.0;796.6;14185.0;0.0
500.0;796.6;14067.0;0.0
505.0;796.6;14212.0;0.0
496.0;1015.6;0.0;0.0
500.0;1112.6;3225.0;0.0
523.0;1112.6;3652.0;0.0
499.0;1112.6;3710.0;0.0
500.0;1112.6;2934.0;0.0
510.0;1112.6;4508.0;0.0
499.0;1112.6;3374.0;0.0
490.0;1112.6;3640.0;0.0
484.0;1112.6;3824.0;0.0
497.0;1112.6;3306.0;0.0
492.0;1112.6;3558.0;0.0
498.0;1112.6;3676.0;0.0
541.0;1112.6;3642.0;0.0
466.0;1112.6;3922.0;0.0
500.0;1112.6;3542.0;0.0
500.0;1112.6;3839.0;0.0
522.0;1112.6;3907.0;0.0
496.0;1112.6;3586.0;0.0
501.0;1112.6;4194.0;0.0
492.0;1112.6;3682.0;0.0
511.0;1112.6;3870.0;0.0
498.0;1112.6;3362.0;0.0
505.0;1112.6;4454.0;0.0
500.0;1112.6;3774.0;0.0
449.0;1112.6;3442.0;0.0
500.0;1112.6;3664.0;0.0
500.0;1112.6;3504.0;0.0
543.0;1112.6;3673.0;0.0
495.0;1112.6;3717.0;0.0
531.0;1112.6;3816.0;0.0
499.0;1112.6;3774.0;0.0
444.0;1112.6;4126.0;0.0
532.0;1113.6;3728.0;0.0
500.0;1113.6;3942.0;0.0
484.0;1113.6;4312.0;0.0
500.0;1113.6;3842.0;0.0
