499.0;160.2;0.0;0.0
501.0;160.2;0.0;0.0
500.0;160.2;0.0;0.0
0.0;179.2;1.0;0.0
2244.0;196.2;45.0;0.0
370.0;213.2;136.0;0.0
494.0;227.2;148.0;40.0
496.0;421.2;391.0;0.0
486.0;460.2;0.0;0.0
482.0;493.2;0.0;0.0
499.0;832.2;3771.0;0.0
491.0;832.2;14616.0;0.0
500.0;834.2;14256.0;0.0
544.0;834.2;14449.0;0.0
476.0;834.2;15008.0;0.0
500.0;834.2;14341.0;0.0
515.0;837.2;10269.0;0.0
500.0;1151.2;517.0;0.0
499.0;1151.2;3433.0;0.0
486.0;1151.2;3597.0;0.0
500.0;1151.2;3584.0;0.0
493.0;1151.2;3350.0;0.0
498.0;1151.2;3404.0;0.0
500.0;1151.2;3487.0;0.0
500.0;1151.2;3357.0;0.0
504.0;1151.2;4004.0;0.0
500.0;1151.2;3344.0;0.0
526.0;1151.2;3712.0;0.0
498.0;1151.2;3632.0;0.0
499.0;1151.2;3426.0;0.0
500.0;1151.2;3497.0;0.0
492.0;1151.2;3433.0;0.0
484.0;1151.2;4323.0;0.0
522.0;1151.2;3903.0;0.0
500.0;1151.2;3430.0;0.0
489.0;1151.2;3828.0;0.0
540.0;1151.2;3661.0;0.0
498.0;1151.2;3498.0;0.0
496.0;1151.2;3362.0;0.0
500.0;1151.2;3557.0;0.0
487.0;1151.2;4186.0;0.0
499.0;1151.2;3566.0;0.0
500.0;1151.2;3443.0;0.0
500.0;1151.2;3508.0;0.0
500.0;1151.2;3457.0;0.0
500.0;1151.2;3673.0;0.0
527.0;1151.2;3731.9;0.0
233.6;1139.5;3635.9;0.0
68.0;1139.5;4171.0;0.0
54.4;1139.5;3764.0;0.0
92.9;1139.5;3907.0;0.0
58.5;1138.7;3777.0;0.0
67.6;1138.7;3729.0;0.0
50.0;1138.7;3785.0;0.0
515.0;1133.3;4073.1;0.0
1166.3;1121.6;4340.7;0.0
320.9;1118.9;3684.8;0.0
444.0;1112.6;3963.9;0.0
541.0;1112.6;3948.0;0.0
500.0;1112.6;3658.0;0.0
484.0;1112.6;4274.0;0.0
492.0;1112.6;4050.0;0.0
499.0;1112.6;4122.0;0.0
498.0;1426.6;977.0;1320.0
500.0;1426.6;10.0;3200.0
500.0;1426.6;4.0;1280.0
538.0;1123.6;3.0;240.0
0.0;164.6;0.0;0.0
0.0;164.6;0.0;0.0
0.0;164.6;0.0;0.0
0.0;164.6;0.0;0.0
0.0;164.6;0.0;0.0
0.0;164.6;0.0;0.0
0.0;164.6;0.0;0.0
0.0;164.6;0.0;0.0
0.0;164.6;0.0;0.0
0.0;164.6;0.0;0.0
0.0;164.6;0.0;0.0
0.0;164.6;0.0;0.0
0.0;164.6;0.0;0.0
0.0;164.6;0.0;0.0
0.0;164.6;0.0;0.0
0.0;164.6;0.0;0.0
0.0;164.6;0.0;0.0
0.0;164.6;0.0;0.0
0.0;164.6;0.0;0.0
0.0;164.6;0.0;0.0
0.0;164.6;0.0;0.0
0.0;164.6;0.0;0.0
0.0;164.6;0.0;0.0
0.0;164.6;0.0;0.0
0.0;164.6;0.0;0.0
0.0;164.6;0.0;0.0
0.0;164.6;0.0;0.0
0.0;164.6;0.0;0.0
0.0;164.6;0.0;0.0
0.0;164.6;0.0;0.0
0.0;164.6;0.0;0.0
0.0;164.6;0.0;0.0
0.0;164.6;0.0;0.0
