63.6;280.3;1021.6;0.0
307.8;463.4;107.2;0.0
258.0;471.4;545.4;0.0
198.9;354.0;273.3;0.0
499.0;178.0;302.9;0.0
240.7;186.3;62.7;0.0
50.0;161.3;23.0;0.0
410.8;161.3;157.0;0.0
49.4;161.3;0.0;0.0
49.9;161.3;0.0;0.0
49.7;161.3;0.0;0.0
49.9;161.3;0.0;0.0
49.5;161.3;1.0;0.0
290.0;184.3;27.0;0.0
180.0;202.3;147.0;0.0
80.1;213.3;13.0;40.0
116.3;424.3;529.0;0.0
63.5;1139.3;89335.0;0.0
62.8;1139.3;36572.0;0.0
50.0;1139.3;2758.0;0.0
72.0;1139.3;4888.0;0.0
87.9;1139.3;3755.0;0.0
95.0;1139.3;4512.0;0.0
91.9;1139.3;4051.0;0.0
49.8;1143.3;3604.0;0.0
75.0;1143.3;3898.0;0.0
72.8;1143.3;3928.0;0.0
56.9;1143.3;4470.0;0.0
62.9;1140.6;5396.0;0.0
84.9;1140.6;4640.0;0.0
55.6;1140.6;4668.0;0.0
80.0;1140.6;5331.0;0.0
56.0;1140.6;4510.0;0.0
69.6;1140.6;5321.0;0.0
55.9;1140.6;4758.0;0.0
76.9;1140.6;3848.0;0.0
72.9;1140.6;4552.0;0.0
69.5;1140.6;4028.0;0.0
58.7;1140.6;6906.0;0.0
55.9;1140.6;3711.0;0.0
88.9;1140.6;4805.0;0.0
64.5;1140.6;4224.0;0.0
68.5;1140.6;3974.0;0.0
69.6;1140.6;3831.0;0.0
54.2;1140.6;4163.0;0.0
80.0;1140.6;5899.0;0.0
49.6;1140.6;4083.0;0.0
68.4;1453.6;4897.0;0.0
57.3;1456.6;10.0;3240.0
48.2;1456.6;6.0;1920.0
143.9;1140.1;24.7;960.0
295.0;517.6;66.0;0.0
10.0;164.6;9.8;0.0
0.0;164.6;0.0;0.0
0.0;164.6;0.0;0.0
0.0;164.6;0.0;0.0
0.0;164.6;0.0;0.0
0.0;164.6;0.0;0.0
0.0;164.6;0.0;0.0
0.0;164.6;0.0;0.0
0.0;164.6;0.0;0.0
0.0;164.6;0.0;0.0
0.0;164.6;0.0;0.0
0.0;164.6;0.0;0.0
0.0;164.6;0.0;0.0
0.0;164.6;0.0;0.0
0.0;164.6;0.0;0.0
0.0;164.6;0.0;0.0
0.0;164.6;0.0;0.0
0.0;164.6;0.0;0.0
0.0;164.6;0.0;0.0
0.0;164.6;0.0;0.0
0.0;164.6;0.0;0.0
0.0;164.6;0.0;0.0
0.0;164.6;0.0;0.0
0.0;164.6;0.0;0.0
0.0;164.6;0.0;0.0
0.0;164.6;0.0;0.0
0.0;164.6;0.0;0.0
0.0;164.6;0.0;0.0
0.0;164.6;0.0;0.0
0.0;164.6;0.0;0.0
0.0;164.6;0.0;0.0
0.0;164.6;0.0;0.0
0.0;164.6;0.0;0.0
0.0;164.6;0.0;0.0
0.0;164.6;0.0;0.0
0.0;164.6;0.0;0.0
0.0;164.6;0.0;0.0
0.0;164.6;0.0;0.0
0.0;164.6;0.0;0.0
0.0;164.6;0.0;0.0
0.0;164.6;0.0;0.0
0.0;164.6;0.0;0.0
0.0;164.6;0.0;0.0
0.0;164.6;0.0;0.0
0.0;164.6;0.0;0.0
0.0;164.6;0.0;0.0
0.0;164.6;0.0;0.0
0.0;164.6;0.0;0.0
