104.0;218.2;279.8;0.0
64.9;311.8;892.3;0.0
387.4;429.8;159.7;0.0
284.6;449.9;456.3;0.0
293.5;214.6;690.5;0.0
552.2;178.6;82.6;0.0
189.0;178.1;19.2;0.0
309.9;161.5;152.9;0.0
60.5;161.5;0.0;0.0
80.6;161.5;0.0;0.0
90.0;161.5;0.0;0.0
89.7;161.5;0.0;0.0
152.9;161.5;0.0;0.0
71.8;161.5;0.0;0.0
59.3;161.5;0.0;0.0
64.4;161.5;0.0;0.0
55.0;161.5;0.0;0.0
540.1;161.8;3.0;0.0
848.9;184.8;44.0;0.0
85.0;202.8;134.0;0.0
50.0;376.8;170.0;40.0
50.0;823.8;29315.0;0.0
49.9;1141.8;75468.0;0.0
50.0;1141.8;36916.0;0.0
50.0;1141.8;37508.0;0.0
56.4;1142.8;38490.0;0.0
550.0;1454.8;38453.0;0.0
4456.0;1457.8;10.0;3240.0
54.5;1457.8;8.0;2560.0
78.9;471.8;3.0;360.0
49.9;161.8;0.0;0.0
49.9;161.8;0.0;0.0
50.0;161.8;0.0;0.0
48.2;161.8;0.0;0.0
54.1;161.8;0.0;0.0
50.0;161.8;0.0;0.0
49.9;161.8;0.0;0.0
46.1;161.8;0.0;0.0
49.2;161.8;0.0;0.0
54.8;161.8;0.0;0.0
49.5;161.8;0.0;0.0
49.5;161.8;0.0;0.0
49.5;161.8;0.0;0.0
49.9;161.8;0.0;0.0
49.4;161.8;0.0;0.0
49.5;161.8;0.0;0.0
49.9;161.8;0.0;0.0
50.0;161.8;0.0;0.0
52.4;161.8;0.0;0.0
49.9;161.8;0.0;0.0
49.2;161.8;0.0;0.0
50.0;161.8;0.0;0.0
50.0;161.8;0.0;0.0
49.3;162.4;0.0;0.0
79.9;163.7;2.8;0.0
35.0;164.0;15.5;0.0
5.0;164.7;1.5;0.0
0.0;164.7;0.0;0.0
0.0;164.7;0.0;0.0
0.0;164.7;0.0;0.0
0.0;164.7;0.0;0.0
0.0;164.7;0.0;0.0
0.0;164.7;0.0;0.0
0.0;164.7;0.0;0.0
0.0;164.7;0.0;0.0
0.0;164.7;0.0;0.0
0.0;164.7;0.0;0.0
0.0;164.7;0.0;0.0
0.0;164.7;0.0;0.0
0.0;164.7;0.0;0.0
0.0;164.7;0.0;0.0
0.0;164.7;0.0;0.0
0.0;164.7;0.0;0.0
0.0;164.7;0.0;0.0
0.0;164.7;0.0;0.0
0.0;164.7;0.0;0.0
0.0;164.7;0.0;0.0
0.0;164.7;0.0;0.0
0.0;164.7;0.0;0.0
0.0;164.7;0.0;0.0
0.0;164.7;0.0;0.0
0.0;164.7;0.0;0.0
0.0;164.7;0.0;0.0
0.0;164.7;0.0;0.0
0.0;164.7;0.0;0.0
0.0;164.7;0.0;0.0
0.0;164.7;0.0;0.0
0.0;164.7;0.0;0.0
0.0;164.7;0.0;0.0
0.0;164.7;0.0;0.0
0.0;164.7;0.0;0.0
0.0;164.7;0.0;0.0
0.0;164.7;0.0;0.0
0.0;164.7;0.0;0.0
0.0;164.7;0.0;0.0
0.0;164.7;0.0;0.0
0.0;164.7;0.0;0.0
0.0;164.7;0.0;0.0
0.0;164.7;0.0;0.0
0.0;164.7;0.0;0.0
