62.6;211.6;283.6;0.0
80.6;204.8;323.0;0.0
109.5;260.1;424.5;0.0
187.4;317.3;118.1;0.0
49.8;160.1;337.0;0.0
319.9;160.1;25.3;0.0
560.0;160.1;110.1;0.0
333.4;161.5;145.9;0.0
59.7;161.5;0.0;0.0
59.0;161.5;0.0;0.0
76.8;161.5;0.0;0.0
118.2;161.5;0.0;0.0
60.9;161.5;0.0;0.0
59.0;161.8;0.0;0.0
50.1;161.8;0.0;0.0
50.2;162.0;8.8;0.0
367.9;163.3;22.0;0.0
296.8;163.3;93.5;0.0
500.0;182.6;75.9;0.0
447.0;190.3;1.1;0.0
487.0;190.3;0.0;0.0
496.0;190.3;0.0;0.0
540.0;190.3;0.0;0.0
485.0;190.3;0.0;0.0
481.0;190.3;0.0;0.0
500.0;190.3;0.0;0.0
500.0;190.3;0.0;0.0
515.0;190.3;0.0;0.0
490.0;190.3;0.0;0.0
533.0;190.3;0.0;0.0
500.0;190.3;0.0;0.0
500.0;190.3;0.0;0.0
499.0;188.3;0.0;0.0
492.0;188.3;0.0;0.0
492.0;188.3;0.0;0.0
525.0;188.3;0.0;0.0
500.0;188.3;0.0;0.0
499.0;188.3;0.0;0.0
491.0;188.3;0.0;0.0
483.0;188.3;0.0;0.0
500.0;188.3;0.0;0.0
492.0;188.3;0.0;0.0
500.0;188.3;0.0;0.0
540.0;188.3;0.0;0.0
500.0;188.3;0.0;0.0
500.0;188.3;0.0;0.0
500.0;188.3;0.0;0.0
500.0;188.3;0.0;0.0
500.0;188.3;0.0;0.0
649.0;164.3;27.0;0.0
500.0;164.3;148.0;0.0
500.0;164.3;5.0;0.0
500.0;262.3;148.0;40.0
495.0;799.3;64682.0;0.0
504.0;1116.3;48948.0;0.0
470.0;1116.3;3542.0;0.0
500.0;1116.3;3410.0;0.0
549.0;1116.3;3482.0;0.0
500.0;1116.3;3686.0;0.0
494.0;1116.3;3412.0;0.0
500.0;1116.3;3608.0;0.0
500.0;1116.3;3756.0;0.0
500.0;1116.3;3620.0;0.0
475.0;1116.3;3842.0;0.0
500.0;1116.3;3527.0;0.0
486.0;1116.3;3783.0;0.0
545.0;1116.3;3718.0;0.0
500.0;1116.3;3390.0;0.0
475.0;1116.3;3616.0;0.0
500.0;1116.3;3730.0;0.0
477.0;1116.3;3860.0;0.0
542.0;1116.3;3465.0;0.0
497.0;1116.3;3511.0;0.0
500.0;1116.3;3564.0;0.0
500.0;1116.3;3430.0;0.0
495.0;1116.3;3752.0;0.0
464.0;1116.3;3742.0;0.0
544.0;1116.3;3828.0;0.0
498.0;1116.3;4018.0;0.0
487.0;1116.3;3842.0;0.0
480.0;1116.3;3746.0;0.0
540.0;1116.3;3852.0;0.0
485.0;1116.3;3684.0;0.0
482.0;1116.3;3970.0;0.0
545.0;1116.3;3688.0;0.0
458.0;1116.3;4198.0;0.0
500.0;1116.3;3848.0;0.0
495.0;1116.3;3966.0;0.0
516.0;1116.3;4278.0;0.0
500.0;1116.3;3684.0;0.0
507.0;1116.3;4532.0;0.0
498.0;1116.3;4080.0;0.0
539.0;1431.3;4289.0;0.0
500.0;1431.3;8.0;2600.0
490.0;1431.3;8.0;2560.0
500.0;1431.3;2.0;640.0
497.0;1128.3;3.0;400.0
0.0;164.3;0.0;0.0
0.0;164.3;0.0;0.0
0.0;164.3;0.0;0.0
