83.6;99.8;73.2;0.0
54.9;168.1;203.7;0.0
123.9;187.0;142.0;0.0
61.0;237.0;107.9;0.0
89.7;158.2;136.4;0.0
55.0;182.2;23.0;0.0
446.0;159.9;136.2;0.0
500.0;179.9;22.0;0.0
365.8;161.1;167.2;0.0
59.0;161.2;0.0;0.0
65.0;161.2;0.0;0.0
75.6;161.2;0.0;0.0
57.2;161.2;0.0;0.0
49.7;161.2;0.0;0.0
50.0;161.2;0.0;0.0
58.9;161.2;0.0;0.0
100.2;161.2;0.0;0.0
72.1;161.2;0.0;0.0
97.5;161.2;0.0;0.0
49.9;161.2;0.0;0.0
82.4;161.2;0.0;0.0
49.9;161.2;0.0;0.0
108.6;161.2;0.0;0.0
73.9;161.2;0.0;0.0
49.6;161.2;0.0;0.0
70.9;161.2;0.0;0.0
67.6;161.2;0.0;0.0
86.0;161.2;0.0;0.0
71.6;161.2;0.0;0.0
49.9;161.2;0.0;0.0
67.6;161.2;0.0;0.0
50.0;161.2;0.0;0.0
49.2;161.2;0.0;0.0
50.1;161.2;0.0;0.0
49.9;161.5;0.0;0.0
104.4;161.5;0.0;0.0
80.6;161.5;0.0;0.0
60.9;161.5;0.0;0.0
57.1;161.5;0.0;0.0
76.4;161.5;0.0;0.0
72.5;161.5;0.0;0.0
49.9;161.5;0.0;0.0
50.0;161.5;0.0;0.0
50.0;161.5;0.0;0.0
59.1;161.5;0.0;0.0
100.0;161.5;0.0;0.0
120.0;161.5;0.0;0.0
250.3;187.5;28.0;0.0
201.0;200.5;156.0;0.0
62.6;205.5;0.0;0.0
61.7;400.5;510.0;40.0
62.2;427.5;20.0;0.0
49.9;462.8;0.0;0.0
335.9;488.5;51.7;0.0
185.0;797.5;10046.6;0.0
479.0;797.5;14613.0;0.0
490.0;799.5;14046.0;0.0
500.0;799.5;13997.0;0.0
530.0;799.5;14301.0;0.0
510.0;799.5;14993.0;0.0
492.0;805.5;4577.0;0.0
485.0;1116.5;1827.0;0.0
494.0;1116.5;3486.0;0.0
529.0;1116.5;4214.0;0.0
495.0;1116.5;3340.0;0.0
480.0;1116.5;3670.0;0.0
495.0;1116.5;3784.0;0.0
522.0;1116.5;3652.0;0.0
489.0;1116.5;3686.0;0.0
497.0;1116.5;3547.0;0.0
501.0;1116.5;3847.0;0.0
500.0;1116.5;3622.0;0.0
493.0;1116.5;3486.0;0.0
500.0;1116.5;3490.0;0.0
500.0;1116.5;3530.0;0.0
549.0;1116.5;3862.0;0.0
466.0;1116.5;3996.0;0.0
499.0;1116.5;3662.0;0.0
491.0;1116.5;3772.0;0.0
492.0;1116.5;3636.0;0.0
540.0;1116.5;4376.0;0.0
481.0;1116.5;3524.0;0.0
484.0;1116.5;4259.0;0.0
530.0;1116.5;4003.0;0.0
500.0;1116.5;3420.0;0.0
484.0;1116.5;3656.0;0.0
496.0;1116.5;3494.0;0.0
509.0;1116.5;3890.0;0.0
500.0;1116.5;3644.0;0.0
490.0;1116.5;3788.0;0.0
500.0;1116.5;3624.0;0.0
500.0;1116.5;3754.0;0.0
530.0;1116.5;3923.0;0.0
470.0;1116.5;4223.0;0.0
541.0;1117.5;3772.0;0.0
500.0;1117.5;3828.0;0.0
500.0;1117.5;3811.0;0.0
474.0;1117.5;4015.0;0.0
489.0;1117.5;3913.0;0.0
525.0;1117.5;4393.0;0.0
