111.9;270.3;1003.6;0.0
233.8;514.7;85.3;0.0
362.8;383.1;571.4;0.0
123.6;212.7;454.4;0.0
481.1;189.6;134.9;0.0
116.9;180.1;47.3;0.0
333.6;161.4;152.9;0.0
86.8;161.4;0.0;0.0
56.0;161.6;0.0;0.0
55.4;161.6;0.0;0.0
49.9;161.6;0.0;0.0
56.0;161.6;8.0;0.0
433.8;190.6;20.0;0.0
238.4;205.6;165.0;0.0
74.8;210.6;0.0;0.0
99.9;418.6;536.0;40.0
67.0;437.6;0.0;0.0
70.8;469.6;0.0;0.0
54.5;511.6;0.0;0.0
94.1;829.6;10953.0;0.0
62.0;829.6;18212.0;0.0
110.7;830.6;17526.0;0.0
50.0;830.6;15472.0;0.0
57.8;830.6;14493.0;0.0
78.0;833.6;10070.0;0.0
65.9;1146.6;1567.0;0.0
73.2;1146.6;3584.0;0.0
80.2;1146.6;5566.0;0.0
71.8;1146.6;3334.0;0.0
57.0;1146.6;3970.0;0.0
81.9;1146.6;3802.0;0.0
82.2;1146.6;4226.0;0.0
71.0;1146.6;3690.0;0.0
94.5;1146.6;3534.0;0.0
67.0;1146.6;3396.0;0.0
88.6;1146.6;4221.0;0.0
59.0;1146.6;3603.0;0.0
72.5;1146.6;3796.0;0.0
48.8;1146.6;4718.0;0.0
78.9;1146.6;4081.0;0.0
60.4;1140.3;4353.0;0.0
306.8;1129.5;5679.8;0.0
269.9;1126.8;3926.8;0.0
499.0;1120.5;3434.1;0.0
499.0;1120.5;3398.0;0.0
483.0;1120.5;3858.0;0.0
530.0;1120.5;4232.0;0.0
501.0;1120.5;3858.0;0.0
509.0;1120.5;4444.0;0.0
496.0;1120.5;3566.0;0.0
489.0;1120.5;3728.0;0.0
500.0;1120.5;3554.0;0.0
499.0;1120.5;3783.0;0.0
497.0;1120.5;4373.0;0.0
509.0;1120.5;5318.0;0.0
498.0;1121.5;3762.0;0.0
491.0;1121.5;3800.0;0.0
509.0;1121.5;4164.0;0.0
506.0;1121.5;4856.0;0.0
498.0;1121.5;4585.0;0.0
475.0;1121.5;4791.0;0.0
498.0;1121.5;4060.0;0.0
519.0;1121.5;5604.0;0.0
495.0;1121.5;5667.0;0.0
506.0;1121.5;7281.0;0.0
497.0;1436.5;1771.0;680.0
515.0;1436.5;10.0;3200.0
509.0;1436.5;6.0;1920.0
492.0;1133.5;3.0;360.0
0.0;164.5;0.0;0.0
0.0;164.5;0.0;0.0
0.0;164.5;0.0;0.0
0.0;164.5;0.0;0.0
0.0;164.5;0.0;0.0
0.0;164.5;0.0;0.0
0.0;164.5;0.0;0.0
0.0;164.5;0.0;0.0
0.0;164.5;0.0;0.0
0.0;164.5;0.0;0.0
0.0;164.5;0.0;0.0
0.0;164.5;0.0;0.0
0.0;164.5;0.0;0.0
0.0;164.5;0.0;0.0
0.0;164.5;0.0;0.0
0.0;164.5;0.0;0.0
0.0;164.5;0.0;0.0
0.0;164.5;0.0;0.0
0.0;164.5;0.0;0.0
0.0;164.5;0.0;0.0
0.0;164.5;0.0;0.0
0.0;164.5;0.0;0.0
0.0;164.5;0.0;0.0
0.0;164.5;0.0;0.0
0.0;164.5;0.0;0.0
0.0;164.5;0.0;0.0
0.0;164.5;0.0;0.0
0.0;164.5;0.0;0.0
0.0;164.5;0.0;0.0
0.0;164.5;0.0;0.0
0.0;164.5;0.0;0.0
