84.7;126.3;108.9;600.0
100.5;115.7;196.0;0.0
211.8;344.0;484.3;0.0
116.4;212.0;408.8;0.0
55.1;175.7;48.5;0.0
351.9;160.1;127.3;0.0
457.0;161.2;179.3;0.0
62.0;161.5;0.0;0.0
69.0;161.5;0.0;0.0
57.1;161.5;0.0;0.0
67.9;161.5;0.0;0.0
68.5;161.5;0.0;0.0
102.0;161.5;0.0;0.0
73.9;161.5;0.0;0.0
74.7;161.5;0.0;0.0
54.0;161.5;0.0;0.0
85.0;161.5;0.0;0.0
68.1;161.7;0.0;0.0
68.0;161.7;0.0;0.0
55.5;161.7;0.0;0.0
76.4;161.7;0.0;0.0
70.8;161.7;0.0;0.0
50.0;161.7;0.0;0.0
64.0;161.7;0.0;0.0
84.9;161.7;0.0;0.0
50.0;161.7;0.0;0.0
88.0;161.7;0.0;0.0
87.6;161.7;0.0;0.0
64.0;161.7;0.0;0.0
78.6;161.7;0.0;0.0
77.1;162.0;0.0;0.0
65.8;162.0;0.0;0.0
52.4;162.0;0.0;0.0
54.4;162.0;0.0;0.0
71.0;162.0;0.0;0.0
64.2;162.0;0.0;0.0
84.0;162.0;0.0;0.0
96.9;162.0;0.0;0.0
86.5;179.0;27.0;0.0
245.0;181.0;94.0;0.0
129.5;199.0;60.0;0.0
55.0;828.0;87404.0;40.0
50.0;1139.0;34487.0;0.0
55.9;1139.0;37172.0;0.0
55.7;1139.0;36976.0;0.0
80.4;1140.0;38536.0;0.0
56.7;1450.0;22205.0;0.0
54.9;1455.0;10.0;3240.0
115.2;1455.0;6.0;1920.0
77.5;1376.0;5.0;1040.0
275.7;446.5;30.8;0.0
45.0;163.7;12.0;0.0
0.0;163.9;1.3;0.0
5.0;164.7;0.1;0.0
0.0;164.7;0.0;0.0
0.0;164.7;0.0;0.0
0.0;164.7;0.0;0.0
0.0;164.7;0.0;0.0
0.0;164.7;0.0;0.0
0.0;164.7;0.0;0.0
0.0;164.7;0.0;0.0
0.0;164.7;0.0;0.0
0.0;164.7;0.0;0.0
0.0;164.7;0.0;0.0
0.0;164.7;0.0;0.0
0.0;164.7;0.0;0.0
0.0;164.7;0.0;0.0
0.0;164.7;0.0;0.0
0.0;164.7;0.0;0.0
0.0;164.7;0.0;0.0
0.0;164.7;0.0;0.0
0.0;164.7;0.0;0.0
0.0;164.7;0.0;0.0
0.0;164.7;0.0;0.0
0.0;164.7;0.0;0.0
0.0;164.7;0.0;0.0
0.0;164.7;0.0;0.0
0.0;164.7;0.0;0.0
0.0;164.7;0.0;0.0
0.0;164.7;0.0;0.0
0.0;164.7;0.0;0.0
0.0;164.7;0.0;0.0
0.0;164.7;0.0;0.0
0.0;164.7;0.0;0.0
0.0;164.7;0.0;0.0
0.0;164.7;0.0;0.0
0.0;164.7;0.0;0.0
0.0;164.7;0.0;0.0
0.0;164.7;0.0;0.0
0.0;164.7;0.0;0.0
0.0;164.7;0.0;0.0
0.0;164.7;0.0;0.0
0.0;164.7;0.0;0.0
0.0;164.7;0.0;0.0
0.0;164.7;0.0;0.0
0.0;164.7;0.0;0.0
0.0;164.7;0.0;0.0
0.0;164.7;0.0;0.0
0.0;164.7;0.0;0.0
0.0;164.7;0.0;0.0
