123.5;258.3;1109.6;0.0
309.5;426.6;401.4;0.0
421.4;357.6;244.2;0.0
70.9;177.0;383.3;0.0
413.1;183.9;178.2;0.0
108.9;161.2;23.0;0.0
445.6;161.2;159.0;0.0
61.0;161.4;0.0;0.0
85.0;161.4;0.0;0.0
48.0;161.4;0.0;0.0
78.1;161.4;0.0;0.0
69.9;161.4;0.0;0.0
50.0;161.4;0.0;0.0
77.7;162.1;27.5;0.0
307.0;163.3;24.2;0.0
365.9;188.3;151.8;0.0
491.0;188.3;0.0;0.0
526.0;188.3;0.0;0.0
463.0;188.3;0.0;0.0
539.0;188.3;0.0;0.0
475.0;188.3;0.0;0.0
525.0;188.3;0.0;0.0
461.0;188.3;0.0;0.0
546.0;188.3;0.0;0.0
496.0;188.3;0.0;0.0
485.0;188.3;0.0;0.0
499.0;188.3;0.0;0.0
501.0;188.3;0.0;0.0
498.0;188.3;0.0;0.0
506.0;188.3;0.0;0.0
520.0;188.3;0.0;0.0
495.0;188.3;0.0;0.0
496.0;188.3;0.0;0.0
501.0;188.3;0.0;0.0
512.0;188.3;0.0;0.0
500.0;188.3;0.0;0.0
500.0;188.3;0.0;0.0
489.0;188.3;0.0;0.0
508.0;188.3;0.0;0.0
502.0;188.3;0.0;0.0
480.0;188.3;0.0;0.0
508.0;188.3;0.0;0.0
516.0;188.3;0.0;0.0
487.0;182.3;1.0;0.0
667.0;164.3;26.0;0.0
0.0;164.3;0.0;0.0
0.0;164.3;0.0;0.0
0.0;164.3;0.0;0.0
0.0;164.3;0.0;0.0
0.0;164.3;0.0;0.0
0.0;164.3;0.0;0.0
0.0;164.3;0.0;0.0
0.0;164.3;0.0;0.0
0.0;164.3;0.0;0.0
0.0;164.3;0.0;0.0
0.0;164.3;0.0;0.0
0.0;164.3;0.0;0.0
0.0;164.3;0.0;0.0
0.0;164.3;0.0;0.0
0.0;164.3;0.0;0.0
0.0;164.3;0.0;0.0
0.0;164.3;0.0;0.0
0.0;164.3;0.0;0.0
0.0;164.3;0.0;0.0
0.0;164.3;0.0;0.0
0.0;164.3;0.0;0.0
0.0;164.3;0.0;0.0
0.0;164.3;0.0;0.0
0.0;164.3;0.0;0.0
0.0;164.3;0.0;0.0
0.0;164.3;0.0;0.0
0.0;164.3;0.0;0.0
0.0;164.3;0.0;0.0
0.0;164.3;0.0;0.0
0.0;164.3;0.0;0.0
0.0;164.3;0.0;0.0
0.0;164.3;0.0;0.0
0.0;164.3;0.0;0.0
0.0;164.3;0.0;0.0
0.0;164.3;0.0;0.0
0.0;164.3;0.0;0.0
0.0;164.3;0.0;0.0
0.0;164.3;0.0;0.0
0.0;164.3;0.0;0.0
0.0;164.3;0.0;0.0
0.0;164.3;0.0;0.0
0.0;164.3;0.0;0.0
0.0;164.3;0.0;0.0
0.0;164.3;0.0;0.0
0.0;164.3;0.0;0.0
0.0;164.3;0.0;0.0
0.0;164.3;0.0;0.0
0.0;164.3;1.0;0.0
50.0;164.3;154.0;0.0
510.0;164.3;0.0;0.0
450.0;373.3;512.0;40.0
515.0;406.3;8.0;0.0
490.0;453.3;0.0;0.0
501.0;795.3;3354.0;0.0
532.0;798.3;14762.0;0.0
