129.0;99.8;65.2;0.0
70.9;145.8;107.4;0.0
151.5;167.2;102.0;0.0
145.6;156.3;75.6;0.0
66.6;158.4;0.0;0.0
230.0;159.9;2.0;0.0
211.0;159.9;141.0;0.0
400.0;177.9;18.0;0.0
529.0;177.9;0.0;0.0
500.0;177.9;0.0;0.0
499.0;177.9;0.0;0.0
499.0;177.9;0.0;0.0
500.0;177.9;0.0;0.0
500.0;177.9;0.0;0.0
499.0;177.9;0.0;0.0
500.0;177.9;0.0;0.0
499.0;177.9;0.0;0.0
486.0;177.9;0.0;0.0
522.0;177.9;0.0;0.0
500.0;177.9;0.0;0.0
484.0;177.9;0.0;0.0
499.0;177.9;0.0;0.0
495.0;177.9;0.0;0.0
500.0;177.9;0.0;0.0
500.0;177.9;0.0;0.0
531.0;177.9;0.0;0.0
461.0;177.9;0.0;0.0
548.0;177.9;0.0;0.0
498.0;177.9;0.0;0.0
500.0;177.9;0.0;0.0
490.0;177.9;0.0;0.0
498.0;180.9;0.0;0.0
499.0;180.9;0.0;0.0
504.0;180.9;0.0;0.0
484.0;180.9;0.0;0.0
540.0;180.9;0.0;0.0
500.0;180.9;0.0;0.0
500.0;180.9;0.0;0.0
500.0;180.9;0.0;0.0
490.0;180.9;0.0;0.0
500.0;180.9;0.0;0.0
500.0;180.9;0.0;0.0
487.0;180.9;0.0;0.0
532.0;180.9;0.0;0.0
500.0;180.9;0.0;0.0
500.0;180.9;0.0;0.0
500.0;180.9;0.0;0.0
456.0;182.9;0.0;0.0
799.0;201.9;50.0;0.0
494.0;218.9;129.0;0.0
500.0;266.9;144.0;40.0
480.0;431.9;385.0;0.0
549.0;460.9;0.0;0.0
500.0;491.9;0.0;0.0
500.0;836.9;1318.2;0.0
450.0;839.9;14205.8;0.0
375.4;828.2;14142.7;0.0
49.3;829.2;13885.0;0.0
70.0;829.2;14817.0;0.0
50.0;829.2;14253.0;0.0
64.3;829.2;13937.0;0.0
55.0;1145.2;197.0;0.0
49.9;1145.2;3534.0;0.0
105.0;1145.2;3502.0;0.0
87.0;1145.2;3699.0;0.0
86.0;1145.2;3486.0;0.0
90.0;1145.2;3453.0;0.0
92.7;1145.2;3476.0;0.0
56.0;1145.2;3566.0;0.0
66.0;1145.2;3772.0;0.0
99.9;1145.2;3448.0;0.0
50.0;1145.2;3516.0;0.0
58.0;1145.2;3784.0;0.0
77.9;1145.2;3390.0;0.0
98.4;1145.2;3532.0;0.0
118.8;1145.2;3534.0;0.0
103.8;1145.2;4072.0;0.0
111.1;1145.2;3974.0;0.0
49.5;1145.2;3598.0;0.0
50.0;1145.2;3898.0;0.0
57.8;1143.4;4034.0;0.0
88.1;1143.4;3702.0;0.0
57.2;1143.4;3442.0;0.0
49.9;1143.4;4486.0;0.0
50.0;1143.4;3750.0;0.0
87.2;1143.4;3560.0;0.0
62.0;1143.4;3841.0;0.0
49.9;1143.4;3753.0;0.0
61.7;1143.4;3558.0;0.0
66.8;1143.4;4060.0;0.0
56.3;1143.4;3714.0;0.0
96.0;1143.4;3638.0;0.0
105.0;1143.4;3732.0;0.0
71.8;1143.4;4036.0;0.0
50.0;1143.4;3846.0;0.0
68.0;1144.4;3984.0;0.0
50.0;1144.4;3904.0;0.0
114.4;1144.4;3670.0;0.0
78.6;1144.4;3809.0;0.0
75.0;1144.4;4107.0;0.0
