58.1;168.6;50.9;0.0
102.9;154.3;477.9;0.0
340.9;314.2;91.6;0.0
414.2;329.7;154.2;0.0
82.9;179.5;444.4;0.0
98.9;183.7;42.0;0.0
350.5;192.3;132.0;0.0
66.4;189.6;1.1;0.0
185.0;177.0;20.9;0.0
530.0;177.0;0.0;0.0
494.0;177.0;0.0;0.0
492.0;177.0;0.0;0.0
525.0;177.0;0.0;0.0
492.0;177.0;0.0;0.0
475.0;177.0;0.0;0.0
499.0;177.0;0.0;0.0
500.0;177.0;0.0;0.0
535.0;177.0;0.0;0.0
498.0;177.0;0.0;0.0
500.0;177.0;0.0;0.0
500.0;177.0;3.3;0.0
502.0;177.0;184.8;0.0
50.0;161.4;1.1;0.0
94.6;161.4;0.0;0.0
60.8;161.4;0.0;0.0
58.9;161.4;0.0;0.0
72.0;161.4;0.0;0.0
72.5;161.4;0.0;0.0
50.0;161.4;0.0;0.0
70.9;161.4;0.0;0.0
58.9;161.4;0.0;0.0
50.0;161.4;0.0;0.0
103.9;161.6;0.0;0.0
58.1;161.6;0.0;0.0
50.0;161.6;0.0;0.0
61.9;161.6;0.0;0.0
50.0;161.6;0.0;0.0
68.9;161.6;0.0;0.0
65.2;161.6;0.0;0.0
84.0;161.6;0.0;0.0
49.9;161.6;0.0;0.0
99.9;161.6;0.0;0.0
55.6;161.6;0.0;0.0
57.0;161.6;0.0;0.0
49.5;161.6;0.0;0.0
58.1;161.6;0.0;0.0
231.9;183.6;28.0;0.0
114.0;198.6;147.0;0.0
115.5;219.6;92.0;40.0
50.0;411.6;440.0;0.0
57.2;429.6;0.0;0.0
66.9;462.6;0.0;0.0
67.1;506.6;0.0;0.0
74.6;820.6;12046.0;0.0
77.1;820.6;15830.0;0.0
60.0;823.6;17137.0;0.0
77.0;823.6;15213.0;0.0
58.8;823.6;15370.0;0.0
59.0;826.6;10996.0;0.0
63.4;1139.6;845.0;0.0
50.0;1139.6;3414.0;0.0
58.9;1139.6;3820.0;0.0
74.0;1139.6;3628.0;0.0
83.8;1139.6;3760.0;0.0
49.9;1139.6;3430.0;0.0
54.8;1139.6;3592.0;0.0
72.2;1139.6;3812.0;0.0
50.0;1139.6;3490.0;0.0
160.0;1123.4;3551.7;0.0
50.0;1118.9;3475.4;0.0
484.0;1112.6;3747.1;0.0
500.0;1112.6;4048.0;0.0
495.0;1112.6;3864.0;0.0
491.0;1112.6;3900.0;0.0
486.0;1112.6;3620.0;0.0
496.0;1112.6;3686.0;0.0
530.0;1112.6;3772.0;0.0
486.0;1112.6;3782.0;0.0
513.0;1112.6;4402.0;0.0
449.0;1112.6;3306.0;0.0
512.0;1112.6;3958.0;0.0
492.0;1112.6;3783.0;0.0
511.0;1112.6;3811.0;0.0
526.0;1112.6;3825.0;0.0
461.0;1112.6;4131.0;0.0
486.0;1112.6;3700.0;0.0
550.0;1112.6;3842.0;0.0
494.0;1112.6;3620.0;0.0
500.0;1112.6;3764.0;0.0
539.0;1112.6;3760.0;0.0
470.0;1112.6;4660.0;0.0
498.0;1112.6;3752.0;0.0
521.0;1113.6;4320.0;0.0
490.0;1113.6;3662.0;0.0
499.0;1113.6;3816.0;0.0
483.0;1113.6;3938.0;0.0
508.0;1113.6;4714.0;0.0
506.0;1113.6;4272.0;0.0
510.0;1113.6;4485.0;0.0
501.0;1113.6;4319.0;0.0
