99.1;258.8;1046.0;0.0
215.0;581.1;249.5;0.0
424.8;382.4;778.4;0.0
50.0;287.6;203.3;0.0
385.9;189.7;114.0;0.0
76.0;190.7;0.0;0.0
186.9;160.6;25.3;0.0
436.0;161.6;177.1;0.0
54.5;161.9;0.0;0.0
81.0;161.9;0.0;0.0
93.4;161.9;0.0;0.0
54.0;161.9;0.0;0.0
89.1;161.9;0.0;0.0
95.1;161.9;0.0;0.0
69.5;161.9;0.0;0.0
84.5;161.9;0.0;0.0
81.4;161.9;0.0;0.0
49.5;161.9;0.0;0.0
49.4;161.9;0.0;0.0
52.6;161.9;0.0;0.0
49.6;161.9;0.0;0.0
62.6;161.9;0.0;0.0
68.0;161.9;0.0;0.0
54.3;161.9;0.0;0.0
69.7;161.9;0.0;0.0
56.2;161.9;0.0;0.0
53.6;161.9;0.0;0.0
90.3;161.9;0.0;0.0
69.0;161.9;0.0;0.0
55.0;161.9;0.0;0.0
66.6;161.9;0.0;0.0
49.9;161.9;0.0;0.0
58.9;162.2;0.0;0.0
59.0;162.2;0.0;0.0
96.0;162.2;0.0;0.0
73.9;162.2;0.0;0.0
68.5;162.2;0.0;0.0
74.9;162.2;0.0;0.0
71.6;162.2;0.0;0.0
50.0;162.2;0.0;0.0
49.9;162.2;0.0;0.0
297.9;182.2;28.0;0.0
251.0;194.2;155.0;0.0
53.5;199.2;0.0;0.0
105.4;408.2;540.0;40.0
62.0;446.2;0.0;0.0
86.5;484.2;0.0;0.0
63.9;818.2;8435.0;0.0
83.4;818.2;15404.0;0.0
116.3;821.2;15075.0;0.0
114.4;819.4;14340.0;0.0
378.8;802.3;24691.7;0.0
195.9;805.3;8921.1;0.0
540.0;1119.3;1415.9;0.0
357.0;1110.3;3318.5;0.0
499.0;1110.3;3644.0;0.0
548.0;1110.3;3656.0;0.0
449.0;1110.3;3385.0;0.0
525.0;1110.3;3895.0;0.0
498.0;1110.3;3638.0;0.0
511.0;1110.3;3842.0;0.0
506.0;1110.3;3864.0;0.0
495.0;1110.3;3904.0;0.0
514.0;1110.3;3974.0;0.0
461.0;1110.3;3782.0;0.0
536.0;1110.3;3928.0;0.0
490.0;1110.3;3758.0;0.0
499.0;1110.3;3824.0;0.0
490.0;1110.3;3794.0;0.0
500.0;1110.3;3788.0;0.0
513.0;1110.3;3988.0;0.0
498.0;1110.3;4484.0;0.0
481.0;1110.3;3782.0;0.0
496.0;1110.3;3442.0;0.0
491.0;1110.3;4675.0;0.0
492.0;1110.3;4521.0;0.0
485.0;1110.3;4122.0;0.0
499.0;1110.3;3358.0;0.0
520.0;1110.3;3930.0;0.0
498.0;1110.3;3748.0;0.0
496.0;1110.3;5662.0;0.0
518.0;1110.3;4740.0;0.0
474.0;1110.3;4356.0;0.0
496.0;1110.3;3866.0;0.0
505.0;1110.3;4052.0;0.0
520.0;1110.3;4034.0;0.0
492.0;1110.3;3978.0;0.0
510.0;1110.3;4116.0;0.0
487.0;1110.3;3946.0;0.0
516.0;1110.3;4192.0;0.0
510.0;1110.3;4386.0;0.0
491.0;1110.3;4106.0;0.0
471.0;1110.3;4102.0;0.0
497.0;1110.3;4197.0;0.0
523.0;1110.3;4213.0;0.0
514.0;1425.3;3871.0;0.0
490.0;1425.3;8.0;2600.0
472.0;1425.3;8.0;2560.0
530.0;1425.3;2.0;640.0
0.0;165.3;0.0;0.0
