95.0;85.8;50.6;0.0
45.0;106.3;99.0;0.0
70.8;125.2;84.4;0.0
94.2;141.7;57.2;0.0
44.9;159.3;57.8;0.0
0.0;159.3;0.0;0.0
0.0;159.3;0.0;0.0
0.0;159.3;0.1;0.0
0.0;159.3;0.0;0.0
0.0;159.3;14.3;0.0
0.0;159.3;0.0;0.0
0.0;159.3;7.7;0.0
50.0;159.3;13.0;0.0
55.0;159.3;5.5;0.0
548.9;160.1;7.0;0.0
550.0;160.1;0.0;0.0
315.0;160.1;5.0;0.0
66.8;160.1;0.0;0.0
161.0;160.5;14.3;0.0
449.0;160.5;0.0;0.0
445.0;160.5;12.1;0.0
0.0;160.5;0.0;0.0
0.0;160.5;13.2;0.0
0.0;160.5;0.0;0.0
0.0;160.5;7.7;0.0
0.0;160.5;0.0;0.0
177.1;160.5;3.4;0.0
547.8;1084.8;24246.2;44.0
546.7;1435.7;30459.1;748.0
511.5;1102.4;16.5;4708.0
