57.0;207.6;440.6;0.0
72.0;253.4;409.3;0.0
79.3;186.1;378.6;0.0
130.2;184.7;86.4;0.0
164.5;158.9;8.5;0.0
0.0;158.9;0.0;0.0
0.0;158.9;0.1;0.0
0.0;158.9;0.0;0.0
0.0;158.9;2.2;0.0
0.0;158.9;0.0;0.0
0.0;158.9;0.7;0.0
0.0;158.9;0.0;0.0
225.2;158.9;0.5;0.0
60.9;159.5;0.0;0.0
109.2;159.5;0.0;0.0
64.7;159.5;0.0;0.0
149.9;159.5;3.1;0.0
273.9;159.9;2.2;0.0
0.0;159.9;1.0;0.0
0.0;159.9;1.1;0.0
0.0;159.9;12.0;0.0
0.0;159.9;14.3;0.0
0.0;159.9;7.0;0.0
0.0;159.9;7.7;0.0
50.0;159.9;4.0;0.0
144.7;215.5;23.5;4.0
100.8;810.7;41481.9;0.0
79.5;842.6;7837.5;0.0
59.0;571.3;3948.3;1320.0
79.8;571.3;3400.9;2560.0
94.9;244.7;3376.4;840.0
60.6;869.7;3429.8;0.0
49.1;244.7;337.6;0.0
50.0;244.7;316.0;0.0
49.7;244.7;339.8;0.0
50.0;244.7;338.2;0.0
50.8;244.7;363.0;0.0
52.9;273.9;375.7;0.0
50.0;276.2;2.0;68.0
48.1;276.2;0.8;256.0
50.0;276.2;0.4;128.0
50.6;184.1;0.3;20.0
