145.0;306.2;308.1;0.0
141.8;225.4;408.7;1980.0
710.8;456.5;641.2;10296.0
373.9;521.9;84.5;18700.0
121.9;628.1;146.0;33552.0
163.9;626.3;167.2;28292.0
328.9;600.2;385.0;16412.0
211.2;562.4;161.7;19800.0
658.9;464.3;214.5;60720.0
218.9;389.6;306.9;34496.0
271.7;376.1;39.6;7040.0
385.0;317.6;80.3;15752.0
273.9;245.6;257.4;43912.0
328.9;181.7;138.6;49808.0
110.0;159.1;22.0;5016.0
0.0;159.1;0.0;0.0
0.0;159.1;0.0;0.0
0.0;159.1;0.0;0.0
0.0;159.1;0.0;0.0
0.0;159.1;0.0;0.0
0.0;159.1;0.0;0.0
0.0;159.1;0.0;0.0
0.0;159.1;0.0;0.0
0.0;159.1;0.0;0.0
0.0;159.1;0.0;0.0
0.0;159.1;0.0;0.0
0.0;159.1;0.0;0.0
0.0;159.1;0.0;0.0
0.0;159.1;0.0;0.0
0.0;159.1;0.0;0.0
0.0;159.1;0.0;0.0
0.0;159.1;0.0;0.0
0.0;159.1;0.0;0.0
0.0;159.1;0.0;0.0
0.0;159.1;0.0;0.0
0.0;159.1;0.0;0.0
0.0;159.1;0.0;0.0
0.0;159.1;0.0;0.0
0.0;159.1;0.0;0.0
0.0;159.1;0.0;0.0
0.0;159.1;1.0;0.0
0.0;159.1;0.0;0.0
0.0;159.1;11.0;520.0
50.0;159.1;3.0;920.0
0.0;159.1;0.0;0.0
0.0;159.1;7.0;0.0
0.0;159.1;0.0;0.0
281.0;159.1;5.0;0.0
536.0;159.1;0.0;0.0
506.0;159.1;0.0;0.0
474.0;159.1;0.0;0.0
449.0;159.1;13.0;0.0
0.0;159.1;0.0;0.0
0.0;159.1;1.0;0.0
0.0;159.1;0.0;0.0
50.0;159.1;13.0;0.0
0.0;159.1;0.0;0.0
0.0;159.1;7.0;0.0
0.0;159.1;0.0;0.0
189.0;159.1;7.0;40.0
450.0;390.1;522.0;0.0
506.0;707.1;6424.0;0.0
516.0;1016.1;11489.0;0.0
499.0;1016.1;3082.0;0.0
504.0;1021.1;4284.0;0.0
495.0;1021.1;3338.0;0.0
489.0;1021.1;3196.0;0.0
493.0;1021.1;3997.0;0.0
488.0;1021.1;3893.0;0.0
498.0;1021.1;4241.1;0.0
561.0;1021.1;3902.0;0.0
406.0;1338.1;879.3;3324.0
552.0;1338.1;8.0;2560.0
500.0;1338.1;3.7;1280.0
500.0;1033.1;3.0;200.0
24.9;159.9;0.5;112.0
50.0;159.9;0.0;0.0
50.0;159.9;0.0;0.0
49.4;159.9;0.0;0.0
50.0;159.9;0.0;0.0
35.0;160.3;1.3;232.0
0.0;160.3;0.0;0.0
0.0;160.3;0.0;0.0
0.0;160.3;0.0;0.0
0.0;160.3;0.0;0.0
0.0;160.3;0.1;0.0
0.0;160.3;0.0;0.0
0.0;160.3;0.0;0.0
0.0;160.3;0.0;0.0
0.0;160.3;0.0;0.0
0.0;160.3;0.0;0.0
0.0;160.3;0.0;0.0
0.0;160.3;0.0;0.0
0.0;160.3;1.2;0.0
0.0;160.3;0.0;0.0
0.0;160.3;0.7;0.0
0.0;160.3;0.0;0.0
19.4;160.3;0.4;0.0
50.1;213.7;53.8;20.0
52.0;213.9;1491.1;264.0
