58.5;174.3;230.6;0.0
106.5;128.7;459.3;0.0
269.7;270.5;378.6;0.0
274.9;179.2;286.5;0.0
100.0;159.2;20.0;0.0
0.0;159.2;1.1;0.0
0.0;159.2;0.0;0.0
0.0;159.2;13.2;0.0
0.0;159.2;0.0;0.0
0.0;159.2;7.7;0.0
0.0;159.2;0.0;0.0
294.8;159.9;5.5;0.0
529.1;159.9;0.0;0.0
554.4;159.9;12.1;0.0
273.9;160.3;2.2;0.0
0.0;160.3;0.0;0.0
0.0;160.3;1.1;0.0
0.0;160.3;0.0;0.0
0.0;160.3;13.2;0.0
0.0;160.3;0.0;0.0
0.0;160.3;7.7;0.0
0.0;160.3;0.0;0.0
211.2;160.6;5.5;0.0
548.9;409.0;577.5;44.0
548.9;759.9;4054.6;0.0
548.9;764.3;14181.2;0.0
545.6;1104.2;2605.9;0.0
512.6;1104.2;3671.8;0.0
550.0;1104.2;3568.4;0.0
605.0;1104.2;3696.0;0.0
536.8;1104.2;3696.0;0.0
544.5;1104.2;3787.4;0.0
555.5;1104.2;4604.6;0.0
570.9;1104.2;4248.4;0.0
486.2;1104.2;3949.0;0.0
576.4;1450.7;1505.5;0.0
548.9;1450.7;8.8;2860.0
349.9;1442.7;0.4;1408.0
85.9;1109.4;5.5;968.0
