80.0;378.5;1221.8;0.0
443.0;436.0;281.8;0.0
206.6;449.2;550.5;0.0
693.6;313.6;422.2;0.0
438.9;159.2;392.7;0.0
0.0;159.2;0.0;0.0
0.0;159.2;1.0;0.0
0.0;159.2;0.0;0.0
50.0;159.2;13.0;0.0
0.0;159.2;0.0;0.0
0.0;159.2;7.0;0.0
0.0;159.2;0.0;0.0
478.0;159.2;6.0;0.0
242.0;159.2;12.0;0.0
0.0;159.2;0.0;0.0
0.0;159.2;1.0;0.0
0.0;159.2;0.0;0.0
0.0;159.2;13.0;0.0
0.0;159.2;0.0;0.0
49.0;159.2;7.0;0.0
0.0;159.2;0.0;0.0
296.0;227.2;160.0;40.0
500.0;1023.2;45071.0;0.0
488.0;1335.2;4522.0;0.0
495.0;1338.2;17.0;4760.0
475.0;388.2;0.0;0.0
0.0;159.2;0.0;0.0
0.0;159.2;0.0;0.0
0.0;159.2;0.0;0.0
0.0;159.2;0.0;0.0
0.0;159.2;0.0;0.0
0.0;159.2;0.0;0.0
0.0;159.2;0.0;0.0
0.0;159.2;0.0;0.0
0.0;159.2;0.0;0.0
0.0;159.2;0.0;0.0
0.0;159.2;0.1;0.0
0.0;159.2;0.0;0.0
0.0;159.2;1.3;0.0
0.0;159.2;0.0;0.0
0.0;159.2;0.7;0.0
0.0;159.2;0.0;0.0
24.9;159.9;0.5;0.0
49.8;159.9;0.0;0.0
52.0;159.9;0.0;0.0
49.5;159.9;0.0;0.0
50.0;159.9;0.0;0.0
29.9;160.3;1.3;0.0
0.0;160.3;0.0;0.0
0.0;160.3;0.0;0.0
0.0;160.3;0.0;0.0
0.0;160.3;0.0;0.0
0.0;160.3;0.0;0.0
0.0;160.3;0.0;0.0
0.0;160.3;0.0;0.0
0.0;160.3;0.0;0.0
0.0;160.3;0.0;0.0
0.0;160.3;0.0;0.0
0.0;160.3;0.0;0.0
0.0;160.3;0.0;0.0
0.0;160.3;0.0;0.0
0.0;160.3;0.0;0.0
0.0;160.3;0.0;0.0
0.0;160.3;0.0;0.0
0.0;160.3;0.0;0.0
0.0;160.3;0.0;0.0
0.0;160.3;0.0;0.0
0.0;160.3;0.0;0.0
0.0;160.3;0.0;0.0
0.0;160.3;0.0;0.0
0.0;160.3;0.0;0.0
0.0;160.3;0.0;0.0
0.0;160.3;0.0;0.0
0.0;160.3;0.0;0.0
0.0;160.3;0.0;0.0
0.0;160.3;0.0;0.0
0.0;160.3;0.0;0.0
0.0;160.3;0.0;0.0
0.0;160.3;0.0;0.0
0.0;160.3;0.0;0.0
0.0;160.3;0.0;0.0
0.0;160.3;0.0;0.0
0.0;160.3;0.0;0.0
0.0;160.3;0.0;0.0
0.0;160.3;0.0;0.0
0.0;160.3;0.0;0.0
0.0;160.3;0.0;0.0
0.0;160.3;0.0;0.0
0.0;160.3;0.0;0.0
0.0;160.3;0.0;0.0
0.0;160.3;0.0;0.0
0.0;160.3;0.0;0.0
0.0;160.3;0.0;0.0
0.0;160.3;0.0;0.0
0.0;160.3;0.0;0.0
0.0;160.3;0.0;0.0
0.0;160.3;0.0;0.0
0.0;160.3;0.0;0.0
0.0;160.3;0.0;0.0
0.0;160.3;0.0;0.0
