173.2;199.2;157.9;0.0
206.2;188.1;181.7;0.0
140.0;159.1;136.0;0.0
49.0;159.1;4.0;0.0
0.0;159.1;1.1;0.0
0.0;159.1;1.0;0.0
0.0;159.1;0.0;0.0
0.0;159.1;2.2;0.0
0.0;159.1;0.0;0.0
0.0;159.1;0.7;0.0
0.0;159.1;0.0;0.0
69.4;159.9;2.4;0.0
126.8;160.3;2.3;0.0
0.0;160.3;0.0;0.0
0.0;160.3;0.1;0.0
0.0;160.3;0.0;0.0
55.0;160.3;2.3;0.0
0.0;160.3;0.0;0.0
0.0;160.3;0.7;0.0
0.0;160.3;0.0;0.0
67.7;160.3;1.5;0.0
49.2;816.9;17826.9;4.0
61.0;846.9;15415.4;0.0
99.5;276.4;35708.4;680.0
73.4;276.6;4.4;1372.0
91.7;557.3;10.3;2504.0
