120.6;327.7;1191.2;0.0
255.1;504.0;572.9;0.0
257.5;201.6;1000.6;0.0
768.9;158.8;27.5;0.0
0.0;158.8;0.0;0.0
0.0;158.8;0.0;0.0
0.0;158.8;0.0;0.0
0.0;158.8;0.0;0.0
0.0;158.8;0.0;0.0
0.0;158.8;0.0;0.0
0.0;158.8;0.0;0.0
0.0;158.8;0.0;0.0
0.0;158.8;0.0;0.0
0.0;158.8;0.0;0.0
0.0;158.8;0.0;0.0
0.0;158.8;0.0;0.0
0.0;158.8;0.0;0.0
0.0;158.8;0.0;0.0
0.0;158.8;0.0;0.0
0.0;158.8;0.0;0.0
0.0;158.8;0.0;0.0
0.0;158.8;0.0;0.0
0.0;158.8;0.0;0.0
0.0;158.8;0.0;0.0
0.0;158.8;0.0;0.0
0.0;158.8;0.0;0.0
0.0;158.8;0.0;0.0
0.0;158.8;0.0;0.0
0.0;158.8;0.0;0.0
0.0;158.8;0.0;0.0
0.0;158.8;0.0;0.0
0.0;158.8;1.0;0.0
0.0;158.8;0.0;0.0
0.0;158.8;13.0;0.0
0.0;158.8;0.0;0.0
0.0;158.8;0.0;0.0
0.0;158.8;7.0;0.0
0.0;158.8;0.0;0.0
482.0;158.8;4.0;0.0
505.0;158.8;0.0;0.0
540.0;158.8;0.0;0.0
499.0;158.8;11.0;0.0
200.0;176.8;2.0;0.0
0.0;176.8;0.0;0.0
0.0;176.8;1.0;0.0
0.0;176.8;0.0;0.0
49.0;176.8;13.0;0.0
0.0;176.8;0.0;0.0
0.0;176.8;7.0;0.0
0.0;176.8;0.0;0.0
434.0;275.8;151.0;40.0
501.0;1028.8;42538.0;0.0
533.0;1028.8;3410.0;0.0
498.0;1343.8;3203.0;0.0
500.0;1343.8;4.0;1320.0
495.0;1343.8;8.0;2560.0
441.8;1040.8;4.1;720.0
0.0;158.8;0.0;0.0
0.0;158.8;1.3;0.0
0.0;158.8;0.0;0.0
0.0;158.8;0.7;0.0
0.0;158.8;0.0;0.0
41.5;159.5;1.1;0.0
19.9;159.9;0.6;0.0
0.0;159.9;0.0;0.0
0.0;159.9;0.1;0.0
0.0;159.9;0.0;0.0
5.0;159.9;1.3;0.0
0.0;159.9;0.0;0.0
0.0;159.9;0.7;0.0
0.0;159.9;0.0;0.0
19.8;160.8;3.7;4.0
49.2;181.4;50.4;0.0
50.0;213.5;500.9;0.0
50.0;213.5;1159.1;0.0
47.6;244.3;278.9;0.0
49.0;244.7;297.4;0.0
53.1;244.7;370.8;0.0
49.6;244.7;325.6;0.0
48.3;244.7;347.2;0.0
51.9;244.7;354.8;0.0
50.0;244.7;345.2;0.0
50.0;244.7;347.1;0.0
50.0;244.7;341.1;0.0
50.0;276.1;210.3;0.0
50.4;276.4;0.8;260.0
50.0;276.4;0.4;128.0
48.9;245.9;0.5;72.0
