55.0;247.5;956.3;0.0
225.6;496.2;150.0;0.0
682.7;346.6;551.8;0.0
541.2;182.8;429.0;0.0
110.0;158.8;22.0;0.0
0.0;158.8;0.0;0.0
0.0;158.8;1.1;0.0
0.0;158.8;0.0;0.0
0.0;158.8;14.3;0.0
0.0;158.8;0.0;0.0
0.0;158.8;7.7;0.0
0.0;158.8;0.0;0.0
385.0;159.5;4.4;0.0
550.0;159.5;0.0;0.0
520.3;159.5;0.0;0.0
586.3;159.5;0.0;0.0
548.9;159.5;14.3;0.0
101.2;159.9;0.0;0.0
0.0;159.9;1.1;0.0
0.0;159.9;0.0;0.0
0.0;159.9;13.2;0.0
0.0;159.9;0.0;0.0
0.0;159.9;7.7;0.0
0.0;159.9;0.0;0.0
55.0;159.9;5.5;0.0
550.0;349.7;189.2;44.0
530.2;755.6;2018.5;0.0
535.7;1094.4;16844.3;0.0
564.3;1099.9;13699.4;0.0
544.5;1443.1;21451.1;0.0
0.0;1446.4;4.4;1452.0
830.5;1446.4;11.0;3520.0
595.1;420.1;3.3;352.0
