163.0;239.4;295.9;0.0
79.6;135.7;687.7;0.0
135.2;138.3;62.2;0.0
61.5;156.5;39.0;0.0
65.9;158.9;2.0;0.0
0.0;158.9;0.0;0.0
0.0;158.9;0.1;0.0
0.0;158.9;0.0;0.0
0.0;158.9;2.3;0.0
0.0;158.9;0.0;0.0
0.0;158.9;0.7;0.0
0.0;158.9;0.0;0.0
212.2;159.6;13.7;0.0
450.0;160.0;1.0;0.0
296.0;160.0;12.0;0.0
0.0;160.0;1.1;0.0
0.0;160.0;1.0;0.0
0.0;160.0;13.2;0.0
0.0;160.0;13.0;0.0
0.0;160.0;7.7;0.0
0.0;160.0;7.0;0.0
178.2;160.3;5.5;0.0
246.0;369.6;456.9;4.0
55.8;213.5;6269.6;0.0
81.0;838.9;26839.2;0.0
48.0;568.5;3012.2;1320.0
88.6;505.5;3640.1;3320.0
50.5;245.0;367.6;0.0
52.4;245.0;344.4;0.0
50.0;245.0;331.4;0.0
49.3;245.0;342.0;0.0
50.0;245.0;345.5;0.0
48.8;245.0;397.7;0.0
49.4;245.0;358.6;0.0
49.9;276.5;153.7;0.0
49.9;276.5;0.8;260.0
49.5;276.5;0.4;128.0
50.4;184.9;0.5;72.0
