149.0;308.8;1175.7;0.0
340.0;431.9;442.6;0.0
529.6;387.4;426.8;0.0
495.0;215.5;426.8;0.0
273.9;159.4;78.1;0.0
0.0;159.4;1.0;0.0
0.0;159.4;1.1;0.0
0.0;159.4;14.0;0.0
55.0;159.4;12.1;0.0
0.0;159.4;7.0;0.0
0.0;159.4;7.7;0.0
489.0;159.4;6.0;0.0
107.0;159.4;7.5;0.0
550.0;160.0;1.0;0.0
522.5;160.0;0.0;0.0
548.9;160.0;12.0;0.0
573.1;160.0;0.0;0.0
550.0;160.5;7.3;0.0
0.0;160.5;0.0;0.0
340.0;224.5;157.1;40.0
495.0;1014.5;31684.0;0.0
501.0;1325.5;17425.0;0.0
491.0;1330.5;6.2;4680.0
528.0;379.5;0.0;0.0
0.0;160.5;0.7;0.0
0.0;160.5;0.0;0.0
19.1;160.5;0.5;0.0
44.9;182.1;53.9;4.0
54.5;214.2;382.5;0.0
49.6;214.2;1275.5;0.0
49.4;245.0;262.1;0.0
50.1;245.3;377.6;0.0
49.2;245.3;328.6;0.0
49.0;245.3;318.0;0.0
50.9;245.3;362.9;0.0
45.0;245.3;338.3;0.0
52.4;245.3;364.0;0.0
48.8;245.3;384.6;0.0
55.0;245.3;345.4;0.0
48.5;277.0;133.1;68.0
50.0;277.0;0.6;192.0
50.0;277.0;0.6;192.0
48.6;185.5;0.3;40.0
