60.0;179.3;160.8;0.0
93.0;208.7;447.1;0.0
282.5;364.5;96.4;0.0
104.9;335.8;272.5;0.0
550.0;159.0;447.7;0.0
0.0;159.0;1.0;0.0
0.0;159.0;0.0;0.0
0.0;159.0;10.1;0.0
0.0;159.0;0.0;0.0
0.0;159.0;7.0;0.0
0.0;159.0;14.3;0.0
49.0;159.0;5.0;0.0
492.0;159.0;6.7;0.0
284.0;159.0;12.0;0.0
418.0;159.7;4.4;0.0
510.4;159.7;1.0;0.0
550.0;159.7;0.0;0.0
580.8;159.7;13.0;0.0
587.4;159.7;14.3;0.0
52.8;160.1;7.0;0.0
0.0;160.1;0.0;0.0
296.0;204.1;126.1;40.0
503.0;1009.1;19068.0;0.0
495.0;1324.1;29092.2;0.0
410.0;1329.1;6.0;1960.0
565.0;1329.1;4.7;2720.0
0.0;160.1;0.0;0.0
38.6;173.6;16.5;4.0
50.4;245.1;3275.3;0.0
50.0;276.4;1539.3;0.0
41.1;276.6;0.4;132.0
52.6;276.6;0.8;256.0
51.4;182.0;0.5;68.0
