90.0;322.3;1220.0;0.0
417.0;423.2;237.8;0.0
247.2;434.3;611.1;0.0
771.7;329.5;304.4;0.0
495.0;159.5;447.7;0.0
0.0;159.5;1.0;0.0
0.0;159.5;0.0;0.0
0.0;159.5;11.1;0.0
0.0;159.5;0.0;0.0
0.0;159.5;7.3;0.0
0.0;159.5;0.0;0.0
488.0;159.5;1.7;0.0
299.0;159.5;12.0;0.0
273.9;160.2;5.5;0.0
500.0;160.2;1.0;0.0
550.0;160.2;0.0;0.0
577.5;160.2;12.0;0.0
544.5;160.2;7.0;0.0
385.0;160.6;14.3;0.0
95.0;160.6;5.0;0.0
489.0;367.6;537.1;40.0
495.0;1012.6;46581.0;0.0
527.0;1327.6;1201.3;680.0
490.0;1327.6;6.0;1920.0
509.0;1327.6;4.0;1280.0
0.0;160.6;0.7;0.0
0.0;160.6;0.0;0.0
37.4;168.5;15.9;4.0
45.9;183.1;38.5;0.0
52.0;214.2;1212.0;0.0
54.9;245.0;565.9;0.0
45.0;245.0;301.8;0.0
49.8;245.0;325.2;0.0
50.3;245.4;345.0;0.0
52.2;245.4;345.3;0.0
50.9;245.4;358.3;0.0
49.5;245.4;338.8;0.0
47.6;245.4;371.8;0.0
52.6;245.4;350.1;0.0
49.9;245.4;358.3;0.0
52.9;277.0;50.3;68.0
50.3;277.0;1.0;320.0
45.0;246.6;0.5;76.0
47.6;184.8;0.0;0.0
