76.9;368.6;1207.4;0.0
382.0;389.1;282.8;0.0
292.8;433.6;566.1;0.0
669.4;312.7;355.0;0.0
495.0;159.4;397.1;0.0
0.0;159.4;1.0;0.0
0.0;159.4;1.1;0.0
0.0;159.4;12.0;0.0
0.0;159.4;6.0;0.0
0.0;159.4;12.2;0.0
470.0;159.4;6.0;0.0
248.0;159.4;5.7;0.0
0.0;159.4;0.0;0.0
464.2;160.0;4.5;0.0
650.1;160.0;14.3;0.0
5.0;160.5;13.0;0.0
0.0;160.5;1.1;0.0
0.0;160.5;7.0;0.0
0.0;160.5;0.0;0.0
246.0;183.5;79.3;40.0
494.0;700.5;3895.0;0.0
495.0;1014.5;43636.7;0.0
545.0;1329.5;2105.0;680.0
79.0;1094.1;166.5;3884.0
120.0;183.4;423.5;0.0
53.3;214.2;1257.2;0.0
54.5;244.9;533.7;0.0
50.0;244.9;317.4;0.0
49.6;244.9;317.0;0.0
50.0;245.4;324.6;0.0
50.0;245.4;338.4;0.0
50.0;245.4;329.0;0.0
47.9;245.4;356.4;0.0
50.4;245.4;375.6;0.0
49.8;245.4;353.7;0.0
50.0;245.4;349.7;0.0
50.0;277.0;70.1;68.0
49.8;277.0;1.0;320.0
50.0;277.0;0.2;64.0
49.7;184.8;0.3;8.0
