254.9;228.4;266.9;0.0
167.0;192.4;252.0;0.0
320.7;269.6;341.9;0.0
369.2;315.8;64.3;0.0
401.0;159.1;428.8;0.0
0.0;159.1;0.0;0.0
0.0;159.1;1.0;0.0
0.0;159.1;1.1;0.0
0.0;159.1;13.0;0.0
0.0;159.1;0.0;0.0
0.0;159.1;5.1;0.0
0.0;159.1;0.0;0.0
239.0;159.1;3.7;0.0
499.0;159.1;0.0;0.0
256.2;159.7;5.5;0.0
102.8;159.7;0.0;0.0
58.9;159.7;13.0;0.0
448.8;159.7;0.0;0.0
613.8;159.7;14.3;0.0
110.0;160.1;1.0;0.0
0.0;160.1;0.0;0.0
0.0;160.1;12.1;0.0
0.0;160.1;0.0;0.0
0.0;160.1;6.2;0.0
0.0;160.1;0.0;0.0
294.0;219.1;148.7;40.0
527.0;391.1;385.0;0.0
75.1;579.7;10138.2;44.0
85.0;801.2;6671.9;0.0
103.1;527.1;12289.0;0.0
130.5;244.8;949.5;0.0
74.5;245.3;755.8;0.0
62.0;245.3;891.4;0.0
75.9;245.3;655.6;0.0
65.9;245.3;355.8;0.0
90.9;245.3;1179.2;0.0
68.0;245.3;989.8;0.0
49.2;561.3;1714.0;0.0
54.8;561.3;3892.6;2600.0
85.0;367.3;3874.0;2360.0
45.0;276.8;24.7;68.0
49.9;276.8;0.8;256.0
49.6;276.8;0.4;128.0
52.3;184.7;0.3;16.0
