54.9;138.5;271.5;0.0
102.9;135.5;287.9;0.0
117.7;259.8;407.4;0.0
189.7;159.3;322.9;0.0
0.0;159.3;0.0;0.0
0.0;159.3;1.0;0.0
0.0;159.3;1.1;0.0
0.0;159.3;12.0;0.0
0.0;159.3;0.0;0.0
0.0;159.3;6.2;0.0
0.0;159.3;0.0;0.0
99.0;159.3;2.7;0.0
496.0;159.3;0.0;0.0
49.5;160.1;16.5;0.0
280.6;160.5;2.2;0.0
509.0;160.5;0.0;0.0
249.0;160.5;12.1;0.0
0.0;160.5;0.0;0.0
0.0;160.5;11.1;0.0
0.0;160.5;0.0;0.0
0.0;160.5;6.7;0.0
0.0;160.5;0.0;0.0
470.8;350.0;183.3;44.0
491.7;439.1;398.2;0.0
551.1;748.2;15685.3;0.0
101.4;921.1;4278.0;40.0
61.2;552.1;14072.8;0.0
62.5;562.1;29149.6;0.0
60.6;560.5;3674.6;1960.0
70.0;560.5;3933.6;2920.0
97.9;865.5;3837.9;0.0
54.7;245.5;337.7;0.0
49.7;245.5;344.8;0.0
49.7;245.5;353.8;0.0
48.9;259.0;355.7;0.0
50.0;277.0;2.2;132.0
50.0;277.0;0.8;256.0
50.0;277.0;0.2;64.0
49.9;184.9;0.3;24.0
