94.8;131.0;136.2;0.0
129.5;196.1;120.8;0.0
423.4;317.7;346.7;0.0
86.0;178.1;367.5;0.0
149.0;159.1;20.0;0.0
0.0;159.1;1.1;0.0
0.0;159.1;1.0;0.0
0.0;159.1;13.2;0.0
0.0;159.1;13.0;0.0
0.0;159.1;0.0;0.0
0.0;159.1;0.7;0.0
0.0;159.1;0.0;0.0
301.0;159.8;1.5;0.0
83.0;159.8;0.0;0.0
65.0;159.8;0.0;0.0
49.4;159.8;1.0;0.0
349.9;159.8;2.1;0.0
273.9;160.3;2.2;0.0
0.0;160.3;1.0;0.0
0.0;160.3;1.1;0.0
0.0;160.3;13.0;0.0
0.0;160.3;14.3;0.0
0.0;160.3;7.0;0.0
0.0;160.3;7.7;0.0
192.0;160.3;5.0;0.0
295.1;989.9;43559.4;4.0
61.9;1128.2;5235.1;0.0
102.4;632.9;12626.4;4880.0
78.9;861.0;37139.3;0.0
45.6;276.5;396.9;0.0
57.9;276.5;0.6;196.0
46.9;260.7;1.1;260.0
