104.8;173.1;244.0;0.0
63.5;158.2;646.9;0.0
237.7;339.1;389.6;0.0
318.9;179.4;378.5;0.0
148.0;159.4;20.0;0.0
0.0;159.4;0.0;0.0
0.0;159.4;0.0;0.0
0.0;159.4;0.0;0.0
0.0;159.4;0.0;0.0
0.0;159.4;1.1;0.0
0.0;159.4;0.0;0.0
0.0;159.4;14.3;0.0
0.0;159.4;0.0;0.0
0.0;159.4;7.7;0.0
0.0;159.4;0.0;0.0
457.6;160.1;5.5;0.0
525.8;160.1;12.1;0.0
273.9;160.5;2.2;0.0
0.0;160.5;0.0;0.0
0.0;160.5;1.1;0.0
0.0;160.5;0.0;0.0
0.0;160.5;14.3;0.0
0.0;160.5;0.0;0.0
0.0;160.5;7.7;0.0
0.0;160.5;0.0;0.0
272.8;182.6;47.3;44.0
490.6;408.1;541.2;0.0
540.1;761.2;5523.1;0.0
605.0;761.2;12730.3;0.0
550.0;1098.9;2923.9;0.0
550.0;1102.2;3271.4;0.0
533.5;1102.2;3761.1;0.0
548.9;1102.2;3538.7;0.0
487.9;1102.2;3719.8;0.0
570.9;1102.2;4028.2;0.0
295.5;1094.2;3727.2;0.0
73.9;1094.2;3799.4;0.0
79.0;1094.2;3885.2;0.0
64.5;1440.7;2709.3;0.0
150.0;1437.9;7.6;2156.0
578.6;1437.9;6.6;2112.0
546.7;1103.5;2.3;704.0
