100.6;231.0;911.9;0.0
410.7;335.8;398.4;0.0
399.9;331.1;189.8;0.0
554.7;184.0;410.0;0.0
110.0;159.4;22.0;0.0
0.0;159.4;1.0;0.0
0.0;159.4;1.1;0.0
0.0;159.4;12.0;0.0
0.0;159.4;8.3;0.0
0.0;159.4;1.0;0.0
0.0;159.4;5.7;0.0
493.0;159.4;3.0;0.0
72.0;159.4;8.4;0.0
550.0;160.0;0.0;0.0
528.0;160.0;1.0;0.0
550.0;160.0;0.0;0.0
545.6;160.0;13.0;0.0
385.0;160.5;14.3;0.0
0.0;160.5;7.0;0.0
0.0;160.5;1.1;0.0
391.0;240.5;161.0;40.0
522.0;388.5;373.3;0.0
492.0;699.5;13039.0;0.0
500.0;1006.5;4547.7;0.0
511.0;1006.5;3341.0;0.0
296.4;997.5;3164.3;44.0
93.0;812.1;3528.0;0.0
72.8;525.0;1368.4;0.0
69.4;521.4;9439.2;0.0
79.9;244.9;1676.1;0.0
58.6;244.9;1383.2;0.0
50.0;491.9;788.4;0.0
48.2;566.9;3671.8;1320.0
58.9;562.4;3866.2;2560.0
75.3;245.4;4166.2;800.0
50.0;245.4;342.2;0.0
49.9;245.4;349.4;0.0
52.1;245.4;367.6;0.0
49.3;276.9;212.7;0.0
49.0;276.9;0.8;260.0
49.6;276.9;0.4;128.0
50.0;246.5;0.5;72.0
