94.9;249.4;305.4;0.0
50.0;187.8;258.0;0.0
335.9;269.9;377.4;0.0
295.0;321.0;97.0;0.0
266.7;159.4;377.0;0.0
0.0;159.4;0.0;0.0
0.0;159.4;1.1;0.0
0.0;159.4;1.0;0.0
0.0;159.4;14.3;0.0
0.0;159.4;12.0;0.0
0.0;159.4;7.7;0.0
0.0;159.4;7.0;0.0
349.8;160.1;5.5;0.0
78.6;160.1;5.0;0.0
60.8;160.1;0.0;0.0
66.3;160.1;0.0;0.0
76.1;160.1;3.3;0.0
53.0;160.5;2.0;0.0
0.0;160.5;1.1;0.0
0.0;160.5;0.0;0.0
0.0;160.5;0.0;0.0
0.0;160.5;13.2;0.0
0.0;160.5;0.0;0.0
0.0;160.5;7.7;0.0
0.0;160.5;0.0;0.0
523.6;310.0;195.8;44.0
533.5;578.4;403.7;0.0
541.2;748.9;14703.7;0.0
539.0;1087.7;4965.4;0.0
592.9;1087.7;3491.4;0.0
544.5;1093.2;3780.8;0.0
533.5;1093.2;3774.1;0.0
533.0;1093.2;3743.5;0.0
540.1;1093.2;3675.1;0.0
515.9;1093.2;4110.3;0.0
554.4;1093.2;4219.6;0.0
330.7;1070.2;3895.3;40.0
81.3;588.7;22691.6;0.0
58.0;276.7;24365.6;2156.0
56.5;276.7;2.6;792.0
69.6;554.4;8.5;3004.0
