93.9;236.0;1025.6;0.0
295.0;343.7;396.2;0.0
434.9;325.4;217.2;0.0
472.0;183.9;409.0;0.0
220.0;159.0;22.0;0.0
0.0;159.0;1.0;0.0
0.0;159.0;1.1;0.0
50.0;159.0;12.0;0.0
0.0;159.0;13.2;0.0
0.0;159.0;7.0;0.0
0.0;159.0;7.7;0.0
299.0;159.0;5.0;0.0
108.1;159.7;5.5;0.0
132.5;160.1;14.3;0.0
499.0;160.1;11.0;0.0
249.0;160.1;1.1;0.0
0.0;160.1;0.0;0.0
0.0;160.1;12.2;0.0
0.0;160.1;13.0;0.0
0.0;160.1;7.7;0.0
0.0;160.1;7.0;0.0
162.8;160.1;4.4;0.0
452.0;376.4;576.9;44.0
103.0;553.8;1435.3;40.0
49.2;213.9;12476.2;0.0
77.9;293.7;11280.2;0.0
58.0;244.7;607.4;0.0
75.8;245.1;861.6;0.0
73.1;245.1;575.4;0.0
49.8;245.1;547.6;0.0
50.0;245.1;540.0;0.0
48.6;245.1;833.8;0.0
106.0;245.1;511.4;0.0
48.2;245.1;1536.6;0.0
112.5;276.6;732.3;0.0
58.6;276.6;2.6;836.0
72.9;276.6;2.6;832.0
51.0;246.3;0.5;160.0
