66.0;239.9;916.6;0.0
394.3;344.1;284.2;0.0
371.9;360.3;145.0;0.0
492.0;182.3;390.0;0.0
100.0;159.3;20.0;0.0
0.0;159.3;1.1;0.0
0.0;159.3;1.0;0.0
0.0;159.3;14.3;0.0
0.0;159.3;13.0;0.0
0.0;159.3;7.7;0.0
0.0;159.3;7.0;0.0
522.5;160.2;5.5;0.0
208.8;160.6;10.3;0.0
487.0;160.6;0.0;0.0
504.0;160.6;1.1;0.0
399.0;160.6;13.0;0.0
55.0;160.6;14.3;0.0
0.0;160.6;1.0;0.0
0.0;160.6;7.7;0.0
0.0;160.6;13.0;0.0
217.8;160.9;4.4;0.0
485.1;399.2;591.4;44.0
550.0;752.3;4617.8;0.0
246.6;707.3;13656.2;40.0
49.6;866.0;2216.5;0.0
64.2;552.0;7627.2;0.0
61.6;245.0;3923.4;0.0
74.5;245.4;721.8;0.0
53.2;245.4;455.8;0.0
49.8;245.4;873.8;0.0
72.8;245.4;534.8;0.0
69.6;245.4;353.0;0.0
55.0;245.4;346.4;0.0
94.5;592.0;1482.9;0.0
58.9;592.0;3796.6;2156.0
49.6;508.0;3555.6;2112.0
99.4;549.7;17.5;708.0
