61.0;239.1;939.8;0.0
150.4;462.6;121.6;0.0
344.4;199.0;917.7;0.0
605.0;159.6;27.5;0.0
0.0;159.6;1.0;0.0
0.0;159.6;1.1;0.0
0.0;159.6;13.0;0.0
0.0;159.6;13.2;0.0
0.0;159.6;7.0;0.0
0.0;159.6;7.7;0.0
349.0;159.6;5.0;0.0
361.9;159.6;5.5;0.0
50.0;160.3;0.0;0.0
75.9;160.3;0.0;0.0
95.0;160.3;11.0;0.0
369.0;160.3;2.0;0.0
440.0;160.8;14.3;0.0
0.0;160.8;1.0;0.0
0.0;160.8;1.1;0.0
0.0;160.8;12.0;0.0
0.0;160.8;14.3;0.0
0.0;160.8;7.0;0.0
0.0;160.8;7.7;0.0
449.0;250.8;150.0;40.0
454.0;386.8;381.4;0.0
99.4;542.1;11224.9;44.0
54.4;742.9;5789.7;0.0
63.1;526.3;12263.4;0.0
49.9;245.0;1228.3;0.0
49.5;245.4;549.8;0.0
49.9;245.4;547.2;0.0
87.2;245.4;489.9;0.0
57.1;245.4;438.3;0.0
49.4;245.4;456.8;0.0
58.8;245.4;516.4;0.0
101.5;245.4;424.2;0.0
55.3;561.4;3080.8;680.0
56.2;561.4;4024.6;2560.0
67.9;277.1;340.1;812.0
82.9;1198.1;3.8;2096.0
50.0;277.1;0.2;64.0
50.0;184.8;0.3;4.0
