164.1;252.4;437.9;0.0
54.8;262.0;243.4;0.0
121.5;280.9;479.9;0.0
191.0;203.3;320.5;0.0
249.0;159.3;25.0;0.0
0.0;159.3;0.0;0.0
0.0;159.3;0.1;0.0
0.0;159.3;0.0;0.0
0.0;159.3;2.2;0.0
0.0;159.3;0.0;0.0
0.0;159.3;0.7;0.0
0.0;159.3;0.0;0.0
216.5;160.1;1.5;0.0
73.0;160.1;0.0;0.0
88.9;160.1;0.0;0.0
87.5;160.1;14.3;0.0
322.7;160.6;13.0;0.0
149.0;160.6;0.0;0.0
0.0;160.6;1.1;0.0
0.0;160.6;1.0;0.0
0.0;160.6;13.2;0.0
0.0;160.6;12.0;0.0
0.0;160.6;7.7;0.0
0.0;160.6;7.0;0.0
440.0;253.2;168.3;44.0
216.7;1050.4;33162.2;40.0
71.9;245.4;23489.2;0.0
55.1;561.4;15920.2;0.0
65.0;277.0;8779.7;1960.0
117.5;277.2;5.6;836.0
97.5;1222.2;6.6;2112.0
49.4;184.9;0.5;68.0
