88.0;99.3;64.2;0.0
101.7;112.1;122.8;0.0
84.9;137.4;96.3;0.0
49.5;157.1;44.5;0.0
78.9;159.1;2.0;0.0
0.0;159.1;0.0;0.0
0.0;159.1;1.1;0.0
0.0;159.1;0.0;0.0
0.0;159.1;0.0;0.0
0.0;159.1;1.0;0.0
0.0;159.1;0.0;0.0
0.0;159.1;0.0;0.0
50.0;159.1;13.0;0.0
0.0;159.1;0.0;0.0
0.0;159.1;7.0;0.0
0.0;159.1;0.0;0.0
388.0;159.1;9.3;0.0
495.0;159.1;0.0;0.0
494.0;159.1;7.7;0.0
500.0;159.1;0.0;0.0
63.5;159.7;9.4;0.0
551.1;159.7;8.8;0.0
272.8;160.1;4.5;0.0
0.0;160.1;0.0;0.0
0.0;160.1;12.0;0.0
0.0;160.1;0.0;0.0
0.0;160.1;7.0;0.0
0.0;160.1;0.0;0.0
50.0;160.1;4.1;0.0
496.0;350.1;171.0;40.0
550.0;700.1;506.2;0.0
460.0;702.1;16429.0;0.0
525.0;1009.1;2306.7;0.0
500.0;1013.1;3100.0;0.0
483.0;1013.1;4131.5;0.0
109.2;859.2;3243.2;44.0
71.5;530.7;3018.8;0.0
52.3;528.9;12234.4;0.0
50.0;244.7;1561.7;0.0
116.5;245.1;1036.5;0.0
160.0;563.1;626.6;0.0
103.0;563.1;3415.2;2600.0
65.9;563.1;3947.4;1920.0
53.0;245.1;341.6;0.0
50.7;245.1;363.8;0.0
48.2;245.1;350.4;0.0
50.0;245.1;351.6;0.0
48.3;276.1;320.1;128.0
50.0;276.6;0.4;132.0
54.0;276.6;0.8;256.0
46.8;246.3;0.3;64.0
49.7;184.5;0.0;0.0
