70.8;326.0;1243.2;0.0
262.1;580.7;218.4;0.0
741.2;382.7;876.5;0.0
533.5;197.3;482.9;0.0
218.9;159.5;21.0;0.0
0.0;159.5;0.0;0.0
0.0;159.5;11.1;0.0
0.0;159.5;0.0;0.0
0.0;159.5;7.3;0.0
199.0;159.5;5.0;0.0
497.0;159.5;7.7;0.0
548.0;159.5;0.0;0.0
290.4;160.2;4.4;0.0
60.9;160.2;10.1;0.0
74.9;160.6;11.2;0.0
0.0;160.6;0.0;0.0
0.0;160.6;0.1;0.0
0.0;160.6;0.0;0.0
0.0;160.6;1.3;0.0
0.0;160.6;0.0;0.0
0.0;160.6;0.7;0.0
0.0;160.6;0.0;0.0
48.7;291.8;32.1;4.0
59.4;812.8;44651.5;0.0
553.3;569.9;17985.9;0.0
653.6;276.6;31556.3;1960.0
111.9;423.9;5.6;836.0
145.3;890.6;12.1;2904.0
49.2;182.9;0.0;0.0
