211.0;213.0;436.5;0.0
212.8;236.8;175.1;0.0
233.1;418.4;87.0;0.0
154.9;290.0;401.5;0.0
349.0;159.0;243.0;0.0
0.0;159.0;0.0;0.0
0.0;159.0;1.0;0.0
0.0;159.0;0.0;0.0
0.0;159.0;13.0;0.0
0.0;159.0;0.0;0.0
0.0;159.0;7.0;0.0
0.0;159.0;0.0;0.0
50.0;159.0;5.0;0.0
472.0;159.0;0.0;0.0
499.0;159.0;0.0;0.0
549.0;159.0;0.0;0.0
500.0;159.0;1.0;0.0
299.0;159.0;12.0;0.0
0.0;159.0;0.0;0.0
0.0;159.0;1.0;0.0
0.0;159.0;0.0;0.0
0.0;159.0;12.0;0.0
0.0;159.0;0.0;0.0
0.0;159.0;7.0;0.0
0.0;159.0;0.0;0.0
149.0;159.0;4.0;0.0
498.0;1024.0;32435.0;40.0
495.0;1336.0;17292.0;0.0
504.0;1341.0;17.0;4560.0
0.0;159.0;0.0;0.0
0.0;159.0;0.0;0.0
0.0;159.0;0.0;0.0
0.0;159.0;0.0;0.0
0.0;159.0;0.0;0.0
0.0;159.0;0.0;0.0
0.0;159.0;0.0;0.0
0.0;159.0;0.0;0.0
0.0;159.0;0.0;0.0
0.0;159.0;0.0;0.0
0.0;159.0;0.0;0.0
0.0;159.0;0.0;0.0
0.0;159.0;0.0;0.0
0.0;159.0;0.0;0.0
0.0;159.0;0.0;0.0
0.0;159.0;0.0;0.0
0.0;159.0;0.0;0.0
0.0;159.0;0.0;0.0
0.0;159.0;0.0;0.0
0.0;159.0;0.0;0.0
0.0;159.0;0.0;0.0
0.0;159.0;0.0;0.0
0.0;159.0;0.0;0.0
0.0;159.0;0.0;0.0
0.0;159.0;0.0;0.0
0.0;159.0;0.0;0.0
0.0;159.0;0.1;0.0
0.0;159.0;0.0;0.0
0.0;159.0;1.2;0.0
0.0;159.0;0.0;0.0
0.0;159.0;0.7;0.0
0.0;159.0;0.0;0.0
44.5;159.6;1.5;0.0
23.6;160.0;0.2;0.0
0.0;160.0;0.0;0.0
0.0;160.0;0.1;0.0
0.0;160.0;0.0;0.0
5.0;160.0;1.2;0.0
0.0;160.0;0.0;0.0
0.0;160.0;0.7;0.0
0.0;160.0;0.0;0.0
29.9;164.8;16.0;4.0
49.9;182.0;38.5;0.0
49.8;213.5;736.5;0.0
50.0;244.3;912.2;0.0
50.0;244.3;293.2;0.0
50.0;244.8;313.0;0.0
50.0;244.8;319.4;0.0
50.7;244.8;351.4;0.0
49.4;244.8;336.0;0.0
50.0;244.8;336.0;0.0
49.5;244.8;356.5;0.0
53.2;244.8;358.7;0.0
49.2;244.8;351.5;0.0
48.1;276.3;160.8;0.0
51.6;276.3;0.8;260.0
48.7;276.3;0.4;128.0
49.9;246.0;0.5;100.0
