79.5;91.3;83.0;0.0
60.9;195.5;673.2;0.0
69.2;393.6;136.1;0.0
516.0;306.9;312.6;0.0
495.0;159.5;397.1;0.0
0.0;159.5;1.0;0.0
0.0;159.5;0.0;0.0
0.0;159.5;1.1;0.0
0.0;159.5;0.0;0.0
0.0;159.5;9.3;0.0
0.0;159.5;8.0;0.0
50.0;159.5;0.7;0.0
0.0;159.5;0.0;0.0
495.0;160.2;1.5;0.0
54.4;160.2;1.0;0.0
252.9;160.2;12.0;0.0
532.4;160.2;0.0;0.0
602.8;160.2;12.1;0.0
165.0;160.6;2.2;0.0
0.0;160.6;0.0;0.0
0.0;160.6;1.1;0.0
0.0;160.6;0.0;0.0
0.0;160.6;13.2;0.0
0.0;160.6;1.0;0.0
0.0;160.6;7.7;0.0
0.0;160.6;13.0;0.0
382.8;227.7;176.0;44.0
550.0;402.6;416.5;0.0
550.0;749.1;9398.4;0.0
495.6;1087.9;9376.9;0.0
99.9;915.9;3378.0;40.0
50.0;551.9;2442.0;0.0
77.1;556.3;12237.4;0.0
62.0;245.3;1022.4;0.0
59.9;245.3;721.6;0.0
49.7;245.3;1110.4;0.0
60.7;245.3;1905.7;0.0
71.2;245.3;2108.3;0.0
64.0;245.3;1446.2;0.0
61.1;589.8;3227.1;0.0
134.0;276.8;3186.0;3564.0
87.4;276.8;6.2;104.0
58.0;1105.2;3.5;1912.0
