154.0;114.0;81.1;0.0
65.0;112.7;90.0;0.0
84.9;138.3;102.0;0.0
57.0;157.0;39.0;0.0
15.0;158.9;2.0;0.0
0.0;158.9;0.0;0.0
0.0;158.9;1.0;0.0
0.0;158.9;0.0;0.0
0.0;158.9;13.0;0.0
0.0;158.9;0.0;0.0
0.0;158.9;7.0;0.0
0.0;158.9;0.0;0.0
199.0;158.9;4.0;0.0
466.0;158.9;0.0;0.0
531.0;158.9;0.0;0.0
491.0;158.9;0.0;0.0
484.0;158.9;13.0;0.0
99.0;175.9;0.0;0.0
0.0;175.9;0.0;0.0
0.0;175.9;1.0;0.0
0.0;175.9;0.0;0.0
0.0;175.9;13.0;0.0
0.0;175.9;0.0;0.0
0.0;175.9;7.0;0.0
0.0;175.9;0.0;0.0
400.0;241.9;159.0;40.0
501.0;1023.9;18888.0;0.0
494.0;1027.9;3212.0;0.0
500.0;1027.9;3637.0;0.0
520.0;1027.9;3527.0;0.0
494.0;1027.9;4068.0;0.0
499.0;1027.9;4056.0;0.0
490.0;1027.9;3671.1;0.0
492.0;1027.9;4328.0;0.0
515.0;1155.9;3745.3;0.0
495.0;1345.9;22.0;1320.0
481.0;1345.9;1.7;2560.0
525.0;1040.9;5.0;880.0
122.7;412.8;6.6;0.0
18.6;160.2;1.2;0.0
0.0;160.2;0.0;0.0
0.0;160.2;0.0;0.0
0.0;160.2;0.0;0.0
0.0;160.2;0.0;0.0
0.0;160.2;0.0;0.0
0.0;160.2;0.0;0.0
0.0;160.2;0.0;0.0
0.0;160.2;0.0;0.0
0.0;160.2;0.0;0.0
0.0;160.2;0.0;0.0
0.0;160.2;0.0;0.0
0.0;160.2;0.0;0.0
0.0;160.2;0.0;0.0
0.0;160.2;0.0;0.0
0.0;160.2;0.0;0.0
0.0;160.2;0.0;0.0
0.0;160.2;0.0;0.0
0.0;160.2;0.0;0.0
0.0;160.2;0.0;0.0
0.0;160.2;0.0;0.0
0.0;160.2;0.0;0.0
0.0;160.2;0.0;0.0
0.0;160.2;0.0;0.0
0.0;160.2;0.0;0.0
0.0;160.2;0.0;0.0
0.0;160.2;0.0;0.0
0.0;160.2;0.0;0.0
0.0;160.2;0.0;0.0
0.0;160.2;0.0;0.0
0.0;160.2;0.0;0.0
0.0;160.2;0.0;0.0
0.0;160.2;0.0;0.0
0.0;160.2;0.0;0.0
0.0;160.2;0.0;0.0
0.0;160.2;0.0;0.0
0.0;160.2;0.0;0.0
0.0;160.2;0.0;0.0
0.0;160.2;0.0;0.0
0.0;160.2;0.0;0.0
0.0;160.2;0.0;0.0
0.0;160.2;0.0;0.0
0.0;160.2;0.0;0.0
0.0;160.2;0.0;0.0
0.0;160.2;0.0;0.0
0.0;160.2;0.0;0.0
0.0;160.2;0.0;0.0
0.0;160.2;0.0;0.0
0.0;160.2;0.0;0.0
0.0;160.2;0.0;0.0
0.0;160.2;0.0;0.0
4.8;160.2;0.1;0.0
0.0;160.2;0.0;0.0
0.0;160.2;1.2;0.0
0.0;160.2;0.0;0.0
0.0;160.2;0.7;0.0
0.0;160.2;0.0;0.0
17.9;160.7;0.8;4.0
45.0;181.8;54.2;0.0
49.8;213.7;380.1;0.0
54.1;215.1;1262.3;0.0
