98.9;117.2;49.6;0.0
95.9;107.0;100.0;0.0
91.0;146.0;115.6;0.0
81.0;163.9;31.1;0.0
97.0;159.3;89.3;0.0
0.0;159.3;0.0;0.0
0.0;159.3;0.0;0.0
0.0;159.3;0.1;0.0
0.0;159.3;0.0;0.0
0.0;159.3;2.2;0.0
0.0;159.3;0.0;0.0
0.0;159.3;0.7;0.0
0.0;159.3;0.0;0.0
127.4;160.1;0.5;0.0
93.8;160.1;0.0;0.0
58.9;160.1;0.0;0.0
75.5;160.1;1.0;0.0
386.9;160.1;2.3;0.0
55.0;160.5;0.0;0.0
0.0;160.5;1.0;0.0
0.0;160.5;1.1;0.0
0.0;160.5;12.0;0.0
0.0;160.5;14.3;0.0
0.0;160.5;7.0;0.0
0.0;160.5;7.7;0.0
395.0;229.5;158.0;40.0
108.1;231.7;228.4;44.0
55.3;496.2;9709.7;0.0
65.8;527.0;5939.6;0.0
65.0;244.8;2848.3;0.0
68.8;244.8;372.4;0.0
59.1;244.8;464.4;0.0
86.0;245.2;1928.2;0.0
83.8;245.2;452.4;0.0
76.2;245.2;654.4;0.0
78.8;245.2;1438.4;0.0
88.0;245.2;800.4;0.0
91.0;566.2;3292.2;1320.0
49.5;566.2;4020.2;2560.0
83.6;574.7;337.1;412.0
49.8;276.7;0.8;256.0
49.8;246.4;0.5;68.0
50.0;184.6;0.0;0.0
