54.8;167.1;381.6;0.0
264.9;243.9;181.4;0.0
501.9;320.2;264.7;0.0
106.0;181.4;367.5;0.0
143.0;159.4;20.0;0.0
0.0;159.4;1.1;0.0
0.0;159.4;1.0;0.0
0.0;159.4;14.3;0.0
0.0;159.4;0.0;0.0
0.0;159.4;7.7;0.0
0.0;159.4;0.0;0.0
456.5;160.1;3.5;0.0
273.9;160.5;2.2;0.0
0.0;160.5;7.0;0.0
0.0;160.5;1.1;0.0
99.0;160.5;5.0;0.0
499.0;160.5;0.0;0.0
498.0;160.5;14.3;0.0
498.0;160.5;0.0;0.0
499.0;160.5;7.7;0.0
327.0;160.5;13.0;0.0
191.4;160.8;4.4;0.0
548.9;398.4;591.9;44.0
550.0;749.3;3840.1;0.0
545.6;749.3;14387.1;0.0
550.0;1087.0;2358.4;0.0
545.6;1091.4;3412.9;0.0
550.0;1091.4;3614.6;0.0
408.8;1091.4;3834.0;0.0
50.0;245.4;20412.6;40.0
82.0;245.4;2025.2;0.0
89.0;245.4;2510.6;0.0
50.3;559.4;11145.0;0.0
49.9;564.4;3693.0;4520.0
59.9;1218.8;2884.5;280.0
49.0;277.0;0.6;196.0
50.0;277.0;0.6;192.0
50.0;246.6;0.5;96.0
