55.0;250.4;357.1;0.0
93.0;210.0;145.3;0.0
314.1;280.1;306.7;0.0
456.8;309.3;70.9;0.0
383.9;156.1;441.1;0.0
0.0;156.1;1.0;0.0
0.0;156.1;0.0;0.0
0.0;156.1;1.1;0.0
0.0;156.1;13.0;0.0
0.0;156.1;14.3;0.0
0.0;156.1;7.0;0.0
0.0;156.1;7.7;0.0
0.0;156.1;5.0;0.0
0.0;156.1;5.5;0.0
0.0;156.1;7.0;0.0
0.0;156.1;8.8;0.0
398.0;194.1;2.0;0.0
60.0;159.3;21.3;0.0
64.0;159.3;38.0;0.0
57.8;159.9;0.0;0.0
362.0;159.9;27.5;0.0
87.1;160.5;42.9;0.0
50.0;160.5;0.0;0.0
76.5;160.7;3.0;0.0
500.0;160.7;27.0;0.0
320.8;160.7;31.9;0.0
0.0;160.7;23.2;0.0
272.8;161.6;41.8;0.0
0.0;161.6;12.1;0.0
0.0;161.6;0.0;0.0
0.0;161.6;7.3;0.0
0.0;161.6;0.0;0.0
0.0;161.6;1.7;0.0
0.0;161.6;0.0;0.0
0.0;161.6;2.6;0.0
0.0;161.6;0.0;0.0
95.0;161.6;6.8;0.0
515.0;334.6;164.0;40.0
135.8;352.8;227.5;44.0
56.0;505.5;14806.5;0.0
74.0;532.1;1639.3;0.0
71.9;245.9;4895.2;0.0
86.0;245.9;531.0;0.0
50.0;245.9;666.7;0.0
50.0;245.9;1892.3;0.0
70.0;246.2;1559.6;0.0
114.9;246.2;1088.5;0.0
66.8;246.2;1234.9;0.0
95.0;246.2;431.4;0.0
56.8;246.2;3000.8;0.0
97.9;277.6;456.7;0.0
62.0;277.6;2.8;900.0
48.5;277.6;1.6;272.0
49.8;877.4;5.5;924.0
