68.0;190.2;230.1;0.0
83.0;202.4;470.7;0.0
204.0;256.1;421.5;0.0
418.9;302.1;113.0;0.0
273.9;156.3;437.8;0.0
0.0;156.3;0.0;0.0
0.0;156.3;0.1;0.0
0.0;156.3;0.0;0.0
0.0;156.3;2.2;0.0
0.0;156.3;0.0;0.0
0.0;156.3;0.7;0.0
0.0;156.3;0.0;0.0
0.0;156.3;1.5;0.0
0.0;156.3;7.0;0.0
55.0;156.3;8.8;0.0
268.0;188.3;3.0;0.0
159.0;159.2;3.3;0.0
298.0;176.2;60.0;0.0
64.1;159.7;0.0;0.0
408.0;159.7;26.4;0.0
98.5;160.1;42.9;0.0
50.0;160.1;0.0;0.0
91.8;160.1;0.0;0.0
60.8;160.1;0.0;0.0
386.6;160.1;26.0;0.0
201.9;160.6;36.2;0.0
273.9;161.1;1.0;0.0
0.0;161.1;1.1;0.0
0.0;161.1;13.0;0.0
0.0;161.1;14.3;0.0
0.0;161.1;7.0;0.0
0.0;161.1;7.7;0.0
0.0;161.1;6.0;0.0
0.0;161.1;7.7;0.0
0.0;161.1;8.0;0.0
0.0;161.1;7.7;0.0
50.0;161.1;3.0;0.0
198.4;277.6;30.8;4.0
57.1;245.8;7961.8;0.0
63.9;577.8;27657.4;0.0
163.3;277.3;5607.3;1348.0
241.2;561.3;2.2;704.0
48.4;246.9;0.5;68.0
