44.6;201.0;307.8;0.0
98.0;167.8;171.2;0.0
313.9;220.9;371.2;0.0
199.0;188.1;182.1;0.0
50.0;156.1;73.0;0.0
0.0;156.1;0.0;0.0
0.0;156.1;0.1;0.0
0.0;156.1;0.0;0.0
0.0;156.1;2.3;0.0
0.0;156.1;0.0;0.0
0.0;156.1;0.7;0.0
0.0;156.1;0.0;0.0
0.0;156.1;0.6;0.0
0.0;156.1;0.0;0.0
55.0;156.1;1.8;0.0
0.0;156.1;0.0;0.0
87.9;159.3;1.2;0.0
531.2;159.8;25.0;0.0
220.0;160.0;6.6;0.0
278.9;160.5;24.0;0.0
101.0;160.5;0.0;0.0
118.5;160.5;0.0;0.0
63.5;160.5;0.0;0.0
121.5;160.5;0.0;0.0
281.0;160.5;12.1;0.0
537.0;160.5;7.0;0.0
0.0;160.5;59.0;0.0
299.0;160.5;6.0;0.0
0.0;160.5;1.0;0.0
0.0;160.5;0.0;0.0
0.0;160.5;13.0;0.0
0.0;160.5;0.0;0.0
0.0;160.5;7.0;0.0
0.0;160.5;0.0;0.0
0.0;160.5;5.0;0.0
0.0;160.5;0.0;0.0
0.0;160.5;6.0;0.0
0.0;160.5;0.0;0.0
250.0;180.5;3.0;0.0
499.0;393.5;520.0;40.0
498.0;717.5;4159.0;0.0
495.0;1028.5;16989.0;0.0
501.0;1028.5;3195.0;0.0
504.0;1028.5;5174.0;0.0
496.0;1028.5;3496.0;0.0
461.0;1028.5;3606.0;0.0
492.0;1028.5;3384.0;0.0
532.0;1028.5;3512.0;0.0
499.0;1028.5;4044.0;0.0
534.0;1031.5;4113.0;0.0
462.0;1031.5;4463.0;0.0
481.0;1031.5;3570.0;0.0
539.0;1346.5;2515.0;0.0
473.0;1346.5;10.0;3240.0
500.0;1346.5;4.0;1280.0
535.0;1042.5;5.0;760.0
0.0;160.5;0.0;0.0
0.0;160.5;0.0;0.0
0.0;160.5;0.0;0.0
0.0;160.5;0.0;0.0
0.0;160.5;0.0;0.0
0.0;160.5;0.0;0.0
0.0;160.5;0.0;0.0
0.0;160.5;0.0;0.0
0.0;160.5;0.0;0.0
0.0;160.5;0.0;0.0
0.0;160.5;0.0;0.0
0.0;160.5;0.0;0.0
0.0;160.5;0.0;0.0
0.0;160.5;0.0;0.0
0.0;160.5;0.0;0.0
0.0;160.5;0.0;0.0
0.0;160.5;0.0;0.0
0.0;160.5;0.0;0.0
0.0;160.5;4.5;0.0
24.9;161.3;1.5;0.0
0.0;161.3;0.1;0.0
0.0;161.3;0.0;0.0
0.0;161.3;1.3;0.0
0.0;161.3;0.0;0.0
0.0;161.3;0.7;0.0
0.0;161.3;0.0;0.0
0.0;161.3;0.6;0.0
0.0;161.3;0.0;0.0
0.0;161.3;0.8;0.0
0.0;161.3;0.0;0.0
27.6;162.9;5.7;4.0
45.0;183.3;48.1;0.0
49.1;215.2;564.8;0.0
50.0;246.0;981.2;0.0
52.4;246.0;325.7;0.0
50.0;246.0;325.8;0.0
50.0;246.0;331.6;0.0
50.0;246.3;326.0;0.0
48.4;246.3;330.8;0.0
49.8;246.3;349.9;0.0
54.5;246.3;363.6;0.0
50.0;246.3;362.7;0.0
45.0;277.9;268.9;0.0
51.3;277.9;0.8;260.0
