61.7;348.8;1150.2;0.0
371.5;429.8;417.0;0.0
419.4;393.3;565.9;0.0
661.1;176.4;596.2;0.0
0.0;155.9;21.0;0.0
52.8;155.9;0.0;0.0
0.0;155.9;0.0;0.0
0.0;155.9;11.1;0.0
0.0;155.9;0.0;0.0
0.0;155.9;6.2;0.0
0.0;155.9;0.0;0.0
0.0;155.9;1.7;0.0
0.0;155.9;0.0;0.0
0.0;155.9;3.5;0.0
0.0;155.9;4.4;0.0
465.0;198.9;0.3;0.0
0.0;158.8;22.2;0.0
65.0;159.4;42.0;0.0
50.0;159.5;5.5;0.0
381.1;160.0;64.9;0.0
104.2;160.0;0.0;0.0
62.1;160.0;0.0;0.0
355.0;160.0;13.2;0.0
124.9;160.8;52.9;0.0
249.0;160.8;56.1;0.0
0.0;160.8;1.0;0.0
0.0;160.8;13.2;0.0
0.0;160.8;13.0;0.0
0.0;160.8;7.7;0.0
0.0;160.8;7.0;0.0
0.0;160.8;6.6;0.0
0.0;160.8;6.0;0.0
0.0;160.8;7.7;0.0
0.0;160.8;8.0;0.0
165.0;161.3;3.3;0.0
201.0;337.2;186.2;44.0
88.9;519.2;382.9;40.0
89.8;214.6;11969.6;0.0
49.6;537.4;11420.3;0.0
76.6;245.4;1492.2;0.0
84.0;245.4;915.8;0.0
61.5;245.8;1748.9;0.0
50.0;245.8;394.1;0.0
65.0;245.8;1207.6;0.0
84.7;245.8;697.4;0.0
90.2;245.8;929.8;0.0
63.9;514.9;1419.1;0.0
50.0;574.3;5053.2;1452.0
49.6;277.3;5368.8;2816.0
49.6;277.3;0.4;168.0
60.0;1124.1;5.3;2380.0
