51.0;327.7;1223.6;0.0
332.0;435.8;303.8;0.0
459.5;406.4;587.9;0.0
712.8;290.3;298.1;0.0
220.0;156.1;409.3;0.0
0.0;156.1;0.0;0.0
0.0;156.1;12.1;0.0
0.0;156.1;0.0;0.0
0.0;156.1;6.2;0.0
0.0;156.1;0.0;0.0
0.0;156.1;2.7;0.0
0.0;156.1;0.0;0.0
0.0;156.1;1.0;0.0
0.0;156.1;2.5;0.0
0.0;156.1;2.0;0.0
521.0;199.1;10.0;0.0
0.0;199.1;50.0;0.0
137.9;159.2;20.2;0.0
550.0;159.2;23.0;0.0
73.9;178.7;34.6;0.0
345.4;160.3;66.1;0.0
550.0;160.3;0.0;0.0
550.0;160.5;13.0;0.0
550.0;160.5;7.0;0.0
578.6;160.5;0.0;0.0
161.7;160.5;6.1;0.0
0.0;160.5;0.0;0.0
152.9;160.8;55.9;0.0
110.0;161.3;0.0;0.0
93.0;161.3;11.3;0.0
530.0;355.3;175.0;40.0
489.0;401.3;350.7;0.0
497.0;709.3;17383.0;0.0
508.0;1021.3;5280.6;0.0
496.0;1021.3;3139.5;0.0
492.0;1021.3;3338.2;0.0
535.0;1018.6;3261.3;0.0
110.0;941.2;3416.6;44.0
66.6;793.6;4677.5;0.0
48.9;539.8;10583.5;0.0
57.4;245.6;1270.0;0.0
58.5;245.6;2308.0;0.0
79.1;245.9;6007.1;0.0
75.2;570.9;412.1;0.0
74.1;577.9;4131.7;1960.0
101.5;277.1;5729.4;1920.0
49.9;563.4;6.0;2604.0
3.1;247.0;0.7;188.0
112.8;183.5;0.0;0.0
