48.1;193.8;305.0;0.0
89.4;139.0;619.2;0.0
147.4;139.8;76.8;0.0
226.8;156.4;40.1;0.0
0.0;156.4;0.0;0.0
0.0;156.4;0.1;0.0
0.0;156.4;0.0;0.0
55.0;156.4;13.2;0.0
0.0;156.4;13.0;0.0
0.0;156.4;0.0;0.0
0.0;156.4;0.7;0.0
0.0;156.4;0.0;0.0
0.0;156.4;0.5;0.0
0.0;156.4;4.4;0.0
0.0;156.4;6.4;0.0
0.0;186.3;3.3;0.0
190.9;159.8;2.1;0.0
297.5;160.2;64.4;0.0
204.8;160.5;49.1;0.0
333.2;161.2;64.9;0.0
497.0;161.2;6.1;0.0
50.0;161.2;64.0;0.0
244.0;161.2;5.6;0.0
0.0;161.2;7.8;0.0
0.0;161.2;0.0;0.0
0.0;161.2;6.7;0.0
0.0;161.2;0.0;0.0
0.0;161.2;2.5;0.0
0.0;161.2;1.1;0.0
0.0;161.2;0.6;0.0
0.0;161.2;1.1;0.0
521.4;257.5;129.4;44.0
566.5;1083.6;27291.0;0.0
149.0;1426.2;22958.3;0.0
2931.9;1245.5;209.6;2116.0
111.6;894.5;1897.8;2816.0
81.5;557.1;16091.3;704.0
