70.9;203.0;304.4;0.0
104.9;208.2;87.4;0.0
143.0;193.4;463.8;0.0
151.0;241.2;125.1;0.0
149.0;156.2;177.0;0.0
0.0;156.2;1.1;0.0
0.0;156.2;1.0;0.0
0.0;156.2;0.0;0.0
0.0;156.2;2.3;0.0
0.0;156.2;0.0;0.0
0.0;156.2;0.7;0.0
0.0;156.2;0.0;0.0
0.0;156.2;0.6;0.0
0.0;156.2;0.0;0.0
0.0;156.2;0.8;0.0
0.0;156.2;0.0;0.0
296.9;159.2;1.3;0.0
249.8;159.2;6.0;0.0
36.0;159.9;54.6;0.0
284.8;160.4;67.1;0.0
62.9;160.4;0.0;0.0
76.0;160.4;0.0;0.0
88.8;160.4;0.0;0.0
74.0;160.4;0.0;0.0
341.0;160.4;28.0;0.0
273.9;161.2;13.1;0.0
199.0;161.2;14.1;0.0
0.0;161.2;1.0;0.0
0.0;161.2;0.0;0.0
50.0;161.2;2.3;0.0
0.0;161.2;0.0;0.0
0.0;161.2;0.7;0.0
0.0;161.2;0.0;0.0
0.0;161.2;0.5;0.0
0.0;161.2;0.0;0.0
0.0;161.2;3.7;0.0
0.0;161.2;0.0;0.0
99.8;326.7;73.7;4.0
71.0;526.6;592.0;0.0
49.9;215.0;4249.4;0.0
69.0;245.7;7613.5;0.0
60.9;245.7;339.2;0.0
69.5;245.7;518.6;0.0
61.8;245.7;579.2;0.0
93.0;246.0;1541.8;0.0
99.5;246.0;955.2;0.0
63.5;246.0;493.0;0.0
66.1;246.0;581.2;0.0
84.8;578.4;1486.9;0.0
110.0;578.4;3753.6;2156.0
74.0;578.4;3853.8;2816.0
127.0;563.2;2122.5;880.0
97.7;1119.4;10.0;3240.0
