94.0;345.8;1214.6;0.0
270.5;500.5;575.2;0.0
881.5;310.2;583.8;0.0
321.2;156.4;441.1;0.0
0.0;156.4;1.0;0.0
0.0;156.4;1.1;0.0
0.0;156.4;12.0;0.0
0.0;156.4;13.2;0.0
0.0;156.4;7.0;0.0
0.0;156.4;7.7;0.0
0.0;156.4;6.0;0.0
0.0;156.4;4.5;0.0
0.0;156.4;7.0;0.0
0.0;156.4;4.7;0.0
98.0;191.4;1.0;0.0
399.0;158.5;21.3;0.0
102.5;159.5;40.0;0.0
68.5;159.5;0.0;0.0
362.9;160.3;26.4;0.0
137.9;160.7;44.0;0.0
56.5;160.7;0.0;0.0
71.8;160.7;7.0;0.0
545.6;160.7;24.0;0.0
259.9;160.7;39.0;0.0
55.0;160.7;33.1;0.0
210.1;161.5;44.0;0.0
0.0;161.5;12.1;0.0
0.0;161.5;0.0;0.0
55.0;161.5;7.3;0.0
0.0;161.5;0.0;0.0
0.0;161.5;0.7;0.0
0.0;161.5;0.0;0.0
0.0;161.5;2.6;0.0
0.0;161.5;0.0;0.0
144.0;161.5;6.9;0.0
450.0;347.5;180.0;40.0
188.0;957.0;41830.9;44.0
55.5;1128.9;19744.5;0.0
82.5;850.1;10556.4;5440.0
68.0;869.8;7406.3;0.0
50.0;245.8;320.4;0.0
50.0;245.8;329.8;0.0
49.6;245.8;326.4;0.0
50.0;246.2;328.4;0.0
50.5;246.2;359.6;0.0
50.0;246.2;348.2;0.0
48.7;246.2;371.8;0.0
50.0;246.2;354.3;0.0
50.0;277.7;154.4;0.0
51.6;277.7;1.0;324.0
50.0;277.7;0.4;128.0
49.7;247.4;0.3;60.0
