59.2;234.6;909.2;0.0
228.7;482.9;123.1;0.0
823.9;308.8;514.5;0.0
385.0;156.4;441.1;0.0
50.0;156.4;1.0;0.0
0.0;156.4;0.0;0.0
0.0;156.4;12.0;0.0
0.0;156.4;7.0;0.0
0.0;156.4;0.0;0.0
0.0;156.4;5.0;0.0
0.0;156.4;0.0;0.0
0.0;156.4;6.0;0.0
0.0;156.4;0.0;0.0
352.0;194.4;4.0;0.0
0.0;198.4;23.0;0.0
482.0;201.4;40.0;0.0
492.0;201.4;1.0;0.0
48.0;201.4;30.0;0.0
249.0;210.4;39.0;0.0
0.0;210.4;1.0;0.0
0.0;210.4;0.0;0.0
0.0;210.4;13.0;0.0
0.0;210.4;0.0;0.0
0.0;210.4;7.0;0.0
0.0;210.4;0.0;0.0
0.0;210.4;4.0;0.0
0.0;210.4;0.0;0.0
48.0;210.4;7.0;0.0
0.0;210.4;0.0;0.0
385.0;270.4;156.0;40.0
470.0;438.4;385.0;0.0
521.0;754.4;10325.0;0.0
499.0;757.4;10951.0;0.0
498.0;1065.4;2557.0;0.0
475.0;1065.4;3796.0;0.0
530.0;1065.4;4842.0;0.0
499.0;1065.4;3132.0;0.0
486.0;1065.4;4030.0;0.0
500.0;1065.4;4372.0;0.0
496.0;1068.4;3152.0;0.0
494.0;1068.4;5514.0;0.0
531.0;1068.4;4300.0;0.0
474.0;1068.4;5088.0;0.0
497.0;1383.4;541.0;1320.0
498.0;1383.4;8.0;2560.0
500.0;1383.4;4.0;1280.0
540.0;469.4;3.0;480.0
0.0;156.4;0.0;0.0
0.0;156.4;0.0;0.0
0.0;156.4;0.0;0.0
0.0;156.4;0.0;0.0
0.0;156.4;0.0;0.0
0.0;156.4;0.0;0.0
0.0;156.4;0.0;0.0
0.0;156.4;0.0;0.0
0.0;156.4;0.1;0.0
0.0;156.4;0.0;0.0
0.0;156.4;1.3;0.0
0.0;156.4;0.0;0.0
0.0;156.4;0.7;0.0
0.0;156.4;0.0;0.0
0.0;156.4;0.5;0.0
0.0;156.4;0.0;0.0
0.0;156.4;0.7;0.0
0.0;156.4;0.0;0.0
19.9;159.5;0.2;0.0
50.0;159.5;0.0;0.0
50.0;160.1;0.3;0.0
0.0;160.1;2.2;0.0
44.8;160.6;4.1;0.0
50.5;160.6;0.0;0.0
51.8;160.9;0.0;0.0
49.7;160.9;0.0;0.0
45.0;160.9;1.1;0.0
4.7;161.1;6.2;0.0
19.9;161.7;0.0;0.0
0.0;161.7;0.1;0.0
0.0;161.7;0.0;0.0
0.0;161.7;1.2;0.0
0.0;161.7;0.0;0.0
0.0;161.7;0.7;0.0
0.0;161.7;0.0;0.0
0.0;161.7;0.5;0.0
0.0;161.7;0.0;0.0
0.0;161.7;0.7;0.0
0.0;161.7;0.0;0.0
34.8;164.9;15.0;4.0
44.9;183.6;38.5;0.0
50.0;215.3;727.9;0.0
53.1;246.0;859.9;0.0
48.0;246.0;320.9;0.0
49.9;246.0;349.6;0.0
50.0;246.0;318.6;0.0
54.2;246.3;335.0;0.0
50.0;246.3;320.2;0.0
50.0;246.3;357.6;0.0
49.8;246.3;356.3;0.0
49.0;246.3;372.6;0.0
49.7;277.8;207.6;0.0
50.4;277.8;1.0;324.0
