69.8;340.7;1212.6;0.0
398.4;425.0;417.0;0.0
539.0;375.0;607.7;0.0
130.9;170.7;555.5;0.0
659.5;156.1;19.9;0.0
0.0;156.1;0.0;0.0
0.0;156.1;11.1;0.0
0.0;156.1;0.0;0.0
0.0;156.1;5.1;0.0
0.0;156.1;0.0;0.0
0.0;156.1;1.7;0.0
0.0;156.1;0.0;0.0
0.0;156.1;2.5;0.0
0.0;156.1;6.6;0.0
149.0;185.1;3.0;0.0
360.3;159.3;2.3;0.0
630.3;159.3;20.0;0.0
424.6;159.9;3.3;0.0
0.0;159.9;24.2;88.0
198.0;159.9;39.0;0.0
493.0;159.9;0.0;0.0
428.7;160.5;46.2;0.0
532.4;160.5;30.0;0.0
301.0;160.7;41.0;0.0
569.8;160.7;1.0;0.0
539.0;160.7;0.0;0.0
328.9;160.7;2.2;0.0
218.9;161.6;58.9;0.0
0.0;161.6;0.1;0.0
0.0;161.6;6.0;0.0
0.0;161.6;14.3;0.0
0.0;161.6;5.0;0.0
0.0;161.6;7.7;0.0
0.0;161.6;3.0;0.0
484.0;248.6;152.4;40.0
499.0;1014.6;28252.0;0.0
500.0;1329.6;34764.7;0.0
500.0;1332.6;19.0;5320.0
391.3;382.1;2.2;0.0
51.5;181.7;52.0;4.0
43.8;215.0;523.3;0.0
52.6;245.8;1998.5;0.0
48.4;277.5;2007.4;0.0
59.1;277.8;0.8;260.0
48.5;247.3;0.9;248.0
