71.9;347.2;1208.0;0.0
243.0;586.4;193.8;0.0
808.5;413.1;891.8;0.0
713.9;299.7;304.7;0.0
273.9;156.7;436.8;0.0
0.0;156.7;0.0;0.0
0.0;156.7;11.1;0.0
0.0;156.7;0.0;0.0
0.0;156.7;7.3;0.0
0.0;156.7;0.0;0.0
0.0;156.7;2.7;0.0
0.0;156.7;0.0;0.0
0.0;156.7;1.6;0.0
0.0;156.7;0.0;0.0
364.0;191.7;5.8;0.0
50.0;196.7;64.0;0.0
482.0;181.6;2.2;0.0
50.0;159.6;0.0;0.0
91.8;159.6;0.0;0.0
362.0;160.1;27.5;0.0
126.0;160.4;41.8;0.0
49.6;160.4;0.0;0.0
200.0;160.4;11.0;0.0
346.7;160.4;61.0;0.0
512.1;160.4;1.0;0.0
55.0;160.7;79.2;0.0
220.0;161.2;14.0;0.0
0.0;161.2;1.1;0.0
0.0;161.2;7.0;0.0
0.0;161.2;14.3;0.0
0.0;161.2;0.0;0.0
55.0;161.2;1.7;0.0
0.0;161.2;0.0;0.0
0.0;161.2;2.6;0.0
0.0;161.2;0.0;0.0
485.0;247.2;141.8;40.0
503.0;1021.2;28914.0;0.0
225.9;1315.3;33534.7;44.0
49.6;1142.1;472.3;1320.0
70.0;857.7;7134.7;3840.0
59.5;275.6;10015.8;200.0
52.0;245.6;323.2;0.0
49.1;245.6;347.0;0.0
45.0;245.6;329.4;0.0
53.4;245.9;332.8;0.0
52.0;245.9;346.6;0.0
50.0;245.9;347.6;0.0
48.4;245.9;375.8;0.0
49.8;245.9;361.0;0.0
50.0;277.4;204.1;0.0
52.7;277.4;0.8;260.0
48.2;277.4;0.6;192.0
49.9;247.0;0.5;72.0
