0.0;155.8;0.0;0.0
0.0;155.8;1.1;0.0
0.0;155.8;1.0;0.0
0.0;155.8;5.5;0.0
0.0;155.8;5.9;0.0
0.0;155.8;0.0;0.0
0.0;155.8;0.7;0.0
0.0;155.8;0.0;0.0
0.0;155.8;1.6;0.0
0.0;155.8;0.0;0.0
0.0;155.8;1.8;0.0
0.0;155.8;0.0;0.0
162.9;159.0;1.2;0.0
349.9;159.6;6.0;0.0
98.8;159.8;52.6;0.0
280.9;160.2;61.6;0.0
362.1;160.2;12.0;0.0
310.6;160.2;56.0;0.0
583.0;160.2;1.0;0.0
499.4;160.2;0.0;0.0
170.9;160.2;2.1;0.0
253.0;161.0;66.0;0.0
0.0;161.0;6.1;0.0
0.0;161.0;0.0;0.0
0.0;161.0;8.2;0.0
0.0;161.0;0.0;0.0
0.0;161.0;1.7;0.0
0.0;161.0;0.0;0.0
186.0;161.0;4.6;0.0
502.0;1024.0;31032.0;40.0
499.0;1339.0;31655.6;0.0
449.0;1344.0;4.0;1320.0
381.6;1339.5;5.3;2560.0
69.9;881.5;184.4;1324.0
50.4;214.4;128.9;0.0
47.7;214.9;1420.3;0.0
50.4;245.7;254.0;0.0
50.0;245.7;322.2;0.0
49.5;245.7;321.4;0.0
53.4;246.1;332.4;0.0
50.0;246.1;323.2;0.0
51.0;246.1;401.8;0.0
48.4;246.1;367.0;0.0
50.0;246.1;358.6;0.0
50.0;277.3;288.3;0.0
48.4;277.6;0.6;196.0
50.0;277.6;0.8;256.0
52.2;277.6;0.0;0.0
51.2;185.5;0.3;64.0
