70.0;344.8;1218.0;0.0
260.0;591.7;283.2;0.0
712.8;425.7;978.7;0.0
713.9;304.2;323.4;0.0
385.0;156.0;432.8;0.0
0.0;156.0;8.0;0.0
0.0;156.0;6.1;0.0
0.0;156.0;0.0;0.0
0.0;156.0;6.1;0.0
0.0;156.0;0.0;0.0
0.0;156.0;1.7;0.0
0.0;156.0;0.0;0.0
222.0;190.0;3.5;0.0
299.0;196.0;6.0;0.0
232.0;202.0;51.6;0.0
549.0;202.0;0.0;0.0
444.6;176.8;3.3;0.0
262.6;159.5;1.1;0.0
85.2;159.9;70.4;0.0
57.0;159.9;0.0;0.0
126.1;159.9;10.1;0.0
50.0;159.9;34.9;0.0
74.9;160.7;46.2;0.0
50.0;160.7;0.1;0.0
0.0;160.7;0.0;0.0
0.0;160.7;2.2;0.0
0.0;160.7;0.0;0.0
0.0;160.7;0.7;0.0
0.0;160.7;0.0;0.0
0.0;160.7;1.7;0.0
0.0;160.7;0.0;0.0
0.0;160.7;0.7;0.0
0.0;160.7;0.0;0.0
190.0;204.9;176.1;44.0
101.0;864.1;22866.6;40.0
50.2;886.7;24533.3;0.0
92.7;890.0;14987.6;2156.0
89.6;578.0;5868.8;2816.0
61.6;246.6;4254.5;792.0
