85.2;318.8;1229.6;0.0
357.8;397.9;727.3;0.0
535.2;357.3;377.8;0.0
526.9;172.8;474.1;0.0
55.0;156.4;20.9;0.0
0.0;156.4;0.0;0.0
0.0;156.4;1.1;0.0
0.0;156.4;0.0;0.0
0.0;156.4;12.1;0.0
0.0;156.4;0.0;0.0
0.0;156.4;7.7;0.0
0.0;156.4;0.0;0.0
0.0;156.4;4.4;0.0
0.0;156.4;0.0;0.0
0.0;156.4;7.7;0.0
0.0;156.4;0.0;0.0
367.4;184.1;3.3;0.0
486.2;184.1;0.0;0.0
383.9;190.7;6.6;0.0
385.0;195.1;62.7;0.0
548.9;198.4;1.1;0.0
55.0;198.4;74.8;0.0
217.8;206.1;1.1;0.0
0.0;206.1;1.1;0.0
0.0;206.1;0.0;0.0
0.0;206.1;14.3;0.0
0.0;206.1;0.0;0.0
55.0;206.1;7.7;0.0
0.0;206.1;0.0;0.0
0.0;206.1;5.5;0.0
0.0;206.1;0.0;0.0
0.0;206.1;8.8;0.0
0.0;206.1;0.0;0.0
466.4;393.1;192.5;44.0
537.9;790.2;639.1;0.0
548.9;795.7;15675.0;0.0
537.9;1133.4;3144.9;0.0
583.0;1133.4;3900.6;0.0
550.0;1133.4;3678.4;0.0
548.9;1133.4;3725.7;0.0
550.0;1136.7;3459.5;0.0
550.0;1136.7;3966.6;0.0
550.0;1136.7;3919.3;0.0
526.9;1136.7;4268.0;0.0
550.0;1481.0;3275.8;0.0
550.0;1483.2;6.6;2156.0
539.0;1483.2;6.6;2112.0
550.0;1149.9;7.7;1452.0
599.5;470.1;0.0;0.0
