95.5;88.0;43.0;0.0
66.1;106.6;72.2;0.0
64.8;126.6;110.7;0.0
93.5;306.7;435.2;0.0
204.0;155.7;390.0;0.0
0.0;155.7;0.0;0.0
50.0;155.7;0.1;0.0
0.0;155.7;0.0;0.0
0.0;155.7;2.2;0.0
0.0;155.7;0.0;0.0
0.0;155.7;0.7;0.0
0.0;155.7;0.0;0.0
0.0;155.7;1.6;0.0
0.0;155.7;0.0;0.0
0.0;155.7;0.8;0.0
0.0;156.6;2.2;0.0
474.7;158.7;2.0;0.0
101.0;158.7;3.0;0.0
220.0;159.3;40.4;0.0
157.0;159.8;44.1;0.0
74.0;159.8;0.0;0.0
104.0;160.1;0.0;0.0
48.2;160.1;0.0;0.0
58.0;160.1;0.0;0.0
359.8;160.1;26.0;0.0
273.9;160.9;19.9;0.0
246.0;160.9;40.1;0.0
0.0;160.9;1.0;0.0
0.0;160.9;13.2;0.0
0.0;160.9;13.0;0.0
0.0;160.9;7.7;0.0
0.0;160.9;7.0;0.0
0.0;160.9;5.5;0.0
0.0;160.9;7.0;0.0
0.0;160.9;7.7;0.0
0.0;160.9;9.0;0.0
200.2;161.4;2.2;0.0
236.9;380.6;576.8;4.0
85.5;526.6;5889.0;0.0
72.9;540.4;6543.2;0.0
83.5;421.4;13770.3;0.0
50.0;245.4;755.4;0.0
104.9;245.8;571.0;0.0
88.5;245.8;520.4;0.0
99.5;245.8;381.6;0.0
50.0;245.8;444.1;0.0
50.0;245.8;1777.3;0.0
96.5;245.8;499.4;0.0
55.0;579.3;2705.7;0.0
72.8;577.3;4490.8;2860.0
76.5;577.3;3678.6;2112.0
65.0;565.9;1742.5;748.0
70.0;1123.9;12.0;3880.0
