132.8;332.7;1211.6;0.0
369.8;524.9;174.2;0.0
879.7;376.5;878.1;0.0
566.5;156.0;547.8;0.0
0.0;156.0;1.0;0.0
0.0;156.0;0.0;0.0
0.0;156.0;11.1;0.0
0.0;156.0;0.0;0.0
0.0;156.0;7.3;0.0
0.0;156.0;0.0;0.0
0.0;156.0;1.7;0.0
0.0;156.0;0.0;0.0
0.0;156.0;4.5;0.0
0.0;156.0;0.0;0.0
276.0;198.0;3.6;0.0
0.0;198.0;41.0;0.0
121.8;159.3;21.2;0.0
68.9;159.9;3.3;0.0
357.3;160.4;67.1;0.0
76.5;160.4;0.0;0.0
60.9;160.4;0.0;0.0
62.0;160.4;7.0;0.0
486.8;160.4;62.0;0.0
94.9;160.4;11.1;0.0
273.9;161.0;66.1;0.0
0.0;161.2;1.1;0.0
0.0;161.2;13.0;0.0
0.0;161.2;13.2;0.0
0.0;161.2;7.0;0.0
0.0;161.2;7.7;0.0
0.0;161.2;6.0;0.0
0.0;161.2;0.0;0.0
0.0;161.2;2.6;0.0
0.0;161.2;0.0;0.0
180.0;161.2;4.7;0.0
466.0;383.2;538.0;40.0
80.5;895.1;46417.5;44.0
97.5;860.8;15278.7;0.0
50.0;549.0;15199.5;5680.0
63.7;868.8;3687.2;0.0
48.5;245.8;337.6;0.0
50.0;245.8;337.8;0.0
49.5;245.8;333.4;0.0
50.0;246.2;322.0;0.0
48.5;246.2;354.8;0.0
49.9;246.2;360.8;0.0
50.2;246.2;404.2;0.0
50.0;277.6;310.9;0.0
49.9;277.6;0.4;132.0
54.6;277.6;0.8;256.0
49.7;277.6;0.2;64.0
50.0;185.6;0.3;64.0
