80.0;350.2;1211.6;0.0
281.1;501.4;580.6;0.0
863.0;312.9;578.4;0.0
383.9;156.1;441.1;0.0
0.0;156.1;1.0;0.0
0.0;156.1;0.0;0.0
0.0;156.1;13.0;0.0
0.0;156.1;0.0;0.0
0.0;156.1;7.0;0.0
0.0;156.1;0.0;0.0
0.0;156.1;5.0;0.0
0.0;156.1;0.0;0.0
0.0;156.1;7.0;0.0
0.0;156.1;0.0;0.0
320.0;194.1;4.0;0.0
92.0;201.1;64.0;0.0
495.0;201.1;0.0;0.0
50.0;201.1;11.0;0.0
0.0;201.1;60.0;0.0
197.0;211.1;1.0;0.0
0.0;211.1;0.0;0.0
0.0;211.1;0.0;0.0
0.0;211.1;1.1;0.0
0.0;211.1;0.0;0.0
0.0;211.1;14.3;0.0
0.0;211.1;0.0;0.0
0.0;211.1;7.7;0.0
0.0;211.1;0.0;0.0
0.0;211.1;0.0;0.0
0.0;211.1;5.5;0.0
0.0;211.1;0.0;0.0
0.0;211.1;7.7;0.0
0.0;211.1;0.0;0.0
434.5;183.2;3.3;0.0
551.1;178.7;0.0;0.0
218.9;176.9;6.6;0.0
385.0;160.3;66.0;0.0
550.0;160.3;0.0;0.0
550.0;160.3;0.0;0.0
522.5;160.3;0.0;0.0
547.8;160.3;0.0;0.0
220.0;160.3;13.2;0.0
273.9;161.1;61.6;0.0
0.0;161.1;1.1;0.0
0.0;161.1;0.0;0.0
0.0;161.1;14.3;0.0
0.0;161.1;0.0;0.0
0.0;161.1;7.7;0.0
0.0;161.1;0.0;0.0
55.0;161.1;6.6;0.0
0.0;161.1;0.0;0.0
0.0;161.1;8.8;0.0
0.0;161.1;0.0;0.0
273.9;161.6;6.6;44.0
493.9;394.8;585.2;0.0
566.5;745.7;6185.3;0.0
544.5;1085.6;10665.6;0.0
544.5;1085.6;3498.0;0.0
545.6;1085.6;3674.0;0.0
550.0;1085.6;3623.4;0.0
589.6;1088.9;4017.2;0.0
532.4;1088.9;3603.6;0.0
550.0;1088.9;3917.1;0.0
550.0;1088.9;3923.7;0.0
603.9;1088.9;3997.4;0.0
514.8;1435.4;2196.7;0.0
550.0;1435.4;8.8;2860.0
544.5;1435.4;6.6;2112.0
550.0;1101.0;3.3;660.0
