102.0;211.4;346.6;0.0
144.0;217.4;245.8;0.0
220.5;256.9;445.5;0.0
480.0;305.1;113.0;0.0
273.9;156.1;437.8;0.0
0.0;156.1;1.0;0.0
0.0;156.1;1.1;0.0
0.0;156.1;0.0;0.0
47.0;156.1;1.3;0.0
0.0;156.1;0.0;0.0
0.0;156.1;0.7;0.0
0.0;156.1;0.0;0.0
0.0;156.1;0.6;0.0
0.0;156.1;7.1;0.0
0.0;156.1;0.0;0.0
143.0;191.1;6.8;0.0
349.0;198.1;5.0;0.0
493.9;158.9;57.3;0.0
302.0;159.5;1.0;0.0
324.9;159.7;3.3;0.0
520.0;159.7;0.0;0.0
469.0;159.7;0.0;0.0
518.0;159.7;0.0;0.0
516.0;159.7;0.0;0.0
447.0;159.7;11.0;0.0
0.0;159.7;59.0;0.0
235.0;181.7;1.0;0.0
0.0;181.7;1.0;0.0
0.0;181.7;0.0;0.0
0.0;181.7;13.0;0.0
0.0;181.7;0.0;0.0
0.0;181.7;7.0;0.0
0.0;181.7;0.0;0.0
0.0;181.7;6.0;0.0
0.0;181.7;0.0;0.0
0.0;181.7;7.0;0.0
0.0;181.7;0.0;0.0
439.0;359.7;181.0;40.0
448.0;412.7;367.0;0.0
525.0;725.7;17213.0;0.0
454.0;1036.7;5842.0;0.0
495.0;1036.7;3508.0;0.0
499.0;1036.7;4952.0;0.0
507.0;1036.7;3742.0;0.0
500.0;1036.7;3394.0;0.0
527.0;1039.7;4155.0;0.0
465.0;1039.7;3625.0;0.0
495.0;1039.7;3584.0;0.0
500.0;1039.7;3560.0;0.0
529.0;1039.7;4207.0;0.0
475.0;1039.7;3779.0;0.0
540.0;1354.7;1553.0;1320.0
438.0;1354.7;10.0;3200.0
526.0;1305.7;5.0;840.0
520.0;430.7;0.0;0.0
0.0;159.7;0.0;0.0
0.0;159.7;0.0;0.0
0.0;159.7;0.0;0.0
0.0;159.7;0.0;0.0
0.0;159.7;0.0;0.0
0.0;159.7;0.0;0.0
0.0;159.7;0.0;0.0
0.0;159.7;0.0;0.0
0.0;159.7;0.0;0.0
0.0;159.7;0.0;0.0
0.0;159.7;0.0;0.0
0.0;159.7;0.0;0.0
0.0;159.7;0.0;0.0
0.0;159.7;0.0;0.0
0.0;159.7;2.2;0.0
43.9;160.1;3.9;0.0
50.0;160.1;0.0;0.0
50.0;160.1;0.0;0.0
47.7;160.1;0.0;0.0
49.9;160.1;0.7;0.0
4.8;160.1;2.3;0.0
24.0;160.9;3.9;0.0
0.0;160.9;0.0;0.0
0.0;160.9;0.0;0.0
0.0;160.9;0.0;0.0
0.0;160.9;0.0;0.0
0.0;160.9;0.0;0.0
0.0;160.9;0.0;0.0
0.0;160.9;0.0;0.0
0.0;160.9;0.0;0.0
0.0;160.9;0.0;0.0
0.0;160.9;0.0;0.0
0.0;160.9;0.0;0.0
0.0;160.9;0.0;0.0
0.0;160.9;0.0;0.0
0.0;160.9;0.0;0.0
0.0;160.9;0.0;0.0
0.0;160.9;0.0;0.0
0.0;160.9;0.0;0.0
0.0;160.9;0.0;0.0
0.0;160.9;0.0;0.0
0.0;160.9;0.0;0.0
0.0;160.9;0.0;0.0
0.0;160.9;0.0;0.0
0.0;160.9;0.0;0.0
