50.9;100.0;103.6;0.0
50.0;146.7;88.4;0.0
112.9;163.5;82.7;0.0
150.0;155.9;52.2;0.0
0.0;155.9;0.0;0.0
0.0;155.9;1.0;0.0
0.0;155.9;1.1;0.0
0.0;155.9;13.0;0.0
0.0;155.9;14.3;0.0
0.0;155.9;7.0;0.0
0.0;155.9;7.7;0.0
0.0;155.9;6.0;0.0
0.0;155.9;5.5;0.0
0.0;155.9;6.0;0.0
0.0;155.9;9.9;0.0
0.0;155.9;2.0;0.0
344.0;159.2;0.2;0.0
140.7;159.2;2.0;0.0
330.0;159.7;6.6;0.0
260.7;160.2;62.7;0.0
540.1;160.2;0.0;0.0
550.0;160.5;0.0;0.0
539.0;160.5;0.0;0.0
550.0;160.5;0.0;0.0
328.9;160.5;13.2;0.0
270.6;161.3;63.8;0.0
0.0;161.3;1.1;0.0
0.0;161.3;0.0;0.0
0.0;161.3;13.2;0.0
0.0;161.3;0.0;0.0
0.0;161.3;7.7;0.0
0.0;161.3;0.0;0.0
0.0;161.3;4.4;0.0
0.0;161.3;2.2;0.0
0.0;161.3;1.1;0.0
0.0;161.3;7.7;0.0
0.0;161.3;0.0;0.0
493.9;255.8;172.7;44.0
544.5;424.1;423.5;0.0
541.2;764.0;13635.6;0.0
543.4;1102.8;4933.5;0.0
605.0;1102.8;3678.4;0.0
482.9;1102.8;3748.8;0.0
550.0;1106.1;3509.0;0.0
602.8;1106.1;3502.4;0.0
550.0;1106.1;3704.8;0.0
550.0;1106.1;3845.6;0.0
547.8;1106.1;3968.8;0.0
543.4;1106.1;4136.0;0.0
548.9;1452.6;1167.1;748.0
540.1;1452.6;11.0;3520.0
554.4;1452.6;2.2;704.0
550.0;1119.3;5.5;748.0
