152.9;388.5;1211.9;0.0
362.4;341.3;999.0;0.0
369.8;251.6;366.8;0.0
163.9;155.9;259.6;0.0
0.0;155.9;1.0;0.0
0.0;155.9;1.1;0.0
0.0;155.9;1.2;0.0
0.0;155.9;0.0;0.0
0.0;155.9;0.7;0.0
0.0;155.9;0.0;0.0
0.0;155.9;2.5;0.0
0.0;155.9;0.0;0.0
0.0;155.9;0.8;0.0
0.0;155.9;0.0;0.0
110.6;158.8;0.2;0.0
182.3;159.4;5.0;0.0
274.5;159.5;57.6;0.0
324.4;160.0;63.8;0.0
102.1;160.0;0.0;0.0
444.9;160.0;3.3;0.0
489.0;160.0;71.5;0.0
293.9;160.8;1.1;0.0
505.0;160.8;1.1;0.0
99.0;160.8;13.0;0.0
300.0;160.8;39.0;0.0
0.0;160.8;5.6;0.0
0.0;160.8;0.0;0.0
0.0;160.8;4.8;0.0
0.0;160.8;0.0;0.0
382.8;194.3;164.6;44.0
550.0;398.9;423.5;0.0
550.0;746.5;7005.4;0.0
550.0;1086.4;9939.6;0.0
550.0;1086.4;3329.5;0.0
600.6;1086.4;3418.8;0.0
500.0;1081.4;3435.5;0.0
59.0;995.7;3101.9;40.0
50.0;245.7;24573.8;0.0
50.0;567.7;30300.4;0.0
66.0;575.7;3641.8;5320.0
82.9;871.7;3710.3;0.0
50.0;245.7;347.7;0.0
45.0;277.2;106.1;68.0
50.0;277.2;0.8;256.0
55.0;277.2;0.4;128.0
44.9;246.9;0.5;76.0
