45.0;194.5;277.6;0.0
93.0;179.0;277.6;0.0
258.7;268.5;310.5;0.0
373.8;307.5;48.9;0.0
385.0;156.3;441.1;0.0
0.0;156.3;0.0;0.0
0.0;156.3;0.1;0.0
0.0;156.3;0.0;0.0
0.0;156.3;14.3;0.0
0.0;156.3;12.0;0.0
0.0;156.3;0.0;0.0
50.0;156.3;0.7;0.0
0.0;156.3;0.0;0.0
0.0;156.3;0.6;0.0
0.0;156.3;0.0;0.0
0.0;156.3;1.6;0.0
0.0;156.3;0.0;0.0
238.8;159.3;1.3;0.0
202.0;159.8;6.0;0.0
79.0;160.0;54.6;0.0
250.8;160.5;61.6;0.0
89.0;160.5;0.0;0.0
88.5;160.5;0.0;0.0
72.0;160.5;0.0;0.0
59.9;160.5;0.0;0.0
268.9;160.5;2.2;0.0
226.9;161.3;5.9;0.0
199.0;161.3;1.1;0.0
0.0;161.3;1.0;0.0
0.0;161.3;12.1;0.0
0.0;161.3;12.0;0.0
0.0;161.3;7.7;0.0
50.0;161.3;7.0;0.0
0.0;161.3;4.4;0.0
0.0;161.3;5.0;0.0
0.0;161.3;8.8;0.0
0.0;161.3;7.0;0.0
162.8;161.8;2.2;0.0
152.9;341.8;186.1;44.0
69.5;246.1;16437.4;40.0
50.0;571.1;28706.3;0.0
147.6;277.6;1741.6;2156.0
88.5;567.2;8.3;1604.0
