55.9;111.2;109.4;0.0
64.0;206.2;180.4;0.0
84.9;156.8;187.0;0.0
200.0;156.1;40.1;0.0
0.0;156.1;0.0;0.0
0.0;156.1;1.0;0.0
0.0;156.1;1.1;0.0
0.0;156.1;0.0;0.0
49.0;156.1;1.2;0.0
0.0;156.1;0.0;0.0
0.0;156.1;0.7;0.0
0.0;156.1;0.0;0.0
0.0;156.1;0.6;0.0
0.0;156.1;0.0;0.0
0.0;156.1;2.9;0.0
0.0;156.1;0.0;0.0
48.8;159.1;1.2;0.0
500.0;159.8;63.1;0.0
498.0;159.8;5.5;0.0
272.1;160.3;64.9;0.0
69.8;160.3;6.6;0.0
457.0;160.5;72.6;0.0
325.0;161.1;0.0;0.0
502.0;161.1;1.1;0.0
199.0;161.1;12.0;0.0
249.0;161.1;48.3;0.0
0.0;161.1;1.0;0.0
0.0;161.1;7.7;0.0
0.0;161.1;13.0;0.0
0.0;161.1;6.6;0.0
0.0;161.1;7.0;0.0
0.0;161.1;8.8;0.0
47.0;161.1;5.0;0.0
328.9;161.6;5.5;44.0
435.6;393.6;581.4;0.0
555.5;1087.7;35271.5;0.0
426.3;1082.7;3983.4;0.0
117.5;990.7;6630.1;40.0
75.2;1204.1;2897.4;748.0
51.2;558.9;16500.7;4972.0
68.0;822.0;5875.0;0.0
