45.0;99.5;85.5;0.0
50.0;140.6;179.2;0.0
175.0;182.1;135.5;0.0
100.0;195.6;61.7;0.0
45.1;156.2;80.3;0.0
0.0;156.2;1.0;0.0
0.0;156.2;1.1;0.0
0.0;156.2;0.0;0.0
0.0;156.2;1.3;0.0
0.0;156.2;7.7;0.0
0.0;156.2;2.5;0.0
0.0;156.2;5.0;0.0
0.0;156.2;8.8;0.0
0.0;156.2;8.0;0.0
0.0;183.3;2.2;0.0
92.0;159.9;3.0;0.0
913.2;160.1;2.5;0.0
165.0;160.6;60.7;0.0
502.0;160.6;57.0;0.0
64.0;160.6;0.0;0.0
50.0;160.6;1.0;0.0
500.0;160.6;30.0;0.0
319.0;160.6;32.1;0.0
55.0;160.8;66.1;0.0
220.0;161.4;0.0;0.0
0.0;161.4;11.1;0.0
0.0;161.4;0.0;0.0
0.0;161.4;7.0;0.0
0.0;161.4;0.0;0.0
0.0;161.4;7.2;0.0
0.0;161.4;0.0;0.0
0.0;161.4;2.7;0.0
0.0;161.4;0.0;0.0
400.0;196.4;151.6;40.0
475.0;389.4;385.0;0.0
488.0;706.4;7841.7;0.0
516.0;710.4;12968.0;0.0
319.9;1013.9;2707.2;0.0
69.0;833.0;2860.0;44.0
62.0;536.9;2324.4;0.0
50.0;533.3;11248.6;0.0
86.0;246.1;2111.1;0.0
62.0;246.1;885.2;0.0
57.0;246.1;1504.3;0.0
55.0;246.4;863.7;0.0
65.0;246.4;1566.2;0.0
50.0;246.4;634.0;0.0
74.0;568.4;695.2;0.0
81.0;570.4;3628.8;3240.0
50.0;570.4;3797.6;1280.0
74.0;572.9;2774.7;840.0
50.0;277.9;0.6;196.0
50.0;277.9;0.8;256.0
50.0;277.9;0.2;64.0
50.0;185.8;0.3;4.0
