116.0;257.0;248.6;0.0
90.0;195.1;875.0;0.0
262.9;242.7;389.6;0.0
373.9;300.5;144.5;0.0
273.9;156.1;429.0;0.0
0.0;156.1;1.0;0.0
0.0;156.1;1.1;0.0
0.0;156.1;12.0;0.0
0.0;156.1;13.2;0.0
0.0;156.1;7.0;0.0
0.0;156.1;7.7;0.0
0.0;156.1;6.0;0.0
0.0;156.1;6.6;0.0
0.0;156.1;7.0;0.0
0.0;156.1;8.8;0.0
197.0;189.1;3.0;0.0
156.9;159.1;3.3;0.0
76.4;159.7;59.0;0.0
495.0;159.9;27.3;0.0
159.0;160.3;23.9;0.0
550.0;160.3;1.0;0.0
551.1;160.3;0.0;0.0
550.0;160.3;13.0;0.0
521.4;160.3;0.0;0.0
379.5;160.3;5.1;0.0
229.9;161.1;64.0;0.0
0.0;161.1;3.1;0.0
0.0;161.1;0.0;0.0
0.0;161.1;6.3;0.0
0.0;161.1;0.0;0.0
449.0;232.1;150.7;40.0
515.0;401.1;385.0;0.0
474.0;711.1;13824.7;0.0
518.0;1022.1;7720.0;0.0
488.0;1022.1;3261.9;0.0
525.0;1022.1;4040.0;0.0
474.0;1022.1;4094.2;0.0
49.6;950.1;3219.7;44.0
50.0;538.8;7550.4;0.0
84.0;245.6;2921.8;0.0
116.0;245.6;1599.1;0.0
117.4;578.3;22034.6;0.0
85.7;573.3;3999.6;2156.0
68.4;247.1;4280.3;3740.0
