82.0;122.8;186.8;0.0
98.9;165.5;151.0;0.0
194.8;138.4;128.0;0.0
96.9;156.3;40.1;0.0
0.0;156.3;0.0;0.0
0.0;156.3;1.0;0.0
0.0;156.3;1.1;0.0
0.0;156.3;0.0;0.0
0.0;156.3;2.3;0.0
0.0;156.3;0.0;0.0
0.0;156.3;0.7;0.0
0.0;156.3;0.0;0.0
0.0;156.3;0.6;0.0
0.0;156.3;0.0;0.0
0.0;156.3;1.8;0.0
0.0;156.3;0.0;0.0
137.1;159.1;0.2;0.0
449.9;159.1;6.0;0.0
45.0;159.8;52.5;0.0
276.6;160.2;64.9;0.0
61.8;160.2;0.0;0.0
59.5;160.2;0.0;0.0
49.8;160.2;0.0;0.0
58.0;160.2;0.0;0.0
184.0;160.2;13.2;0.0
125.0;160.9;50.7;0.0
244.0;160.9;57.1;0.0
0.0;160.9;1.0;0.0
0.0;160.9;5.5;0.0
0.0;160.9;5.8;0.0
0.0;160.9;0.0;0.0
0.0;160.9;0.7;0.0
0.0;160.9;4.4;0.0
50.0;160.9;6.0;0.0
0.0;160.9;7.7;0.0
0.0;160.9;7.0;0.0
102.3;161.2;2.2;0.0
246.9;340.2;183.9;44.0
113.0;528.8;11535.5;40.0
61.5;580.4;6403.8;0.0
96.8;277.4;30408.6;2156.0
74.0;277.4;2.8;856.0
62.0;568.0;8.5;2788.0
64.0;185.2;0.0;0.0
