69.9;191.6;318.4;0.0
56.0;207.7;209.8;0.0
93.0;398.6;145.8;0.0
713.9;299.3;295.7;0.0
273.9;156.0;426.8;0.0
0.0;156.0;1.0;0.0
0.0;156.0;1.1;0.0
50.0;156.0;13.0;0.0
0.0;156.0;13.2;0.0
0.0;156.0;7.0;0.0
0.0;156.0;7.7;0.0
0.0;156.0;6.0;0.0
0.0;156.0;6.6;0.0
0.0;156.0;9.0;0.0
0.0;156.0;6.6;0.0
186.0;186.0;2.0;0.0
254.0;174.0;2.3;0.0
351.0;159.0;57.0;0.0
63.3;159.0;0.0;0.0
437.9;159.5;27.5;0.0
93.0;160.0;44.0;0.0
50.0;160.0;0.0;0.0
76.0;160.0;0.0;0.0
56.5;160.0;0.0;0.0
394.4;160.3;30.0;0.0
107.0;160.3;14.0;0.0
273.9;161.1;43.0;0.0
0.0;161.1;1.1;0.0
0.0;161.1;13.0;0.0
0.0;161.1;14.3;0.0
0.0;161.1;0.0;0.0
0.0;161.1;0.7;0.0
0.0;161.1;0.0;0.0
0.0;161.1;1.6;0.0
0.0;161.1;0.0;0.0
50.0;161.1;1.7;0.0
0.0;161.1;0.0;0.0
75.8;181.6;81.2;40.0
55.0;824.6;30303.3;44.0
58.4;849.7;27136.6;0.0
84.4;577.5;11722.4;2600.0
61.0;577.5;3470.5;2680.0
73.9;835.5;3592.6;0.0
48.5;245.5;315.6;0.0
44.9;245.9;326.4;0.0
49.9;245.9;313.8;0.0
53.4;245.9;356.3;0.0
49.9;245.9;336.9;0.0
49.9;245.9;366.8;0.0
48.9;277.4;326.7;0.0
54.9;277.4;0.6;196.0
50.0;277.4;0.8;256.0
50.0;247.1;0.3;64.0
50.0;185.3;0.0;0.0
