103.9;190.7;311.4;0.0
49.9;183.8;230.0;0.0
277.8;238.6;422.6;0.0
369.8;302.5;140.9;0.0
259.6;156.0;424.6;0.0
0.0;156.0;0.0;0.0
0.0;156.0;0.1;0.0
0.0;156.0;0.0;0.0
0.0;156.0;1.2;0.0
0.0;156.0;0.0;0.0
0.0;156.0;0.7;0.0
0.0;156.0;0.0;0.0
0.0;156.0;1.4;0.0
0.0;156.0;0.0;0.0
0.0;156.0;1.7;0.0
0.0;156.0;0.0;0.0
110.0;158.8;1.2;0.0
249.9;159.4;5.0;0.0
266.1;159.4;59.0;0.0
410.0;159.5;27.5;0.0
44.9;159.9;41.8;0.0
57.0;159.9;0.0;0.0
82.5;159.9;0.0;0.0
84.4;159.9;0.0;0.0
76.9;159.9;12.1;0.0
303.0;160.1;52.8;0.0
64.4;160.6;59.0;0.0
149.0;160.6;0.1;0.0
0.0;160.6;0.0;0.0
0.0;160.6;1.2;0.0
0.0;160.6;0.0;0.0
0.0;160.6;7.7;0.0
0.0;160.6;7.0;0.0
0.0;160.6;1.6;0.0
0.0;160.6;1.0;0.0
0.0;160.6;1.7;0.0
0.0;160.6;2.2;0.0
401.9;237.9;163.1;44.0
126.1;233.8;250.5;40.0
60.0;513.6;13797.7;0.0
65.1;541.4;8132.2;0.0
64.6;576.9;21045.3;0.0
62.5;580.2;3204.6;2156.0
117.0;580.2;3866.8;2816.0
