101.0;221.0;324.8;0.0
91.9;208.2;235.6;0.0
271.1;263.9;384.4;0.0
475.5;309.2;77.0;0.0
328.9;155.8;441.1;0.0
0.0;155.8;1.0;0.0
0.0;155.8;1.1;0.0
0.0;155.8;0.0;0.0
0.0;155.8;2.2;0.0
0.0;155.8;0.0;0.0
0.0;155.8;0.7;0.0
0.0;155.8;0.0;0.0
0.0;155.8;1.6;0.0
0.0;155.8;0.0;0.0
0.0;155.8;0.8;0.0
0.0;155.8;0.0;0.0
352.0;158.8;4.2;0.0
536.8;158.8;3.0;0.0
209.0;175.8;60.0;0.0
435.0;159.3;26.4;0.0
150.0;159.8;42.9;0.0
49.9;159.8;0.0;0.0
79.0;159.8;0.0;0.0
49.6;159.8;0.0;0.0
195.4;160.0;11.0;0.0
66.9;160.0;43.1;0.0
66.6;160.8;55.0;0.0
53.9;160.8;0.1;0.0
0.0;160.8;0.0;0.0
50.0;160.8;2.3;0.0
0.0;160.8;0.0;0.0
0.0;160.8;0.7;0.0
0.0;160.8;0.0;0.0
0.0;160.8;2.6;0.0
0.0;160.8;0.0;0.0
0.0;160.8;1.8;0.0
0.0;160.8;0.0;0.0
213.9;192.3;152.3;40.0
49.9;830.1;29984.9;44.0
104.0;858.1;28438.0;0.0
49.9;860.2;12956.2;1320.0
98.3;583.0;2996.1;2560.0
49.8;583.0;3706.3;1280.0
61.0;830.0;4151.7;80.0
49.6;245.3;337.4;0.0
55.0;245.3;321.3;0.0
47.5;245.3;366.1;0.0
48.5;245.3;371.8;0.0
48.6;245.3;367.6;0.0
50.0;276.8;204.5;0.0
53.1;276.8;0.8;260.0
47.0;276.8;0.6;192.0
53.1;246.4;0.5;72.0
