131.2;90.7;47.6;0.0
140.1;202.8;648.0;0.0
146.8;240.8;381.9;0.0
230.5;263.8;47.3;0.0
273.9;156.3;306.9;0.0
0.0;156.3;0.0;0.0
0.0;156.3;1.1;0.0
0.0;156.3;0.0;0.0
0.0;156.3;13.2;0.0
0.0;156.3;0.0;0.0
0.0;156.3;7.7;0.0
0.0;156.3;0.0;0.0
0.0;156.3;6.6;0.0
0.0;156.3;0.0;0.0
0.0;156.3;7.7;0.0
0.0;156.3;0.0;0.0
363.0;183.1;3.3;0.0
558.8;190.8;3.3;0.0
0.0;190.8;24.2;0.0
0.0;190.8;0.0;0.0
157.3;195.2;45.1;0.0
591.8;195.2;0.0;0.0
481.8;195.2;0.0;0.0
589.6;195.2;0.0;0.0
489.5;195.2;0.0;0.0
218.9;195.2;13.2;0.0
273.9;202.9;66.0;0.0
0.0;202.9;1.1;0.0
0.0;202.9;0.0;0.0
0.0;202.9;13.2;0.0
0.0;202.9;0.0;0.0
0.0;202.9;7.7;0.0
0.0;202.9;0.0;0.0
0.0;202.9;6.6;0.0
0.0;202.9;0.0;0.0
0.0;202.9;7.7;0.0
0.0;202.9;0.0;0.0
162.8;208.4;3.3;0.0
548.9;413.0;515.9;44.0
550.0;791.4;1642.3;0.0
550.0;795.8;15203.1;0.0
547.8;1134.6;2300.1;0.0
550.0;1134.6;3726.8;0.0
531.3;1134.6;3713.6;0.0
550.0;1134.6;3509.0;0.0
542.3;1137.9;3542.0;0.0
550.0;1137.9;3676.2;0.0
605.0;1137.9;3834.6;0.0
515.9;1137.9;4182.2;0.0
548.9;1326.0;4007.3;0.0
548.9;1484.4;24.2;1452.0
550.0;1484.4;8.8;2816.0
550.0;1484.4;2.2;704.0
594.0;470.2;5.5;924.0
