97.0;114.2;127.4;1120.0
97.8;147.0;117.5;0.0
141.9;138.7;83.9;0.0
40.0;156.4;40.1;0.0
0.0;156.4;0.0;0.0
0.0;156.4;0.0;0.0
0.0;156.4;0.1;0.0
0.0;156.4;0.0;0.0
0.0;156.4;14.3;0.0
0.0;156.4;13.0;0.0
55.0;156.4;7.7;0.0
0.0;156.4;7.0;0.0
0.0;156.4;5.5;0.0
0.0;156.4;7.0;0.0
0.0;156.4;8.8;0.0
0.0;156.4;8.0;0.0
385.0;189.2;2.2;0.0
347.0;159.2;3.0;0.0
123.0;159.8;1.6;0.0
181.9;160.2;9.7;0.0
104.9;160.2;0.0;0.0
78.5;160.2;0.0;0.0
50.0;160.2;0.0;0.0
74.6;160.2;0.0;0.0
410.0;160.5;34.1;0.0
237.8;161.2;40.7;0.0
194.0;161.2;11.1;0.0
299.0;161.2;60.0;0.0
0.0;161.2;13.3;0.0
0.0;161.2;0.0;0.0
0.0;161.2;5.7;0.0
0.0;161.2;0.0;0.0
0.0;161.2;0.7;0.0
0.0;161.2;0.0;0.0
0.0;161.2;2.7;0.0
0.0;161.2;0.0;0.0
165.0;161.7;2.2;0.0
558.8;378.4;582.3;44.0
545.6;1087.9;40903.5;0.0
432.0;1290.2;8217.9;40.0
796.7;577.4;46027.0;3564.0
54.0;277.4;16535.4;1408.0
