45.0;99.4;88.2;0.0
100.5;152.3;198.1;0.0
133.6;182.1;158.6;0.0
100.0;240.6;155.3;0.0
55.0;156.2;194.7;0.0
0.0;156.2;1.0;0.0
0.0;156.2;1.1;0.0
0.0;156.2;0.0;0.0
0.0;156.2;1.3;0.0
0.0;156.2;0.0;0.0
0.0;156.2;0.7;0.0
0.0;156.2;5.0;0.0
52.8;156.2;6.6;0.0
0.0;156.2;8.0;0.0
0.0;156.2;4.4;0.0
92.0;191.2;3.0;0.0
398.0;197.2;1.4;0.0
0.0;197.2;2.0;0.0
331.5;176.0;54.3;0.0
261.0;160.2;6.6;0.0
281.8;160.5;60.6;0.0
445.0;160.5;30.0;0.0
319.0;160.5;42.0;0.0
595.1;160.5;1.0;0.0
519.2;160.5;0.0;0.0
573.1;160.5;12.0;0.0
547.8;160.5;0.0;0.0
534.6;160.5;5.1;0.0
0.0;160.7;64.9;0.0
497.2;161.4;4.2;0.0
0.0;161.4;0.0;0.0
0.0;161.4;9.0;0.0
0.0;161.4;14.3;0.0
400.0;196.4;157.0;40.0
475.0;389.4;378.7;0.0
488.0;706.4;7848.0;0.0
516.0;710.4;12962.6;0.0
499.0;1018.4;2709.0;0.0
474.0;1018.4;3341.5;0.0
543.0;1018.4;3597.0;0.0
498.0;1018.4;3196.5;0.0
464.0;1018.4;4533.0;0.0
197.0;1013.9;3585.2;0.0
67.8;833.9;3896.5;44.0
49.7;530.6;16066.2;0.0
60.5;247.1;34782.5;0.0
89.4;247.1;2343.4;0.0
71.1;278.3;571.9;0.0
64.0;278.6;2.8;900.0
88.4;555.1;8.1;1668.0
