63.0;205.6;424.4;0.0
98.0;225.8;203.8;0.0
165.6;255.2;485.5;0.0
401.6;300.4;113.0;0.0
273.9;156.4;437.8;0.0
0.0;156.4;1.0;0.0
0.0;156.4;1.1;0.0
0.0;156.4;0.0;0.0
0.0;156.4;2.3;0.0
0.0;156.4;0.0;0.0
0.0;156.4;0.7;0.0
0.0;156.4;0.0;0.0
0.0;156.4;2.4;0.0
0.0;156.4;0.0;0.0
0.0;156.4;2.5;0.0
0.0;156.4;0.0;0.0
435.0;185.4;3.5;0.0
99.0;191.4;6.0;0.0
315.0;159.4;54.3;0.0
50.0;160.6;0.0;0.0
396.0;160.6;27.5;0.0
136.0;160.8;41.8;0.0
49.4;160.8;0.0;0.0
70.6;160.8;0.0;0.0
60.7;160.8;0.0;0.0
387.9;160.8;12.0;0.0
306.0;160.8;58.0;0.0
550.0;160.8;1.0;0.0
328.9;160.8;12.1;0.0
214.5;161.4;51.9;0.0
328.9;161.8;1.1;0.0
0.0;161.8;7.0;0.0
0.0;161.8;13.2;0.0
50.0;161.8;6.0;0.0
0.0;161.8;7.7;0.0
0.0;161.8;7.0;0.0
0.0;161.8;0.0;0.0
247.0;161.8;4.6;0.0
470.0;377.8;537.0;40.0
494.0;1014.8;32243.5;0.0
500.0;1329.8;30414.0;0.0
476.0;1334.8;0.6;1960.0
512.0;1334.8;13.0;3400.0
125.2;408.3;2.2;0.0
48.6;183.6;53.9;4.0
50.5;247.1;2781.1;0.0
50.3;278.6;3341.1;0.0
49.8;278.9;0.4;132.0
49.0;278.9;1.5;420.0
