87.4;114.1;158.6;0.0
133.3;138.4;55.2;0.0
146.0;155.9;40.1;0.0
0.0;155.9;0.0;0.0
0.0;155.9;1.0;0.0
0.0;155.9;1.1;0.0
0.0;155.9;13.0;0.0
0.0;155.9;13.2;0.0
0.0;155.9;7.0;0.0
0.0;155.9;7.7;0.0
0.0;155.9;5.0;0.0
0.0;155.9;5.5;0.0
0.0;155.9;1.0;0.0
0.0;155.9;3.4;0.0
0.0;155.9;2.0;0.0
521.0;200.9;3.4;0.0
0.0;200.9;50.0;0.0
137.9;177.8;20.2;0.0
270.6;159.3;17.6;0.0
95.8;160.0;23.8;0.0
569.8;160.0;1.0;0.0
539.0;160.0;0.0;0.0
55.0;160.0;22.2;0.0
493.9;160.5;37.0;0.0
55.0;160.9;1.1;0.0
0.0;160.9;6.0;0.0
0.0;160.9;13.2;0.0
0.0;160.9;9.0;0.0
0.0;160.9;7.7;0.0
93.0;160.9;3.0;0.0
530.0;358.9;170.5;40.0
489.0;404.9;357.0;0.0
497.0;712.9;17379.4;0.0
508.0;1024.9;5286.0;0.0
496.0;1024.9;3139.5;0.0
492.0;1024.9;3340.0;0.0
300.1;1020.4;3262.2;0.0
55.0;943.0;3423.8;44.0
81.0;818.8;4677.5;0.0
108.5;538.0;4116.6;0.0
66.6;542.0;8526.0;0.0
75.0;246.1;1192.7;0.0
78.2;246.1;1123.0;0.0
76.1;569.1;1187.2;0.0
77.4;576.1;3532.2;1960.0
93.8;576.1;3470.0;1920.0
68.9;273.1;3908.8;960.0
53.1;246.1;334.4;0.0
49.9;246.1;335.2;0.0
48.7;246.6;359.8;0.0
49.8;246.6;359.6;0.0
49.9;246.6;326.5;0.0
48.6;246.6;356.3;0.0
53.0;278.1;174.7;0.0
47.0;278.1;1.0;324.0
49.8;278.1;0.6;192.0
49.6;247.6;0.3;28.0
