65.0;329.5;1229.6;0.0
300.0;588.7;263.4;0.0
700.2;414.6;972.2;0.0
766.7;303.9;304.7;0.0
383.9;156.2;436.8;0.0
0.0;156.2;0.0;0.0
0.0;156.2;12.1;0.0
0.0;156.2;0.0;0.0
0.0;156.2;1.8;0.0
0.0;156.2;5.5;0.0
0.0;156.2;2.7;0.0
0.0;156.2;0.0;0.0
0.0;156.2;3.4;0.0
0.0;156.2;2.2;0.0
320.0;193.2;0.4;0.0
92.0;200.2;63.1;0.0
495.0;200.2;3.3;0.0
50.0;200.2;10.1;0.0
55.0;185.8;57.3;0.0
353.0;177.8;1.0;0.0
110.0;160.3;16.5;0.0
320.1;160.5;52.8;0.0
550.0;160.5;0.0;0.0
550.0;160.5;0.0;0.0
550.0;160.5;0.0;0.0
541.2;160.5;0.0;0.0
577.5;160.5;0.0;0.0
577.5;160.5;0.0;0.0
385.0;160.5;12.1;0.0
110.0;161.1;63.8;0.0
385.0;161.4;1.1;0.0
0.0;161.4;0.0;0.0
0.0;161.4;13.2;0.0
0.0;161.4;0.0;0.0
0.0;161.4;7.7;0.0
0.0;161.4;0.0;0.0
0.0;161.4;2.2;0.0
0.0;161.4;4.4;0.0
0.0;161.4;0.0;0.0
0.0;161.4;4.4;0.0
0.0;161.4;0.0;0.0
0.0;161.4;4.4;0.0
0.0;161.4;0.0;0.0
495.0;161.9;2.2;0.0
550.0;401.4;594.0;44.0
580.8;757.8;1669.8;0.0
548.9;757.8;15502.3;0.0
492.8;1099.9;6540.6;0.0
569.8;1099.9;3705.9;0.0
550.0;1099.9;3606.9;0.0
605.0;1099.9;3568.4;0.0
550.0;1099.9;3542.0;0.0
550.0;1099.9;3781.8;0.0
547.8;1099.9;3667.4;0.0
550.0;1099.9;4227.3;0.0
541.2;1103.2;3835.7;0.0
539.0;1103.2;4195.4;0.0
587.4;1103.2;4362.6;0.0
550.0;1103.2;3940.2;0.0
512.6;1449.7;1703.9;0.0
566.5;1449.7;11.0;3564.0
556.6;1449.7;6.6;2112.0
526.9;1115.3;3.3;176.0
