69.9;244.4;385.7;0.0
62.9;307.0;445.9;0.0
399.0;378.2;440.0;0.0
583.9;361.0;165.5;0.0
550.0;191.8;423.5;0.0
55.0;155.9;70.5;0.0
0.0;155.9;0.0;0.0
0.0;155.9;1.1;0.0
49.0;155.9;12.0;0.0
0.0;155.9;13.2;0.0
0.0;155.9;7.0;0.0
0.0;155.9;7.7;0.0
0.0;155.9;6.0;0.0
0.0;155.9;5.5;0.0
0.0;155.9;7.0;0.0
0.0;155.9;6.6;0.0
400.0;196.9;3.0;0.0
5.0;200.9;59.5;0.0
498.0;203.9;0.0;0.0
390.0;176.0;2.2;0.0
59.9;160.1;0.0;0.0
457.0;160.1;67.1;0.0
64.9;160.4;1.1;0.0
97.9;160.4;0.0;0.0
423.6;160.4;12.0;0.0
306.5;160.4;59.1;0.0
0.0;160.4;32.0;0.0
486.2;161.4;40.7;0.0
0.0;161.4;12.1;0.0
0.0;161.4;0.0;0.0
0.0;161.4;6.2;0.0
0.0;161.4;0.0;0.0
47.0;161.4;2.7;0.0
0.0;161.4;0.0;0.0
0.0;161.4;1.7;0.0
0.0;161.4;0.0;0.0
50.0;161.4;2.5;0.0
449.0;259.4;147.0;40.0
499.0;391.4;380.5;0.0
508.0;704.4;16516.0;0.0
194.0;1011.9;5872.3;0.0
59.9;858.0;3413.2;44.0
97.0;807.6;3487.7;0.0
50.0;527.7;8975.3;0.0
58.0;244.9;5562.9;0.0
50.0;246.8;992.5;0.0
50.0;246.8;1098.6;0.0
57.9;246.8;1080.9;0.0
50.0;246.8;916.5;0.0
90.1;246.8;579.8;0.0
58.1;555.8;1015.8;0.0
145.0;565.8;3666.8;1960.0
105.0;565.8;3802.4;2560.0
49.3;247.2;3920.9;800.0
49.5;247.2;357.9;0.0
49.3;247.2;354.0;0.0
52.0;247.2;386.2;0.0
49.0;278.8;28.7;68.0
49.6;278.8;1.0;320.0
51.0;278.8;0.4;128.0
50.0;187.3;0.3;24.0
