152.0;183.6;300.0;1120.0
118.5;166.9;158.0;0.0
230.5;228.5;362.5;0.0
299.5;154.7;287.6;0.0
52.8;156.2;22.0;0.0
0.0;156.2;0.0;0.0
0.0;156.2;0.1;0.0
0.0;156.2;0.0;0.0
0.0;156.2;13.2;0.0
0.0;156.2;13.0;0.0
0.0;156.2;7.7;0.0
0.0;156.2;7.0;0.0
0.0;156.2;4.4;0.0
0.0;156.2;7.0;0.0
0.0;156.2;4.4;0.0
0.0;156.2;8.0;0.0
0.0;156.2;4.4;0.0
192.0;186.2;3.0;0.0
60.1;159.0;3.2;0.0
24.6;160.2;55.6;0.0
75.1;160.5;63.8;0.0
82.1;160.5;0.0;0.0
49.9;160.5;0.0;0.0
332.0;160.5;13.2;0.0
275.9;161.1;64.9;0.0
281.0;161.4;1.1;0.0
194.0;161.4;12.0;0.0
299.0;161.4;49.2;0.0
0.0;161.4;1.0;0.0
0.0;161.4;7.7;0.0
0.0;161.4;12.0;0.0
0.0;161.4;0.0;0.0
0.0;161.4;1.6;0.0
0.0;161.4;0.0;0.0
0.0;161.4;0.5;0.0
0.0;161.4;0.0;0.0
0.0;161.4;1.5;0.0
0.0;161.4;4.0;0.0
427.9;162.1;5.5;0.0
61.9;241.9;424.4;4.0
62.4;533.6;44604.1;0.0
110.0;846.6;4188.3;0.0
57.9;381.8;7039.7;5320.0
61.7;864.8;3610.2;0.0
49.9;246.8;311.3;0.0
50.0;246.8;288.1;0.0
50.0;246.8;312.2;0.0
48.8;246.8;309.4;0.0
49.5;246.8;349.8;0.0
49.8;246.8;356.6;0.0
55.0;247.1;336.8;0.0
49.0;247.1;373.8;0.0
50.0;247.1;351.0;0.0
49.9;247.1;353.6;0.0
46.2;250.2;413.3;0.0
50.0;278.6;2.2;132.0
55.0;278.6;0.8;256.0
50.0;278.6;0.4;128.0
50.0;248.2;0.3;52.0
