79.0;382.2;1244.9;0.0
271.0;617.0;279.7;0.0
653.4;468.1;870.9;0.0
823.9;315.1;482.9;0.0
333.9;156.1;440.1;0.0
0.0;156.1;0.0;0.0
0.0;156.1;11.1;0.0
0.0;156.1;7.0;0.0
0.0;156.1;14.3;0.0
0.0;156.1;5.0;0.0
0.0;156.1;7.7;0.0
0.0;156.1;6.0;0.0
0.0;156.1;0.0;0.0
352.0;197.1;0.4;0.0
0.0;201.1;23.0;0.0
482.0;204.1;35.5;0.0
492.0;204.1;1.0;0.0
48.0;204.1;26.4;0.0
249.0;205.9;37.2;0.0
550.0;181.6;1.0;0.0
165.0;178.0;27.5;0.0
385.0;160.3;31.0;0.0
548.9;160.3;0.0;0.0
544.5;160.3;7.0;0.0
550.0;160.3;0.0;0.0
550.0;160.3;4.0;0.0
605.0;160.3;0.0;0.0
502.0;160.3;7.0;0.0
440.0;160.3;12.1;0.0
340.0;233.5;118.2;40.0
83.9;395.2;369.7;0.0
521.0;711.2;10324.1;0.0
499.0;714.2;10951.0;0.0
498.0;1022.2;2546.2;0.0
475.0;1022.2;3796.0;0.0
530.0;1022.2;4835.7;0.0
499.0;1022.2;3132.0;0.0
486.0;1022.2;4025.5;0.0
500.0;1022.2;4372.0;0.0
496.0;1025.2;3148.4;0.0
494.0;1025.2;5514.0;0.0
531.0;1025.2;4296.4;0.0
474.0;1025.2;5088.0;0.0
452.0;1335.7;539.2;1320.0
73.2;1320.4;119.6;2524.0
50.4;850.6;14787.7;1280.0
162.9;836.7;9070.9;480.0
50.5;247.1;3051.4;0.0
48.5;247.1;474.8;0.0
48.9;247.1;437.0;0.0
51.9;248.2;35.0;524.0
50.5;184.2;0.0;0.0
