155.9;243.8;356.5;0.0
99.0;230.0;247.6;0.0
356.4;282.1;359.7;0.0
480.0;312.3;75.3;0.0
383.9;156.1;441.1;0.0
0.0;156.1;1.0;0.0
0.0;156.1;1.1;0.0
0.0;156.1;0.0;0.0
47.0;156.1;1.3;0.0
0.0;156.1;0.0;0.0
0.0;156.1;0.7;0.0
0.0;156.1;0.0;0.0
0.0;156.1;4.2;0.0
0.0;156.1;4.4;0.0
0.0;156.1;0.0;0.0
143.0;191.1;2.4;0.0
349.0;198.1;5.0;0.0
0.0;198.1;56.4;0.0
248.0;205.1;1.0;0.0
99.0;159.7;2.2;0.0
387.7;160.2;3.3;0.0
469.0;160.2;0.0;0.0
518.0;160.2;0.0;0.0
516.0;160.2;0.0;0.0
447.0;160.2;11.0;0.0
0.0;160.2;59.0;0.0
235.0;177.2;1.0;0.0
0.0;177.2;1.0;0.0
0.0;177.2;0.0;0.0
0.0;177.2;13.0;0.0
0.0;177.2;0.0;0.0
0.0;177.2;7.0;0.0
0.0;177.2;0.0;0.0
0.0;177.2;6.0;0.0
0.0;177.2;0.0;0.0
0.0;177.2;7.0;0.0
0.0;177.2;0.0;0.0
439.0;355.2;181.0;40.0
448.0;408.2;367.0;0.0
525.0;721.2;17213.0;0.0
454.0;1032.2;5842.0;0.0
495.0;1032.2;3508.0;0.0
499.0;1032.2;4952.0;0.0
507.0;1032.2;3742.0;0.0
500.0;1032.2;3394.0;0.0
527.0;1035.2;4155.0;0.0
465.0;1035.2;3625.0;0.0
495.0;1035.2;3584.0;0.0
500.0;1035.2;3560.0;0.0
529.0;1035.2;4207.0;0.0
475.0;1035.2;3779.0;0.0
540.0;1350.2;1553.0;1320.0
438.0;1350.2;10.0;3200.0
526.0;1301.2;5.0;840.0
520.0;426.2;0.0;0.0
0.0;160.2;0.0;0.0
0.0;160.2;0.0;0.0
0.0;160.2;0.0;0.0
0.0;160.2;0.0;0.0
0.0;160.2;0.0;0.0
0.0;160.2;0.0;0.0
0.0;160.2;0.0;0.0
0.0;160.2;0.0;0.0
0.0;160.2;0.0;0.0
0.0;160.2;0.0;0.0
0.0;160.2;0.0;0.0
0.0;160.2;0.0;0.0
0.0;160.2;0.0;0.0
0.0;160.2;0.0;0.0
0.0;160.2;0.2;0.0
15.0;160.5;6.1;0.0
49.9;160.5;0.0;0.0
49.0;160.5;0.0;0.0
50.9;160.5;0.0;0.0
49.6;160.5;0.0;0.0
50.0;160.5;0.0;0.0
50.0;160.5;0.0;0.0
49.8;160.5;0.0;0.0
15.0;160.8;3.1;0.0
35.0;161.3;3.9;0.0
20.0;161.7;0.0;0.0
0.0;161.7;0.0;0.0
0.0;161.7;0.0;0.0
0.0;161.7;0.0;0.0
0.0;161.7;0.0;0.0
0.0;161.7;0.0;0.0
0.0;161.7;0.1;0.0
0.0;161.7;0.0;0.0
0.0;161.7;1.3;0.0
0.0;161.7;0.0;0.0
0.0;161.7;0.7;0.0
0.0;161.7;0.0;0.0
0.0;161.7;0.6;0.0
0.0;161.7;0.0;0.0
0.0;161.7;0.5;0.0
0.0;161.7;0.0;0.0
0.0;161.7;0.7;0.0
0.0;161.7;0.0;0.0
15.0;162.3;0.2;0.0
50.5;166.4;15.4;4.0
