80.0;119.9;162.7;0.0
50.0;156.9;116.2;0.0
84.8;182.9;91.1;0.0
148.8;155.8;94.0;0.0
0.0;155.8;0.0;0.0
0.0;155.8;1.0;0.0
55.0;155.8;1.1;0.0
0.0;155.8;0.0;0.0
0.0;155.8;1.3;0.0
0.0;155.8;0.0;0.0
0.0;155.8;0.7;0.0
0.0;155.8;0.0;0.0
0.0;155.8;2.7;0.0
0.0;155.8;0.0;0.0
0.0;155.8;1.6;0.0
0.0;155.8;0.0;0.0
398.0;196.8;4.6;0.0
50.0;196.8;24.0;0.0
310.5;159.0;36.2;0.0
146.0;160.1;5.5;0.0
362.9;160.4;67.1;0.0
70.0;160.4;0.0;0.0
50.0;160.4;0.0;0.0
110.6;160.4;3.0;0.0
498.9;160.4;27.0;0.0
301.0;160.4;40.0;0.0
550.0;160.4;1.0;0.0
550.0;160.4;0.0;0.0
55.0;160.4;22.2;0.0
440.0;160.9;44.0;0.0
110.0;161.3;6.1;0.0
0.0;161.3;0.0;0.0
0.0;161.3;7.2;0.0
0.0;161.3;0.0;0.0
0.0;161.3;1.7;0.0
0.0;161.3;0.0;0.0
95.0;161.3;4.6;0.0
515.0;337.3;164.0;40.0
449.0;393.3;363.4;0.0
506.0;705.3;15153.0;0.0
479.0;1016.3;6741.5;0.0
532.0;1016.3;3874.0;0.0
311.0;1011.8;3399.3;0.0
50.0;956.0;3019.4;44.0
61.9;812.0;4365.5;0.0
74.4;246.6;40492.9;0.0
58.8;592.2;17719.1;0.0
81.2;591.4;4722.4;1452.0
60.8;591.4;3535.0;3520.0
150.4;248.0;6315.5;836.0
