117.5;138.4;107.3;0.0
92.8;116.6;294.3;0.0
454.2;315.1;474.3;0.0
200.0;156.7;383.9;0.0
0.0;156.7;0.0;0.0
0.0;156.7;1.1;0.0
0.0;156.7;1.0;0.0
0.0;156.7;13.2;0.0
0.0;156.7;13.0;0.0
55.0;156.7;7.7;0.0
0.0;156.7;7.0;0.0
0.0;156.7;6.6;0.0
0.0;156.7;6.0;0.0
0.0;156.7;2.5;0.0
0.0;156.7;0.0;0.0
268.0;184.7;2.5;0.0
249.0;190.7;6.0;0.0
207.0;185.2;58.2;0.0
63.2;160.1;0.0;0.0
408.0;160.1;6.6;0.0
229.9;160.8;63.8;0.0
49.9;160.8;0.0;0.0
90.0;160.8;0.0;0.0
83.9;160.8;0.0;0.0
388.8;160.8;26.0;0.0
304.0;160.8;43.0;0.0
550.0;160.8;1.0;0.0
495.0;160.8;12.1;0.0
55.0;161.4;49.7;0.0
495.0;161.7;0.0;0.0
0.0;161.7;6.1;0.0
0.0;161.7;0.0;0.0
0.0;161.7;8.3;0.0
0.0;161.7;0.0;0.0
0.0;161.7;1.7;0.0
0.0;161.7;0.0;0.0
50.0;161.7;2.5;0.0
508.0;303.7;164.0;40.0
494.0;1018.7;32051.3;0.0
495.0;1334.7;31000.0;0.0
481.0;1337.7;2.4;1960.0
520.0;1033.7;13.0;3520.0
10.0;162.2;0.2;0.0
50.0;164.4;14.5;4.0
50.0;183.6;38.5;0.0
50.0;215.7;387.0;0.0
50.0;215.7;1380.0;0.0
50.0;246.9;445.1;0.0
50.0;246.9;299.8;0.0
50.0;246.9;323.5;0.0
50.0;246.9;319.9;0.0
50.0;246.9;310.4;0.0
49.9;246.9;343.0;0.0
50.0;246.9;332.0;0.0
50.4;246.9;373.2;0.0
50.0;246.9;342.6;0.0
50.0;247.2;365.2;0.0
49.9;247.2;366.2;0.0
53.5;247.2;365.1;0.0
49.3;278.4;214.0;0.0
49.4;278.7;0.6;196.0
50.0;278.7;0.8;256.0
50.0;248.2;0.5;80.0
48.8;185.7;0.0;0.0
