90.7;99.3;80.5;0.0
50.0;138.5;191.2;0.0
84.9;174.9;145.5;0.0
101.0;154.8;81.9;0.0
0.0;156.0;12.1;0.0
0.0;156.0;0.0;0.0
0.0;156.0;0.1;0.0
0.0;156.0;0.0;0.0
0.0;156.0;14.3;0.0
0.0;156.0;12.0;0.0
0.0;156.0;7.7;0.0
50.0;156.0;7.0;0.0
55.0;156.0;6.6;0.0
0.0;156.0;6.0;0.0
0.0;156.0;5.5;0.0
0.0;156.0;7.0;0.0
0.0;156.0;5.5;0.0
199.0;191.0;2.0;0.0
168.0;176.8;3.3;0.0
244.0;159.4;57.3;0.0
474.0;159.7;67.1;0.0
111.0;160.0;0.0;0.0
75.0;160.0;0.0;0.0
62.1;160.0;0.0;0.0
49.8;160.0;0.0;0.0
89.9;160.0;11.0;0.0
503.0;160.0;59.0;0.0
374.1;178.0;0.0;0.0
0.0;178.0;33.1;0.0
495.0;160.9;45.1;0.0
0.0;160.9;11.1;0.0
0.0;160.9;0.0;0.0
50.0;160.9;7.0;0.0
0.0;160.9;12.1;0.0
0.0;160.9;5.0;0.0
0.0;160.9;7.7;0.0
0.0;160.9;7.0;0.0
0.0;160.9;6.6;0.0
286.0;160.9;2.0;0.0
486.0;1024.9;24880.3;40.0
499.0;1028.9;35565.2;0.0
549.0;1340.9;1747.0;0.0
478.0;1343.9;0.6;1960.0
491.0;1343.9;8.0;2560.0
166.1;409.3;10.4;764.0
45.0;182.8;52.0;0.0
50.0;215.3;268.3;0.0
55.0;215.3;1368.6;0.0
49.7;246.5;518.2;0.0
50.0;246.5;309.3;0.0
49.7;246.5;326.5;0.0
53.0;246.5;313.2;0.0
51.0;246.5;319.8;0.0
50.0;246.5;346.7;0.0
50.0;246.5;326.1;0.0
49.2;246.5;340.2;0.0
49.0;246.5;347.6;0.0
50.0;246.5;361.8;0.0
44.9;246.7;337.2;0.0
55.0;246.7;348.3;0.0
50.0;278.0;243.8;0.0
49.8;278.2;0.6;196.0
45.0;278.2;0.8;256.0
49.9;247.8;0.5;68.0
52.1;182.5;0.0;0.0
