102.8;243.8;350.1;0.0
50.0;209.9;256.1;0.0
402.9;289.9;364.3;0.0
480.9;313.3;88.5;0.0
440.0;156.5;441.1;0.0
0.0;156.5;0.0;0.0
0.0;156.5;1.0;0.0
0.0;156.5;1.1;0.0
0.0;156.5;12.0;0.0
0.0;156.5;14.3;0.0
0.0;156.5;7.0;0.0
0.0;156.5;7.7;0.0
0.0;156.5;5.0;0.0
0.0;156.5;6.6;0.0
0.0;156.5;8.0;0.0
0.0;156.5;5.5;0.0
200.0;186.5;3.0;0.0
299.0;191.5;1.4;0.0
274.0;198.5;59.0;0.0
113.0;159.5;2.2;0.0
269.9;160.6;6.6;0.0
228.9;160.9;64.9;0.0
112.2;160.9;0.0;0.0
74.5;160.9;0.0;0.0
76.9;160.9;0.0;0.0
196.5;160.9;11.0;0.0
388.9;160.9;59.0;0.0
390.0;160.9;1.0;0.0
438.9;160.9;12.1;0.0
110.0;161.5;52.9;0.0
385.0;161.9;1.1;0.0
0.0;161.9;0.0;0.0
0.0;161.9;7.3;0.0
0.0;161.9;5.0;0.0
0.0;161.9;6.7;0.0
0.0;161.9;6.0;0.0
0.0;161.9;5.5;0.0
92.0;161.9;3.0;0.0
447.0;330.9;169.4;40.0
479.0;389.9;367.0;0.0
498.0;700.9;11872.6;0.0
520.0;1011.9;9527.0;0.0
409.0;1007.4;3208.2;0.0
121.5;990.3;3793.0;44.0
76.0;247.3;44143.8;0.0
418.8;597.8;15705.1;0.0
771.3;248.6;4238.9;5896.0
