101.0;129.8;42.9;0.0
94.0;131.0;86.1;0.0
155.9;174.9;155.3;0.0
231.9;139.3;185.5;0.0
185.5;156.4;51.1;0.0
0.0;156.4;0.0;0.0
50.0;156.4;1.0;0.0
0.0;156.4;0.0;0.0
0.0;156.4;13.0;0.0
0.0;156.4;0.0;0.0
0.0;156.4;7.0;0.0
0.0;156.4;0.0;0.0
0.0;156.4;5.0;0.0
0.0;156.4;0.0;0.0
0.0;156.4;8.0;0.0
0.0;156.4;0.0;0.0
50.0;185.4;2.0;0.0
449.0;191.4;3.0;0.0
0.0;191.4;62.0;0.0
508.0;197.4;1.0;0.0
498.0;197.4;0.0;0.0
554.0;197.4;0.0;0.0
478.0;197.4;0.0;0.0
492.0;197.4;0.0;0.0
493.0;197.4;7.0;0.0
0.0;197.4;23.0;0.0
246.0;205.4;41.0;0.0
0.0;205.4;1.0;0.0
0.0;205.4;0.0;0.0
0.0;205.4;13.0;0.0
0.0;205.4;0.0;0.0
0.0;205.4;7.0;0.0
0.0;205.4;0.0;0.0
0.0;205.4;7.0;0.0
0.0;205.4;0.0;0.0
0.0;205.4;9.0;0.0
0.0;205.4;0.0;0.0
312.0;220.4;15.0;40.0
448.0;426.4;524.0;0.0
522.0;751.4;4173.0;0.0
494.0;870.4;16635.0;0.0
500.0;1063.4;2835.0;0.0
536.0;1063.4;3224.0;0.0
456.0;1063.4;3584.0;0.0
500.0;1063.4;3204.0;0.0
499.0;1063.4;3484.0;0.0
505.0;1063.4;4966.0;0.0
515.0;1063.4;4058.0;0.0
495.0;1063.4;5124.0;0.0
521.0;1065.4;4498.0;0.0
490.0;1065.4;3684.0;0.0
485.0;1380.4;1747.0;0.0
520.0;1380.4;12.0;3880.0
485.0;1380.4;4.0;1280.0
509.0;458.4;3.0;160.0
0.0;156.4;0.0;0.0
0.0;156.4;0.1;0.0
0.0;156.4;0.0;0.0
0.0;156.4;1.3;0.0
0.0;156.4;0.0;0.0
0.0;156.4;0.7;0.0
0.0;156.4;0.0;0.0
0.0;156.4;0.0;0.0
0.0;156.4;0.6;0.0
0.0;156.4;0.0;0.0
0.0;156.4;0.4;0.0
0.0;156.4;0.4;0.0
0.0;156.4;0.2;0.0
0.0;158.1;0.2;0.0
54.2;160.0;0.0;0.0
10.0;160.5;0.6;0.0
29.6;160.7;5.8;0.0
49.9;160.7;0.0;0.0
50.0;160.7;0.0;0.0
49.8;160.7;0.0;0.0
49.7;160.7;0.0;0.0
52.0;160.7;0.0;0.0
49.2;160.7;0.0;0.0
45.0;160.7;1.1;0.0
0.0;160.7;5.9;0.0
45.0;161.6;0.1;0.0
0.0;161.6;0.1;0.0
0.0;161.6;0.0;0.0
0.0;161.6;1.2;0.0
0.0;161.6;0.0;0.0
0.0;161.6;0.7;0.0
0.0;161.6;0.0;0.0
0.0;161.6;0.6;0.0
0.0;161.6;0.0;0.0
0.0;161.6;0.3;0.0
0.0;161.6;0.0;0.0
0.0;161.6;0.3;0.0
0.0;161.6;0.0;0.0
19.9;162.1;0.3;0.0
50.0;175.4;17.4;4.0
48.8;184.6;37.4;0.0
49.0;215.9;1103.0;0.0
50.0;220.6;1008.8;0.0
49.5;247.0;267.3;0.0
50.0;247.0;331.6;0.0
