60.5;254.7;1062.6;0.0
446.5;361.0;431.2;0.0
350.0;176.7;548.1;0.0
0.0;156.7;20.0;0.0
0.0;156.7;0.0;0.0
0.0;156.7;0.1;0.0
0.0;156.7;0.0;0.0
50.0;156.7;2.2;0.0
0.0;156.7;0.0;0.0
0.0;156.7;0.7;0.0
0.0;156.7;0.0;0.0
0.0;156.7;1.5;0.0
0.0;156.7;0.0;0.0
0.0;156.7;5.4;0.0
0.0;156.7;0.0;0.0
186.0;179.7;4.6;0.0
299.0;185.7;5.0;0.0
220.1;159.5;54.3;0.0
299.9;160.0;26.4;0.0
173.3;160.7;41.8;0.0
56.4;160.7;7.7;0.0
497.0;160.7;41.8;0.0
76.0;161.7;28.6;0.0
488.0;161.7;1.1;0.0
149.0;161.7;30.0;0.0
242.0;161.7;29.3;0.0
0.0;161.7;1.0;0.0
0.0;161.7;7.7;0.0
0.0;161.7;13.0;0.0
0.0;161.7;6.6;0.0
0.0;161.7;0.0;0.0
0.0;161.7;2.5;0.0
0.0;161.7;0.0;0.0
0.0;161.7;0.5;0.0
0.0;161.7;0.0;0.0
324.0;162.2;3.3;0.0
495.0;277.9;180.4;44.0
271.9;392.4;329.5;40.0
55.0;527.6;21103.5;0.0
49.6;829.0;22354.9;0.0
65.5;565.8;2971.9;2600.0
56.6;565.8;3504.6;2680.0
52.6;849.8;3951.2;0.0
47.8;246.8;333.0;0.0
50.0;246.8;336.2;0.0
53.7;246.8;350.5;0.0
48.9;246.8;380.6;0.0
49.5;246.8;340.7;0.0
49.5;247.1;404.4;0.0
50.0;247.1;353.2;0.0
49.9;247.1;349.5;0.0
50.0;278.4;242.2;0.0
49.6;278.6;0.6;196.0
53.7;278.6;0.8;256.0
50.0;248.2;0.5;80.0
50.0;186.1;0.0;0.0
