92.2;355.0;1331.9;0.0
332.0;448.3;313.2;0.0
315.0;420.0;534.1;0.0
604.0;187.0;543.0;0.0
50.0;156.0;73.0;0.0
0.0;156.0;1.1;0.0
0.0;156.0;1.0;0.0
0.0;156.0;0.0;0.0
0.0;156.0;12.0;0.0
0.0;156.0;0.0;0.0
0.0;156.0;7.0;0.0
0.0;156.0;12.1;0.0
0.0;156.0;6.0;0.0
0.0;156.0;7.7;0.0
0.0;156.0;7.0;0.0
0.0;156.0;0.0;0.0
351.0;199.0;2.5;0.0
43.0;204.0;25.0;0.0
0.0;204.0;0.0;0.0
50.0;206.0;42.0;0.0
551.0;206.0;0.0;0.0
470.0;206.0;4.4;0.0
481.0;206.0;0.0;0.0
549.0;206.0;0.0;0.0
461.0;206.0;4.4;0.0
537.0;206.0;7.0;0.0
189.2;179.0;57.2;0.0
194.9;180.0;1.5;0.0
476.3;178.2;63.9;0.0
550.0;178.2;12.1;0.0
51.7;160.7;51.9;0.0
490.6;161.1;0.0;0.0
0.0;161.1;6.1;0.0
0.0;161.1;0.0;0.0
0.0;161.1;9.3;0.0
0.0;161.1;0.0;0.0
0.0;161.1;1.7;0.0
0.0;161.1;0.0;0.0
250.0;161.1;2.5;0.0
499.0;388.1;520.0;40.0
498.0;712.1;4154.5;0.0
495.0;1023.1;16989.0;0.0
501.0;1023.1;3190.5;0.0
504.0;1023.1;5174.0;0.0
226.9;1018.6;3494.2;0.0
56.0;948.4;3467.4;44.0
94.3;817.0;3037.5;0.0
112.6;533.5;6293.4;0.0
104.9;530.8;9371.6;0.0
105.6;246.6;2250.9;0.0
60.5;246.6;1459.7;0.0
63.5;246.6;734.1;0.0
60.5;571.6;963.2;0.0
77.0;571.6;3424.2;3240.0
59.9;571.6;3692.0;1280.0
86.8;246.6;3488.6;760.0
50.0;247.1;325.2;0.0
50.0;247.1;325.8;0.0
50.0;247.1;352.1;0.0
53.8;247.1;351.1;0.0
49.3;247.1;337.6;0.0
50.0;278.3;270.1;0.0
50.0;278.6;0.6;196.0
49.9;278.6;0.8;256.0
49.8;248.2;0.5;108.0
48.0;186.1;0.0;0.0
