104.5;336.8;1225.4;0.0
203.9;586.0;142.0;0.0
773.7;384.0;968.8;0.0
660.0;271.5;236.5;0.0
215.6;156.5;359.8;0.0
0.0;156.5;0.0;0.0
0.0;156.5;11.1;0.0
0.0;156.5;0.0;0.0
0.0;156.5;7.3;0.0
0.0;156.5;0.0;0.0
0.0;156.5;1.7;0.0
0.0;156.5;1.0;0.0
0.0;156.5;2.5;0.0
0.0;156.5;3.0;0.0
98.0;190.5;3.4;0.0
444.0;190.5;24.0;0.0
442.0;197.5;35.5;0.0
505.0;197.5;0.0;0.0
317.0;159.3;2.2;0.0
137.0;159.8;5.5;0.0
409.0;160.4;67.1;0.0
61.0;160.4;7.0;0.0
580.8;160.4;24.0;0.0
256.6;160.4;39.0;0.0
550.0;160.4;1.0;0.0
513.7;160.4;0.0;0.0
548.9;160.4;13.0;0.0
605.0;160.4;0.0;0.0
110.0;160.4;27.1;0.0
385.0;160.9;42.9;0.0
110.0;161.3;6.1;0.0
0.0;161.3;0.0;0.0
0.0;161.3;6.3;0.0
0.0;161.3;0.0;0.0
144.0;161.3;4.7;0.0
450.0;349.3;180.0;40.0
503.0;1017.3;41968.6;0.0
489.0;1332.3;20091.0;0.0
517.0;1334.3;16.3;5440.0
471.0;382.3;0.0;0.0
0.0;161.3;0.5;0.0
0.0;161.3;0.0;0.0
28.1;161.9;0.2;0.0
45.5;175.0;16.4;4.0
56.8;184.4;37.5;0.0
48.5;215.5;1180.9;0.0
46.5;246.6;906.2;0.0
54.7;246.6;308.0;0.0
49.9;246.6;313.8;0.0
48.6;246.6;321.6;0.0
50.0;246.6;320.8;0.0
50.0;246.6;332.2;0.0
45.0;246.6;338.0;0.0
53.6;246.6;346.6;0.0
49.6;246.6;336.8;0.0
49.7;246.9;350.8;0.0
53.5;246.9;349.2;0.0
49.5;246.9;353.8;0.0
53.0;278.2;361.7;0.0
49.9;278.4;0.4;132.0
49.5;278.4;0.8;256.0
50.0;278.4;0.4;128.0
45.0;185.9;0.3;8.0
