82.7;254.8;248.6;0.0
54.8;116.4;337.7;0.0
132.0;138.0;72.3;0.0
43.9;155.9;40.1;0.0
0.0;155.9;0.0;0.0
0.0;155.9;1.0;0.0
0.0;155.9;1.1;0.0
0.0;155.9;12.0;0.0
0.0;155.9;12.1;0.0
0.0;155.9;7.0;0.0
0.0;155.9;7.7;0.0
0.0;155.9;6.0;0.0
0.0;155.9;5.5;0.0
0.0;155.9;7.0;0.0
0.0;155.9;4.4;0.0
197.0;190.9;3.0;0.0
291.0;196.9;0.6;0.0
467.0;203.9;59.0;0.0
462.0;159.4;25.5;0.0
249.0;181.4;21.2;0.0
475.2;160.0;43.0;0.0
550.0;160.0;0.0;0.0
553.3;160.0;12.1;0.0
52.8;160.0;33.0;0.0
435.6;160.4;32.6;0.0
55.0;160.9;1.1;0.0
0.0;160.9;4.0;0.0
0.0;160.9;13.2;0.0
0.0;160.9;8.0;0.0
0.0;160.9;7.7;0.0
449.0;233.9;157.0;40.0
515.0;402.9;381.4;0.0
474.0;712.9;13831.0;0.0
518.0;1023.9;7717.3;0.0
488.0;1023.9;3270.0;0.0
525.0;1023.9;4035.5;0.0
474.0;1019.4;4095.1;0.0
50.0;1019.4;3352.0;0.0
50.0;828.6;4047.8;44.0
66.0;536.1;1893.5;0.0
71.0;536.1;11556.3;0.0
92.1;246.3;2739.5;0.0
78.5;246.3;1162.8;0.0
69.3;246.3;1239.2;0.0
85.0;574.3;3205.4;680.0
50.0;574.3;3331.6;2560.0
50.0;545.3;3689.0;1480.0
65.3;840.3;3956.7;0.0
47.9;246.3;357.3;0.0
50.0;246.6;325.2;0.0
55.0;246.6;374.0;0.0
48.9;246.6;365.6;0.0
49.3;246.6;357.0;0.0
49.4;277.8;270.3;0.0
49.8;278.1;0.6;196.0
48.3;278.1;0.8;256.0
50.0;247.7;0.5;116.0
52.4;185.4;0.0;0.0
