137.8;280.4;982.8;0.0
358.0;412.7;342.2;0.0
588.8;360.9;345.9;0.0
550.0;238.5;295.9;0.0
110.0;156.2;198.1;0.0
0.0;156.2;0.0;0.0
55.0;156.2;1.1;0.0
0.0;156.2;12.0;0.0
0.0;156.2;14.3;0.0
0.0;156.2;7.0;0.0
0.0;156.2;7.7;0.0
0.0;156.2;6.0;0.0
0.0;156.2;6.6;0.0
0.0;156.2;8.0;0.0
0.0;156.2;6.6;0.0
465.0;196.2;3.0;0.0
0.0;196.2;18.6;0.0
430.0;203.2;42.0;0.0
408.9;178.0;3.3;0.0
58.9;160.2;3.3;0.0
475.0;160.2;67.1;0.0
66.5;160.5;0.0;0.0
58.9;160.5;0.0;0.0
401.0;160.5;12.0;0.0
291.1;160.5;57.0;0.0
539.0;160.5;1.0;0.0
550.0;160.5;0.0;0.0
543.4;160.5;13.0;0.0
218.9;160.5;13.2;0.0
400.4;161.0;55.7;0.0
55.0;161.4;1.1;0.0
0.0;161.4;6.0;0.0
0.0;161.4;14.3;0.0
0.0;161.4;8.0;0.0
0.0;161.4;7.7;0.0
294.0;161.4;3.0;0.0
449.0;384.4;503.4;40.0
538.0;709.4;3118.0;0.0
496.0;709.4;14308.4;0.0
480.0;1020.4;4797.0;0.0
534.0;1020.4;3950.6;0.0
483.0;1020.4;4664.0;0.0
363.9;1015.9;3245.3;0.0
74.9;894.4;4111.0;44.0
112.0;813.4;3628.7;0.0
65.0;532.6;6577.3;0.0
76.0;446.5;7400.3;0.0
88.2;246.7;2381.1;0.0
49.3;567.7;2158.5;0.0
106.0;569.7;3376.3;1320.0
49.9;569.7;3512.0;2560.0
49.0;246.7;3711.0;1440.0
50.0;246.7;335.4;0.0
49.6;246.7;345.4;0.0
49.1;246.7;337.2;0.0
50.1;247.0;408.0;0.0
50.0;247.0;365.6;0.0
49.2;247.0;356.8;0.0
54.1;278.3;270.1;0.0
46.5;278.5;0.6;196.0
50.0;278.5;0.8;256.0
50.0;248.1;0.5;88.0
48.5;186.1;0.0;0.0
