71.2;249.9;941.0;0.0
348.9;364.7;408.3;0.0
535.9;324.5;212.8;0.0
495.0;156.1;442.2;0.0
0.0;156.1;1.0;0.0
0.0;156.1;0.0;0.0
55.0;156.1;11.1;0.0
0.0;156.1;0.0;0.0
0.0;156.1;7.3;0.0
0.0;156.1;0.0;0.0
0.0;156.1;0.7;0.0
0.0;156.1;0.0;0.0
0.0;156.1;3.5;0.0
0.0;156.1;0.0;0.0
149.0;186.1;3.5;0.0
349.0;192.1;5.0;0.0
50.0;197.1;57.6;0.0
499.0;199.1;0.0;0.0
184.0;159.0;2.2;0.0
273.9;160.2;6.6;0.0
264.9;160.5;64.9;0.0
76.1;160.5;0.0;0.0
51.0;160.5;0.0;0.0
445.5;160.5;31.0;0.0
250.0;160.5;39.0;0.0
548.9;160.5;1.0;0.0
550.0;160.5;0.0;0.0
492.8;160.5;2.1;0.0
0.0;160.5;22.0;0.0
495.0;161.0;35.9;0.0
0.0;161.4;1.1;0.0
0.0;161.4;6.0;0.0
55.0;161.4;14.3;0.0
0.0;161.4;9.0;0.0
0.0;161.4;7.7;0.0
50.0;161.4;2.0;0.0
491.0;254.4;148.5;40.0
500.0;1015.4;27290.0;0.0
496.0;1326.4;33350.5;0.0
516.0;1334.4;19.0;5320.0
466.0;378.4;5.5;0.0
0.0;161.4;0.0;0.0
22.8;161.9;0.3;0.0
51.6;175.1;17.7;4.0
49.2;184.3;36.7;0.0
50.0;215.5;996.8;0.0
48.8;215.9;1101.2;0.0
50.0;246.6;266.3;0.0
50.0;246.6;312.6;0.0
49.8;246.6;309.2;0.0
51.1;246.6;352.8;0.0
49.8;246.6;320.2;0.0
50.0;246.6;338.8;0.0
48.0;246.6;346.6;0.0
55.0;246.6;342.7;0.0
48.1;246.9;403.7;0.0
48.2;246.9;373.9;0.0
50.0;246.9;343.7;0.0
49.8;277.4;362.3;0.0
50.9;278.4;2.2;196.0
50.0;278.4;0.8;256.0
53.2;278.4;0.2;64.0
49.5;186.2;0.3;12.0
