60.9;248.6;995.6;0.0
347.9;363.7;392.9;0.0
486.8;358.2;256.8;0.0
548.9;156.1;493.9;0.0
55.0;156.1;1.1;0.0
0.0;156.1;0.0;0.0
0.0;156.1;1.1;0.0
0.0;156.1;0.0;0.0
0.0;156.1;14.3;0.0
0.0;156.1;0.0;0.0
0.0;156.1;7.7;0.0
0.0;156.1;0.0;0.0
0.0;156.1;8.8;0.0
0.0;156.1;0.0;0.0
0.0;156.1;4.4;0.0
0.0;156.1;0.0;0.0
0.0;156.1;6.6;0.0
0.0;156.1;0.0;0.0
385.0;183.0;2.2;0.0
275.0;196.2;6.6;0.0
328.9;198.4;64.9;0.0
532.4;198.4;0.0;0.0
550.0;198.4;0.0;0.0
525.8;198.4;0.0;0.0
602.8;198.4;0.0;0.0
550.0;198.4;0.0;0.0
546.7;198.4;0.0;0.0
495.0;198.4;12.1;0.0
49.5;205.0;63.8;0.0
440.0;208.3;1.1;0.0
0.0;208.3;0.0;0.0
0.0;208.3;0.0;0.0
0.0;208.3;13.2;0.0
0.0;208.3;0.0;0.0
0.0;208.3;7.7;0.0
0.0;208.3;4.4;0.0
0.0;208.3;1.1;0.0
0.0;208.3;3.3;0.0
0.0;208.3;2.2;0.0
0.0;208.3;4.4;0.0
0.0;208.3;0.0;0.0
51.7;213.8;3.3;0.0
548.9;234.7;95.7;44.0
545.6;449.2;489.5;0.0
495.0;805.6;3757.6;0.0
588.5;805.6;15711.3;0.0
541.2;1148.8;4901.6;0.0
550.0;1148.8;3445.2;0.0
550.0;1148.8;3647.6;0.0
574.2;1148.8;3592.6;0.0
533.5;1148.8;3586.0;0.0
550.0;1148.8;3768.6;0.0
550.0;1148.8;3665.2;0.0
550.0;1148.8;3795.0;0.0
550.0;1152.1;3478.2;0.0
533.5;1152.1;4107.4;0.0
603.9;1152.1;4026.0;0.0
550.0;1152.1;3715.8;0.0
495.0;1495.3;3184.5;0.0
550.0;1498.6;6.6;2156.0
548.9;1498.6;8.8;2816.0
550.0;1164.2;5.5;924.0
544.5;481.1;0.0;0.0
