50.0;435.2;1198.2;0.0
393.0;473.6;139.8;0.0
209.0;530.7;547.2;0.0
988.9;335.4;585.2;0.0
500.0;156.4;462.1;0.0
0.0;156.4;0.0;0.0
0.0;156.4;12.0;0.0
0.0;156.4;1.1;0.0
0.0;156.4;7.0;0.0
0.0;156.4;13.2;0.0
0.0;156.4;6.0;0.0
0.0;156.4;7.7;0.0
0.0;156.4;7.0;0.0
0.0;156.4;6.6;0.0
149.0;182.4;3.0;0.0
399.0;190.4;1.4;0.0
0.0;190.4;20.0;0.0
0.0;190.4;6.6;0.0
0.0;190.4;0.0;0.0
63.0;159.2;37.2;0.0
88.9;160.4;3.3;0.0
561.0;160.4;23.1;0.0
0.0;160.4;30.0;0.0
249.0;160.4;41.0;0.0
108.9;160.6;41.9;0.0
545.6;160.6;0.0;0.0
605.0;160.6;13.0;0.0
550.0;160.6;6.0;0.0
506.0;160.6;1.0;0.0
548.9;160.6;6.0;0.0
572.0;160.6;0.0;0.0
532.4;160.6;5.0;0.0
165.0;160.6;13.2;0.0
363.0;161.1;60.8;0.0
397.6;249.5;155.1;40.0
499.0;1015.5;28252.0;0.0
455.0;1330.5;34759.3;0.0
500.0;1333.5;19.0;5320.0
520.0;387.5;7.7;0.0
0.0;161.5;0.0;0.0
0.0;161.5;0.4;0.0
0.0;161.5;0.0;0.0
0.0;161.5;0.4;0.0
0.0;161.5;0.0;0.0
0.0;161.5;0.6;0.0
0.0;161.5;0.0;0.0
24.4;162.0;0.2;0.0
49.9;171.7;12.2;4.0
46.9;184.5;38.5;0.0
49.9;215.8;1053.6;0.0
55.0;216.1;1059.0;0.0
48.5;246.9;257.9;0.0
52.5;246.9;354.4;0.0
49.9;246.9;331.4;0.0
48.8;246.9;327.6;0.0
47.1;246.9;350.4;0.0
50.0;246.9;333.6;0.0
49.9;246.9;335.6;0.0
49.0;247.2;328.0;0.0
54.7;247.2;402.0;0.0
49.2;247.2;366.4;0.0
50.0;247.2;349.8;0.0
49.6;259.9;363.9;0.0
50.0;278.7;2.2;132.0
50.0;278.7;0.8;256.0
50.2;278.7;0.2;64.0
54.2;186.3;0.3;28.0
