99.9;243.5;352.7;0.0
74.8;134.4;689.7;0.0
227.0;315.9;483.4;0.0
399.0;156.4;383.9;0.0
0.0;156.4;0.0;0.0
0.0;156.4;0.1;0.0
0.0;156.4;0.0;0.0
0.0;156.4;13.2;0.0
0.0;156.4;13.0;0.0
0.0;156.4;7.7;0.0
0.0;156.4;7.0;0.0
0.0;156.4;4.4;0.0
0.0;156.4;5.0;0.0
0.0;156.4;4.4;0.0
0.0;156.4;8.0;0.0
0.0;156.4;4.4;0.0
397.0;189.4;6.0;0.0
533.5;159.7;1.2;0.0
297.8;160.1;12.6;0.0
120.0;160.4;7.7;0.0
465.0;160.4;58.3;0.0
92.8;161.3;13.2;0.0
529.0;161.3;1.1;0.0
498.0;161.3;0.0;0.0
348.0;161.3;3.3;0.0
97.0;161.3;62.0;0.0
149.0;161.3;7.7;0.0
0.0;161.3;1.0;0.0
0.0;161.3;6.6;0.0
50.0;161.3;12.0;0.0
0.0;161.3;5.5;0.0
0.0;161.3;7.0;0.0
0.0;161.3;5.5;0.0
0.0;161.3;4.0;0.0
271.7;161.8;3.3;0.0
561.0;345.1;171.2;44.0
552.2;1099.7;27747.5;0.0
203.1;1073.0;37945.7;40.0
67.8;594.5;28037.3;748.0
64.5;278.5;31552.0;3520.0
