54.9;251.7;1025.3;0.0
278.0;476.3;163.2;0.0
837.9;344.1;508.5;0.0
550.0;156.1;459.8;0.0
0.0;156.1;1.0;0.0
0.0;156.1;0.0;0.0
0.0;156.1;11.1;0.0
0.0;156.1;0.0;0.0
0.0;156.1;7.3;0.0
0.0;156.1;0.0;0.0
0.0;156.1;1.7;0.0
0.0;156.1;0.0;0.0
0.0;156.1;3.6;0.0
0.0;156.1;0.0;0.0
276.0;197.1;1.4;0.0
0.0;197.1;41.0;0.0
507.0;204.1;19.4;0.0
491.0;204.1;0.0;0.0
130.5;159.3;3.3;0.0
298.0;160.4;3.3;0.0
510.0;160.4;3.3;0.0
218.9;160.7;59.0;0.0
496.7;160.7;62.0;0.0
306.1;160.7;1.0;0.0
534.6;160.7;1.0;0.0
550.0;160.7;0.0;0.0
550.0;160.7;13.0;0.0
572.0;160.7;0.0;0.0
440.0;160.7;5.1;0.0
108.9;161.3;63.8;0.0
440.0;161.7;6.0;0.0
0.0;161.7;1.1;0.0
0.0;161.7;8.0;0.0
0.0;161.7;14.3;0.0
180.0;161.7;3.0;0.0
466.0;378.7;531.7;40.0
499.0;1015.7;46575.0;0.0
498.0;1329.7;15604.5;0.0
497.0;1028.7;19.0;5680.0
538.0;379.7;4.4;0.0
0.0;161.7;0.0;0.0
0.0;161.7;0.5;0.0
0.0;161.7;0.0;0.0
36.9;162.2;0.2;0.0
44.5;178.8;18.1;4.0
50.0;247.4;5830.3;0.0
45.0;278.7;328.3;0.0
50.5;279.0;0.6;196.0
50.3;279.0;0.8;256.0
50.0;248.6;0.5;80.0
51.8;185.8;0.0;0.0
