122.4;91.0;41.0;0.0
99.6;116.2;136.9;0.0
350.2;312.9;474.3;0.0
92.2;156.4;383.9;0.0
0.0;156.4;0.0;0.0
0.0;156.4;1.1;0.0
0.0;156.4;0.0;0.0
0.0;156.4;14.3;0.0
0.0;156.4;0.0;0.0
0.0;156.4;7.7;0.0
0.0;156.4;0.0;0.0
0.0;156.4;5.5;0.0
0.0;156.4;0.0;0.0
0.0;156.4;5.5;0.0
0.0;156.4;0.0;0.0
0.0;156.4;3.3;0.0
0.0;156.4;0.0;0.0
410.3;186.4;2.2;0.0
215.6;197.4;6.6;0.0
0.0;197.4;20.9;0.0
0.0;197.4;0.0;0.0
493.9;200.7;41.8;0.0
553.3;200.7;0.0;0.0
567.6;200.7;0.0;0.0
550.0;200.7;0.0;0.0
547.8;200.7;0.0;0.0
556.6;200.7;0.0;0.0
545.6;200.7;0.0;0.0
55.0;200.7;62.7;0.0
493.9;210.6;14.3;0.0
0.0;210.6;1.1;0.0
0.0;210.6;0.0;0.0
0.0;210.6;14.3;0.0
0.0;210.6;0.0;0.0
0.0;210.6;7.7;0.0
0.0;210.6;0.0;0.0
0.0;210.6;6.6;0.0
0.0;210.6;0.0;0.0
0.0;210.6;6.6;0.0
0.0;210.6;0.0;0.0
0.0;210.6;6.6;0.0
0.0;210.6;0.0;0.0
162.8;216.1;2.2;0.0
548.9;278.8;160.6;44.0
587.4;460.3;423.5;0.0
531.3;806.8;22317.9;0.0
550.0;1153.3;36282.4;0.0
0.0;1496.5;9782.3;0.0
1833.7;1499.8;4.4;1452.0
484.0;1499.8;11.0;3520.0
562.1;482.3;5.5;1012.0
