70.0;396.1;1261.2;0.0
260.0;622.3;302.1;0.0
602.8;491.4;886.3;0.0
935.0;310.5;533.5;0.0
383.9;156.7;436.1;0.0
0.0;156.7;8.0;0.0
0.0;156.7;6.1;0.0
0.0;156.7;0.0;0.0
0.0;156.7;6.0;0.0
0.0;156.7;14.3;0.0
0.0;156.7;6.0;0.0
0.0;156.7;7.7;0.0
222.0;183.7;2.0;0.0
299.0;189.7;0.6;0.0
232.0;195.7;57.0;0.0
549.0;195.7;5.5;0.0
486.0;195.7;0.0;0.0
484.0;195.7;6.6;0.0
500.0;195.7;0.0;0.0
138.0;159.4;3.3;0.0
267.0;160.5;5.6;0.0
314.1;160.7;7.9;0.0
348.8;160.7;0.0;0.0
495.6;160.7;1.0;0.0
550.0;160.7;0.0;0.0
543.4;160.7;13.0;0.0
597.3;160.7;0.0;0.0
550.0;160.7;7.0;0.0
440.0;160.7;12.1;0.0
55.0;161.3;61.1;0.0
440.0;161.7;0.0;0.0
0.0;161.7;6.1;0.0
0.0;161.7;0.0;0.0
250.0;161.7;12.2;0.0
449.0;376.7;537.0;40.0
499.0;701.7;1775.7;0.0
531.0;701.7;14993.0;0.0
491.0;1013.7;5872.4;0.0
499.0;1013.7;4259.0;0.0
500.0;1013.7;3980.3;0.0
500.0;1013.7;3256.0;0.0
525.0;1013.7;4321.4;0.0
481.0;1013.7;4279.0;0.0
114.4;1008.3;4098.2;0.0
91.4;824.1;4081.6;44.0
50.0;531.6;2434.4;0.0
84.6;531.6;9785.0;0.0
72.0;565.8;5815.4;1320.0
50.0;565.8;3330.5;2560.0
95.0;246.8;3990.2;920.0
49.8;246.8;322.4;0.0
47.4;246.8;335.0;0.0
54.7;246.8;374.6;0.0
50.0;246.8;340.4;0.0
45.0;246.8;326.4;0.0
50.0;247.1;344.8;0.0
53.0;247.1;362.2;0.0
48.2;247.1;402.4;0.0
55.0;247.1;371.2;0.0
44.9;278.6;154.9;0.0
49.5;278.6;1.0;324.0
48.5;278.6;0.6;192.0
54.2;248.2;0.3;48.0
