64.7;101.8;167.5;0.0
49.5;115.7;177.6;0.0
197.8;309.4;475.4;0.0
450.0;155.9;383.9;0.0
0.0;155.9;0.0;0.0
0.0;155.9;0.1;0.0
0.0;155.9;0.0;0.0
0.0;155.9;13.2;0.0
0.0;155.9;13.0;0.0
0.0;155.9;7.7;0.0
0.0;155.9;7.0;0.0
0.0;155.9;6.6;0.0
0.0;155.9;5.0;0.0
0.0;155.9;3.3;0.0
0.0;155.9;10.0;0.0
0.0;155.9;4.4;0.0
380.0;192.9;3.0;0.0
158.9;159.1;3.3;0.0
163.9;160.2;53.6;0.0
362.9;160.4;62.7;0.0
56.9;160.4;7.0;0.0
493.4;160.4;64.0;0.0
328.0;160.4;1.0;0.0
539.0;160.4;1.0;0.0
530.2;160.4;0.0;0.0
605.0;160.4;13.0;0.0
506.0;160.4;12.1;0.0
0.0;160.7;57.9;0.0
536.8;161.4;0.0;0.0
0.0;161.4;5.1;0.0
0.0;161.4;0.0;0.0
0.0;161.4;7.3;0.0
0.0;161.4;0.0;0.0
149.0;161.4;5.7;0.0
499.0;354.4;215.0;40.0
511.0;705.4;1899.6;0.0
482.0;708.4;16094.0;0.0
498.0;1019.4;4421.5;0.0
509.0;1019.4;3700.0;0.0
512.0;1019.4;3518.2;0.0
472.0;1019.4;4456.7;0.0
532.0;1019.4;3963.0;0.0
60.9;1014.9;5023.1;0.0
93.0;834.0;2963.9;44.0
55.1;536.4;5474.9;0.0
93.0;532.8;11508.8;0.0
87.0;246.9;3627.4;0.0
84.2;567.9;1614.8;680.0
102.2;567.9;3688.0;2560.0
49.9;567.9;3511.8;1920.0
108.9;842.9;3594.0;200.0
55.0;246.9;343.4;0.0
48.3;246.9;335.2;0.0
49.8;246.9;335.5;0.0
51.2;246.9;358.1;0.0
49.6;246.9;360.5;0.0
50.0;247.3;323.1;0.0
47.1;247.3;376.4;0.0
54.8;278.6;270.3;0.0
50.0;278.9;0.6;196.0
50.0;278.9;0.8;256.0
45.0;248.4;0.5;72.0
51.0;186.4;0.0;0.0
