71.9;259.0;994.7;0.0
243.0;540.5;192.0;0.0
987.8;356.4;611.3;0.0
550.0;156.1;495.0;0.0
0.0;156.1;1.0;0.0
0.0;156.1;0.0;0.0
0.0;156.1;11.1;0.0
0.0;156.1;0.0;0.0
0.0;156.1;7.0;0.0
0.0;156.1;0.0;0.0
0.0;156.1;5.0;0.0
0.0;156.1;13.2;0.0
0.0;156.1;7.0;0.0
0.0;156.1;7.7;0.0
364.0;197.1;3.0;0.0
50.0;202.1;57.7;0.0
482.0;204.1;0.0;0.0
498.0;204.1;0.0;0.0
511.0;204.1;5.5;0.0
497.0;204.1;0.0;0.0
486.0;204.1;4.4;0.0
495.0;204.1;0.0;0.0
305.0;189.7;9.2;0.0
361.0;160.1;61.0;0.0
60.0;177.1;5.6;0.0
512.6;160.8;69.3;0.0
0.0;160.8;11.3;0.0
492.8;161.7;45.1;0.0
0.0;161.7;6.1;0.0
0.0;161.7;0.0;0.0
0.0;161.7;14.3;0.0
0.0;161.7;6.0;0.0
0.0;161.7;7.7;0.0
0.0;161.7;8.0;0.0
0.0;161.7;5.5;0.0
485.0;242.7;149.0;40.0
503.0;1016.7;28911.3;0.0
495.0;1329.7;33631.0;0.0
495.0;1334.7;1.5;1320.0
480.0;1334.7;12.0;3840.0
240.4;1026.2;1.2;200.0
46.9;170.2;15.5;4.0
49.4;184.3;38.5;0.0
49.5;215.5;986.3;0.0
50.0;215.8;1110.7;0.0
50.0;246.7;244.9;0.0
50.0;246.7;306.0;0.0
51.5;246.7;345.5;0.0
50.0;246.7;314.5;0.0
50.0;246.7;320.8;0.0
49.6;246.7;335.4;0.0
50.0;246.7;330.8;0.0
48.4;246.7;346.0;0.0
49.3;246.9;360.2;0.0
54.4;246.9;362.0;0.0
50.0;246.9;355.6;0.0
50.0;246.9;366.1;0.0
50.0;278.4;84.8;68.0
49.1;278.4;0.8;256.0
49.5;278.4;0.4;128.0
48.6;248.0;0.5;76.0
