95.9;111.8;136.9;0.0
49.9;148.5;89.2;0.0
111.8;182.4;55.1;0.0
203.9;155.9;89.6;0.0
0.0;155.9;0.0;0.0
0.0;155.9;1.0;0.0
0.0;155.9;1.1;0.0
0.0;155.9;1.3;0.0
0.0;155.9;0.0;0.0
0.0;155.9;0.7;0.0
0.0;155.9;0.0;0.0
0.0;155.9;0.6;0.0
0.0;155.9;0.0;0.0
0.0;155.9;2.4;0.0
0.0;155.9;0.0;0.0
0.0;155.9;2.4;0.0
96.0;197.9;2.0;0.0
305.0;158.9;0.2;0.0
548.9;160.2;3.3;0.0
0.0;160.2;66.0;0.0
545.6;160.4;1.1;0.0
548.9;160.4;0.0;0.0
545.6;160.4;0.0;0.0
588.5;160.4;0.0;0.0
532.4;160.4;0.0;0.0
545.6;160.4;0.0;0.0
548.9;160.4;0.0;0.0
163.9;160.4;34.1;0.0
361.9;161.0;44.0;0.0
52.8;161.4;1.1;0.0
0.0;161.4;0.0;0.0
0.0;161.4;14.3;0.0
0.0;161.4;0.0;0.0
0.0;161.4;7.7;0.0
0.0;161.4;0.0;0.0
0.0;161.4;6.6;0.0
0.0;161.4;0.0;0.0
55.0;161.4;4.4;0.0
0.0;161.4;0.0;0.0
0.0;161.4;4.4;0.0
0.0;161.4;0.0;0.0
273.9;179.9;2.2;0.0
548.9;272.3;170.5;44.0
537.9;1114.9;39298.6;0.0
586.3;1114.9;3883.0;0.0
517.0;1114.9;3878.6;0.0
599.5;1114.9;3872.0;0.0
524.7;1118.2;4138.2;0.0
548.9;1118.2;4118.4;0.0
548.9;1118.2;3909.4;0.0
536.8;1118.2;4675.0;0.0
548.9;1465.8;502.7;748.0
599.5;1465.8;11.0;3520.0
495.0;1465.8;4.4;1408.0
602.8;1131.4;3.3;176.0
