0.0;156.7;0.0;0.0
55.0;156.7;1.1;0.0
0.0;156.7;1.0;0.0
0.0;156.7;13.2;0.0
0.0;156.7;14.0;0.0
0.0;156.7;7.7;0.0
0.0;156.7;7.0;0.0
0.0;156.7;5.5;0.0
0.0;156.7;7.0;0.0
0.0;156.7;6.6;0.0
0.0;156.7;9.0;0.0
0.0;156.7;5.5;0.0
276.0;184.7;3.0;0.0
71.2;159.5;4.2;0.0
153.2;160.0;55.3;0.0
416.8;160.7;66.0;0.0
352.2;160.7;12.0;0.0
293.0;160.7;56.0;0.0
57.2;160.7;0.1;0.0
1475.1;160.7;33.0;0.0
321.6;161.7;34.2;0.0
0.0;161.7;0.0;0.0
0.0;161.7;7.0;0.0
0.0;161.7;13.2;0.0
0.0;161.7;5.0;0.0
0.0;161.7;7.7;0.0
0.0;161.7;8.0;0.0
0.0;161.7;6.6;0.0
186.0;161.7;2.0;0.0
502.0;1017.7;31028.4;40.0
499.0;1332.7;31661.0;0.0
404.0;1337.7;2.6;1320.0
513.0;1337.7;8.0;2560.0
168.0;1028.2;5.2;1360.0
50.0;181.9;53.2;4.0
49.3;211.0;0.4;0.0
47.0;215.8;1430.0;0.0
54.6;247.0;715.9;0.0
50.0;247.0;305.7;0.0
50.0;247.0;308.1;0.0
51.0;247.0;345.8;0.0
50.0;247.0;311.8;0.0
50.0;247.0;336.0;0.0
50.0;247.0;330.6;0.0
49.5;247.0;339.8;0.0
47.1;247.3;327.5;0.0
49.9;247.3;364.5;0.0
53.2;247.3;398.6;0.0
48.9;247.3;355.6;0.0
50.5;278.5;347.3;0.0
48.2;278.8;0.4;132.0
51.9;278.8;1.0;320.0
50.0;248.4;0.5;96.0
49.4;186.3;0.0;0.0
