53.8;208.5;413.3;0.0
49.9;208.2;118.6;0.0
195.8;192.3;454.8;0.0
151.0;239.0;125.1;0.0
149.0;156.0;177.0;0.0
0.0;156.0;0.0;0.0
0.0;156.0;0.1;0.0
0.0;156.0;0.0;0.0
0.0;156.0;1.2;0.0
0.0;156.0;0.0;0.0
0.0;156.0;0.7;0.0
0.0;156.0;0.0;0.0
0.0;156.0;0.6;0.0
0.0;156.0;0.0;0.0
0.0;156.0;2.6;0.0
0.0;156.0;0.0;0.0
197.0;187.0;4.6;0.0
298.0;195.0;5.1;0.0
297.8;159.4;59.1;0.0
418.0;159.8;27.5;0.0
148.0;160.1;45.1;0.0
76.9;160.1;0.0;0.0
102.0;160.1;0.0;0.0
57.0;160.1;0.0;0.0
74.0;160.1;5.0;0.0
550.0;160.1;50.0;0.0
351.0;160.1;15.0;0.0
548.9;160.1;0.1;0.0
55.0;160.1;73.7;0.0
445.0;161.0;11.1;0.0
0.0;161.0;1.1;0.0
0.0;161.0;7.0;0.0
0.0;161.0;15.4;0.0
0.0;161.0;5.0;0.0
0.0;161.0;7.7;0.0
0.0;161.0;10.0;0.0
0.0;161.0;4.4;0.0
349.0;190.0;88.0;40.0
479.0;385.0;449.4;0.0
499.0;710.0;11419.0;0.0
481.0;1020.0;9879.7;0.0
510.0;1020.0;3422.0;0.0
279.2;1015.5;3335.3;0.0
87.0;949.8;3448.4;44.0
75.4;816.6;3983.5;0.0
113.0;533.1;5605.8;0.0
69.0;530.4;10175.2;0.0
71.5;246.2;1792.6;0.0
120.0;246.2;1749.7;0.0
55.0;246.2;886.2;0.0
65.0;246.2;957.6;0.0
82.0;572.2;1287.4;0.0
98.8;572.2;3714.6;3240.0
77.0;572.2;3641.4;1280.0
54.9;847.6;3563.4;680.0
50.0;246.6;342.0;0.0
49.1;246.6;335.8;0.0
50.0;246.6;328.0;0.0
49.6;246.6;357.2;0.0
50.0;277.8;289.9;0.0
52.9;278.1;0.8;260.0
50.0;278.1;0.6;192.0
45.0;247.7;0.5;84.0
50.0;185.7;0.0;0.0
