139.0;407.9;1262.1;0.0
253.1;497.0;670.5;0.0
653.2;336.8;578.4;0.0
429.0;158.2;429.0;0.0
110.0;159.5;21.0;0.0
0.0;159.5;0.0;0.0
0.0;159.5;11.1;0.0
0.0;159.5;0.0;0.0
0.0;159.5;7.3;0.0
199.0;159.5;5.0;0.0
497.0;159.5;7.7;0.0
548.0;159.5;0.0;0.0
402.9;159.5;5.5;0.0
49.9;160.2;11.0;0.0
367.5;160.2;2.0;0.0
517.0;160.2;0.0;0.0
572.0;160.2;11.1;0.0
163.9;160.7;2.2;0.0
0.0;160.7;13.0;0.0
0.0;160.7;1.1;0.0
0.0;160.7;7.0;0.0
0.0;160.7;14.3;0.0
316.0;337.7;177.0;40.0
469.8;1011.7;44991.7;0.0
0.0;1327.7;4607.0;0.0
1100.0;1329.7;2.4;1960.0
462.0;1175.7;11.0;2600.0
518.0;375.7;0.0;0.0
0.0;160.7;0.0;0.0
0.0;160.7;0.0;0.0
0.0;160.7;0.0;0.0
0.0;160.7;0.0;0.0
0.0;160.7;0.0;0.0
0.0;160.7;0.0;0.0
0.0;160.7;0.0;0.0
0.0;160.7;0.0;0.0
0.0;160.7;0.0;0.0
0.0;160.7;0.0;0.0
0.0;160.7;0.0;0.0
0.0;160.7;0.0;0.0
0.0;160.7;0.0;0.0
0.0;160.7;0.0;0.0
0.0;160.7;0.0;0.0
0.0;160.7;0.0;0.0
0.0;160.7;0.0;0.0
0.0;160.7;0.0;0.0
0.0;160.7;0.0;0.0
0.0;160.7;0.0;0.0
0.0;160.7;0.0;0.0
0.0;160.7;0.0;0.0
0.0;160.7;0.0;0.0
0.0;160.7;0.0;0.0
0.0;160.7;0.0;0.0
0.0;160.7;0.0;0.0
0.0;160.7;0.0;0.0
0.0;160.7;0.0;0.0
0.0;160.7;0.0;0.0
0.0;160.7;0.0;0.0
0.0;160.7;0.0;0.0
0.0;160.7;0.0;0.0
0.0;160.7;0.0;0.0
0.0;160.7;0.0;0.0
0.0;160.7;0.0;0.0
0.0;160.7;0.0;0.0
0.0;160.7;0.0;0.0
0.0;160.7;0.0;0.0
0.0;160.7;0.0;0.0
0.0;160.7;0.0;0.0
0.0;160.7;0.0;0.0
0.0;160.7;0.0;0.0
0.0;160.7;0.0;0.0
0.0;160.7;0.0;0.0
0.0;160.7;0.0;0.0
0.0;160.7;0.0;0.0
0.0;160.7;0.0;0.0
0.0;160.7;0.0;0.0
0.0;160.7;0.0;0.0
0.0;160.7;0.0;0.0
0.0;160.7;0.0;0.0
0.0;160.7;0.0;0.0
0.0;160.7;0.0;0.0
0.0;160.7;0.0;0.0
0.0;160.7;0.0;0.0
0.0;160.7;0.0;0.0
0.0;160.7;0.0;0.0
0.0;160.7;0.0;0.0
0.0;160.7;0.0;0.0
0.0;160.7;0.0;0.0
0.0;160.7;0.0;0.0
0.0;160.7;0.0;0.0
0.0;160.7;0.0;0.0
0.0;160.7;0.0;0.0
0.0;160.7;0.0;0.0
0.0;160.7;0.0;0.0
0.0;160.7;0.0;0.0
0.0;160.7;0.0;0.0
0.0;160.7;0.0;0.0
0.0;160.7;0.0;0.0
0.0;160.7;0.0;0.0
0.0;160.7;0.0;0.0
