45.0;251.6;342.7;0.0
50.1;200.7;281.2;0.0
449.1;332.2;264.6;0.0
99.7;171.2;640.7;0.0
683.9;159.4;7.5;0.0
0.0;159.4;0.0;0.0
0.0;159.4;1.1;0.0
0.0;159.4;0.0;0.0
0.0;159.4;14.3;0.0
0.0;159.4;1.0;0.0
0.0;159.4;7.7;0.0
0.0;159.4;0.0;0.0
50.0;159.4;9.4;0.0
536.8;160.1;1.1;0.0
550.0;160.1;7.0;0.0
550.0;160.1;0.0;0.0
162.0;160.1;5.0;0.0
49.4;160.1;14.3;0.0
404.0;160.6;0.0;0.0
500.0;160.6;0.0;0.0
349.0;160.6;12.1;0.0
0.0;160.6;0.0;0.0
0.0;160.6;13.3;0.0
0.0;160.6;0.0;0.0
0.0;160.6;5.7;0.0
0.0;160.6;0.0;0.0
55.0;160.6;3.4;0.0
0.0;160.6;0.0;0.0
50.0;160.6;5.0;0.0
496.0;345.6;171.0;40.0
550.0;695.6;517.0;0.0
460.0;697.6;16429.0;0.0
525.0;1004.6;2313.0;0.0
500.0;1008.6;3100.0;0.0
483.0;1008.6;4136.0;0.0
487.0;1008.6;3407.0;0.0
508.0;1008.6;3629.0;0.0
524.0;1008.6;5392.0;0.0
496.0;1008.6;3566.0;0.0
535.0;1008.6;3984.0;0.0
445.0;1323.6;2625.0;0.0
508.0;1323.6;8.0;2600.0
494.0;1323.6;6.0;1920.0
0.0;160.6;0.0;0.0
0.0;160.6;0.0;0.0
0.0;160.6;0.0;0.0
0.0;160.6;0.0;0.0
0.0;160.6;0.0;0.0
0.0;160.6;0.0;0.0
0.0;160.6;0.0;0.0
0.0;160.6;0.0;0.0
0.0;160.6;0.0;0.0
0.0;160.6;0.0;0.0
0.0;160.6;0.0;0.0
0.0;160.6;0.0;0.0
0.0;160.6;0.0;0.0
0.0;160.6;0.0;0.0
0.0;160.6;0.0;0.0
0.0;160.6;0.0;0.0
0.0;160.6;0.0;0.0
0.0;160.6;0.0;0.0
0.0;160.6;0.0;0.0
0.0;160.6;0.0;0.0
0.0;160.6;0.0;0.0
0.0;160.6;0.0;0.0
0.0;160.6;0.0;0.0
0.0;160.6;0.0;0.0
0.0;160.6;0.0;0.0
0.0;160.6;0.0;0.0
0.0;160.6;0.0;0.0
0.0;160.6;0.0;0.0
0.0;160.6;0.0;0.0
0.0;160.6;0.0;0.0
0.0;160.6;0.0;0.0
0.0;160.6;0.0;0.0
0.0;160.6;0.0;0.0
0.0;160.6;0.0;0.0
0.0;160.6;0.0;0.0
0.0;160.6;0.0;0.0
0.0;160.6;0.0;0.0
0.0;160.6;0.0;0.0
0.0;160.6;0.0;0.0
0.0;160.6;0.0;0.0
0.0;160.6;0.0;0.0
0.0;160.6;0.0;0.0
0.0;160.6;0.0;0.0
0.0;160.6;0.0;0.0
0.0;160.6;0.0;0.0
0.0;160.6;0.0;0.0
0.0;160.6;0.0;0.0
0.0;160.6;0.0;0.0
0.0;160.6;0.0;0.0
0.0;160.6;0.0;0.0
0.0;160.6;0.0;0.0
0.0;160.6;0.0;0.0
0.0;160.6;0.0;0.0
0.0;160.6;0.0;0.0
0.0;160.6;0.0;0.0
0.0;160.6;0.0;0.0
0.0;160.6;0.0;0.0
