144.9;128.5;220.1;0.0
122.0;169.0;215.1;0.0
132.6;198.5;252.8;0.0
167.9;305.9;259.5;0.0
401.0;158.7;412.3;0.0
0.0;158.7;0.0;0.0
0.0;158.7;1.0;0.0
0.0;158.7;1.1;0.0
0.0;158.7;13.0;0.0
0.0;158.7;13.2;0.0
0.0;158.7;7.0;0.0
0.0;158.7;7.7;0.0
239.0;158.7;4.0;0.0
279.4;158.7;5.5;0.0
70.8;159.4;0.0;0.0
49.5;159.4;0.0;0.0
50.0;159.4;13.0;0.0
471.9;159.4;0.0;0.0
378.4;159.8;14.3;0.0
0.0;159.8;1.0;0.0
0.0;159.8;1.1;0.0
0.0;159.8;13.0;0.0
55.0;159.8;14.3;0.0
0.0;159.8;7.0;0.0
0.0;159.8;7.7;0.0
294.0;221.8;155.0;40.0
527.0;393.8;380.5;0.0
499.0;704.8;10293.0;0.0
490.0;1011.8;7004.0;0.0
545.0;1015.8;3144.0;0.0
469.0;1015.8;3456.0;0.0
520.0;1015.8;3562.0;0.0
512.0;1015.8;3694.0;0.0
473.0;1015.8;3568.0;0.0
494.0;1015.8;3557.0;0.0
495.0;1015.8;4295.0;0.0
518.0;1015.8;4048.0;0.0
491.0;1330.8;2103.0;0.0
493.0;1330.8;8.0;2600.0
520.0;1136.8;9.0;2360.0
0.0;159.8;0.0;0.0
0.0;159.8;0.0;0.0
0.0;159.8;0.0;0.0
0.0;159.8;0.0;0.0
0.0;159.8;0.0;0.0
0.0;159.8;0.0;0.0
0.0;159.8;0.0;0.0
0.0;159.8;0.0;0.0
0.0;159.8;0.0;0.0
0.0;159.8;0.0;0.0
0.0;159.8;0.0;0.0
0.0;159.8;0.0;0.0
0.0;159.8;0.0;0.0
0.0;159.8;0.0;0.0
0.0;159.8;0.0;0.0
0.0;159.8;0.0;0.0
0.0;159.8;0.0;0.0
0.0;159.8;0.0;0.0
0.0;159.8;0.0;0.0
0.0;159.8;0.0;0.0
0.0;159.8;0.0;0.0
0.0;159.8;0.0;0.0
0.0;159.8;0.0;0.0
0.0;159.8;0.0;0.0
0.0;159.8;0.0;0.0
0.0;159.8;0.0;0.0
0.0;159.8;0.0;0.0
0.0;159.8;0.0;0.0
0.0;159.8;0.0;0.0
0.0;159.8;0.0;0.0
0.0;159.8;0.0;0.0
0.0;159.8;0.0;0.0
0.0;159.8;0.0;0.0
0.0;159.8;0.0;0.0
0.0;159.8;0.0;0.0
0.0;159.8;0.0;0.0
0.0;159.8;0.0;0.0
0.0;159.8;0.0;0.0
0.0;159.8;0.0;0.0
0.0;159.8;0.0;0.0
0.0;159.8;0.0;0.0
0.0;159.8;0.0;0.0
0.0;159.8;0.0;0.0
0.0;159.8;0.0;0.0
0.0;159.8;0.0;0.0
0.0;159.8;0.0;0.0
0.0;159.8;0.0;0.0
0.0;159.8;0.0;0.0
0.0;159.8;0.0;0.0
0.0;159.8;0.0;0.0
0.0;159.8;0.0;0.0
0.0;159.8;0.0;0.0
0.0;159.8;0.0;0.0
0.0;159.8;0.0;0.0
0.0;159.8;0.0;0.0
0.0;159.8;0.0;0.0
0.0;159.8;0.0;0.0
0.0;159.8;0.0;0.0
0.0;159.8;0.0;0.0
0.0;159.8;0.0;0.0
