94.0;91.2;52.4;0.0
50.2;121.3;465.5;0.0
226.6;199.5;215.6;0.0
247.6;246.0;53.4;0.0
79.9;159.4;220.5;0.0
0.0;159.4;0.0;0.0
0.0;159.4;0.1;0.0
0.0;159.4;0.0;0.0
0.0;159.4;2.4;0.0
0.0;159.4;0.0;0.0
52.8;159.4;0.7;0.0
0.0;159.4;0.0;0.0
168.9;159.4;1.4;0.0
93.4;160.1;0.0;0.0
62.5;160.1;0.0;0.0
99.0;160.1;0.0;0.0
100.6;160.1;1.0;0.0
29.9;160.6;2.3;0.0
0.0;160.6;0.0;0.0
0.0;160.6;0.1;0.0
0.0;160.6;0.0;0.0
0.0;160.6;2.3;0.0
0.0;160.6;0.0;0.0
0.0;160.6;0.7;0.0
0.0;160.6;0.0;0.0
104.0;160.6;0.4;0.0
498.0;1009.6;32435.0;40.0
495.0;1321.6;17292.0;0.0
504.0;1326.6;17.0;4560.0
0.0;160.6;0.0;0.0
0.0;160.6;0.0;0.0
0.0;160.6;0.0;0.0
0.0;160.6;0.0;0.0
0.0;160.6;0.0;0.0
0.0;160.6;0.0;0.0
0.0;160.6;0.0;0.0
0.0;160.6;0.0;0.0
0.0;160.6;0.0;0.0
0.0;160.6;0.0;0.0
0.0;160.6;0.0;0.0
0.0;160.6;0.0;0.0
0.0;160.6;0.0;0.0
0.0;160.6;0.0;0.0
0.0;160.6;0.0;0.0
0.0;160.6;0.0;0.0
0.0;160.6;0.0;0.0
0.0;160.6;0.0;0.0
0.0;160.6;0.0;0.0
0.0;160.6;0.0;0.0
0.0;160.6;0.0;0.0
0.0;160.6;0.0;0.0
0.0;160.6;0.0;0.0
0.0;160.6;0.0;0.0
0.0;160.6;0.0;0.0
0.0;160.6;0.0;0.0
0.0;160.6;0.0;0.0
0.0;160.6;0.0;0.0
0.0;160.6;0.0;0.0
0.0;160.6;0.0;0.0
0.0;160.6;0.0;0.0
0.0;160.6;0.0;0.0
0.0;160.6;0.0;0.0
0.0;160.6;0.0;0.0
0.0;160.6;0.0;0.0
0.0;160.6;0.0;0.0
0.0;160.6;0.0;0.0
0.0;160.6;0.0;0.0
0.0;160.6;0.0;0.0
0.0;160.6;0.0;0.0
0.0;160.6;0.0;0.0
0.0;160.6;0.0;0.0
0.0;160.6;0.0;0.0
0.0;160.6;0.0;0.0
0.0;160.6;0.0;0.0
0.0;160.6;0.0;0.0
0.0;160.6;0.0;0.0
0.0;160.6;0.0;0.0
0.0;160.6;0.0;0.0
0.0;160.6;0.0;0.0
0.0;160.6;0.0;0.0
0.0;160.6;0.0;0.0
0.0;160.6;0.0;0.0
0.0;160.6;0.0;0.0
0.0;160.6;0.0;0.0
0.0;160.6;0.0;0.0
0.0;160.6;0.0;0.0
0.0;160.6;0.0;0.0
0.0;160.6;0.0;0.0
0.0;160.6;0.0;0.0
0.0;160.6;0.0;0.0
0.0;160.6;0.0;0.0
0.0;160.6;0.0;0.0
0.0;160.6;0.0;0.0
0.0;160.6;0.0;0.0
0.0;160.6;0.0;0.0
0.0;160.6;0.0;0.0
0.0;160.6;0.0;0.0
0.0;160.6;0.0;0.0
0.0;160.6;0.0;0.0
0.0;160.6;0.0;0.0
