139.8;138.6;257.4;0.0
94.0;176.2;171.6;0.0
178.5;185.1;133.9;0.0
58.2;177.7;92.9;0.0
118.9;159.0;2.0;0.0
0.0;159.0;0.0;0.0
0.0;159.0;0.1;0.0
0.0;159.0;0.0;0.0
0.0;159.0;1.3;0.0
0.0;159.0;0.0;0.0
0.0;159.0;0.7;0.0
0.0;159.0;0.0;0.0
387.0;159.0;1.5;0.0
63.0;159.8;0.0;0.0
60.3;159.8;0.0;0.0
151.0;159.8;13.0;0.0
550.0;159.8;0.0;0.0
550.0;159.8;13.3;0.0
165.0;160.2;0.0;0.0
0.0;160.2;13.0;0.0
0.0;160.2;1.1;0.0
0.0;160.2;7.0;0.0
0.0;160.2;14.3;0.0
299.0;208.2;151.0;40.0
495.0;387.2;378.7;0.0
534.0;701.2;10608.0;0.0
499.0;1009.2;6909.6;0.0
470.0;1009.2;3690.0;0.0
533.0;1009.2;3282.0;0.0
495.0;1009.2;3172.0;0.0
464.0;1013.2;3654.0;0.0
516.0;1013.2;3540.0;0.0
495.0;1013.2;3444.0;0.0
540.0;1013.2;3552.0;0.0
508.0;1013.2;3802.0;0.0
499.0;1097.2;3561.0;0.0
444.0;1328.2;22.0;1320.0
498.0;1328.2;8.0;2560.0
499.0;1025.2;5.0;760.0
0.0;160.2;0.0;0.0
0.0;160.2;0.0;0.0
0.0;160.2;0.0;0.0
0.0;160.2;0.0;0.0
0.0;160.2;0.0;0.0
0.0;160.2;0.0;0.0
0.0;160.2;0.0;0.0
0.0;160.2;0.0;0.0
0.0;160.2;0.0;0.0
0.0;160.2;0.0;0.0
0.0;160.2;0.0;0.0
0.0;160.2;0.0;0.0
0.0;160.2;0.0;0.0
0.0;160.2;0.0;0.0
0.0;160.2;0.0;0.0
0.0;160.2;0.0;0.0
0.0;160.2;0.0;0.0
0.0;160.2;0.0;0.0
0.0;160.2;0.0;0.0
0.0;160.2;0.0;0.0
0.0;160.2;0.0;0.0
0.0;160.2;0.0;0.0
0.0;160.2;0.0;0.0
0.0;160.2;0.0;0.0
0.0;160.2;0.0;0.0
0.0;160.2;0.0;0.0
0.0;160.2;0.0;0.0
0.0;160.2;0.0;0.0
0.0;160.2;0.0;0.0
0.0;160.2;0.0;0.0
0.0;160.2;0.0;0.0
0.0;160.2;0.0;0.0
0.0;160.2;0.0;0.0
0.0;160.2;0.0;0.0
0.0;160.2;0.0;0.0
0.0;160.2;0.0;0.0
0.0;160.2;0.0;0.0
0.0;160.2;0.0;0.0
0.0;160.2;0.0;0.0
0.0;160.2;0.0;0.0
0.0;160.2;0.0;0.0
0.0;160.2;0.0;0.0
0.0;160.2;0.0;0.0
0.0;160.2;0.0;0.0
0.0;160.2;0.0;0.0
0.0;160.2;0.0;0.0
0.0;160.2;0.0;0.0
0.0;160.2;0.0;0.0
0.0;160.2;0.0;0.0
0.0;160.2;0.0;0.0
0.0;160.2;0.0;0.0
0.0;160.2;0.0;0.0
0.0;160.2;0.0;0.0
0.0;160.2;0.0;0.0
0.0;160.2;0.0;0.0
0.0;160.2;0.0;0.0
0.0;160.2;0.0;0.0
0.0;160.2;0.0;0.0
0.0;160.2;0.0;0.0
0.0;160.2;0.0;0.0
0.0;160.2;0.0;0.0
