103.9;266.1;1043.3;0.0
408.9;427.6;298.3;0.0
397.7;377.9;396.6;0.0
501.9;302.8;148.2;0.0
495.0;158.9;337.7;0.0
0.0;158.9;1.0;0.0
0.0;158.9;0.0;0.0
0.0;158.9;11.1;0.0
0.0;158.9;6.0;0.0
0.0;158.9;13.3;0.0
0.0;158.9;2.0;0.0
493.0;158.9;4.7;0.0
252.0;177.9;12.0;0.0
385.0;159.6;5.5;0.0
597.3;159.6;1.0;0.0
550.0;159.6;0.0;0.0
550.0;159.6;13.0;0.0
537.9;159.6;0.0;0.0
385.0;160.0;7.3;0.0
0.0;160.0;0.0;0.0
391.0;245.0;160.1;40.0
522.0;393.0;385.0;0.0
492.0;704.0;13027.3;0.0
500.0;1011.0;4554.0;0.0
511.0;1011.0;3334.7;0.0
498.0;1011.0;3185.0;0.0
453.0;1011.0;3991.5;0.0
475.0;1011.0;3916.0;0.0
505.0;1011.0;3708.0;0.0
524.0;1016.0;4062.0;0.0
505.0;1016.0;4220.0;0.0
502.0;1256.0;3753.0;0.0
478.0;1331.0;22.0;1320.0
501.0;1331.0;8.0;2560.0
519.0;1027.0;5.0;800.0
0.0;160.0;0.0;0.0
0.0;160.0;0.0;0.0
0.0;160.0;0.0;0.0
0.0;160.0;0.0;0.0
0.0;160.0;0.0;0.0
0.0;160.0;0.0;0.0
0.0;160.0;0.0;0.0
0.0;160.0;0.0;0.0
0.0;160.0;0.0;0.0
0.0;160.0;0.0;0.0
0.0;160.0;0.0;0.0
0.0;160.0;0.0;0.0
0.0;160.0;0.0;0.0
0.0;160.0;0.0;0.0
0.0;160.0;0.0;0.0
0.0;160.0;0.0;0.0
0.0;160.0;0.0;0.0
0.0;160.0;0.0;0.0
0.0;160.0;0.0;0.0
0.0;160.0;0.0;0.0
0.0;160.0;0.0;0.0
0.0;160.0;0.0;0.0
0.0;160.0;0.0;0.0
0.0;160.0;0.0;0.0
0.0;160.0;0.0;0.0
0.0;160.0;0.0;0.0
0.0;160.0;0.0;0.0
0.0;160.0;0.0;0.0
0.0;160.0;0.0;0.0
0.0;160.0;0.0;0.0
0.0;160.0;0.0;0.0
0.0;160.0;0.0;0.0
0.0;160.0;0.0;0.0
0.0;160.0;0.0;0.0
0.0;160.0;0.0;0.0
0.0;160.0;0.0;0.0
0.0;160.0;0.0;0.0
0.0;160.0;0.0;0.0
0.0;160.0;0.0;0.0
0.0;160.0;0.0;0.0
0.0;160.0;0.0;0.0
0.0;160.0;0.0;0.0
0.0;160.0;0.0;0.0
0.0;160.0;0.0;0.0
0.0;160.0;0.0;0.0
0.0;160.0;0.0;0.0
0.0;160.0;0.0;0.0
0.0;160.0;0.0;0.0
0.0;160.0;0.0;0.0
0.0;160.0;0.0;0.0
0.0;160.0;0.0;0.0
0.0;160.0;0.0;0.0
0.0;160.0;0.0;0.0
0.0;160.0;0.0;0.0
0.0;160.0;0.0;0.0
0.0;160.0;0.0;0.0
0.0;160.0;0.0;0.0
0.0;160.0;0.0;0.0
0.0;160.0;0.0;0.0
0.0;160.0;0.0;0.0
0.0;160.0;0.0;0.0
0.0;160.0;0.0;0.0
0.0;160.0;0.0;0.0
0.0;160.0;0.0;0.0
0.0;160.0;0.0;0.0
