88.9;386.7;444.2;0.0
151.2;350.6;384.1;0.0
397.1;417.4;584.3;0.0
421.7;326.9;427.4;0.0
480.2;157.7;411.1;0.0
0.0;159.1;20.9;0.0
0.0;159.1;1.0;0.0
0.0;159.1;1.1;0.0
0.0;159.1;13.0;0.0
0.0;159.1;14.3;0.0
0.0;159.1;7.0;0.0
0.0;159.1;7.7;0.0
398.0;159.1;5.0;0.0
102.3;159.9;18.7;0.0
386.9;160.3;0.0;0.0
530.0;160.3;0.0;0.0
399.0;160.3;12.1;0.0
0.0;160.3;0.0;0.0
55.0;160.3;13.3;0.0
0.0;160.3;0.0;0.0
0.0;160.3;5.7;0.0
0.0;160.3;0.0;0.0
0.0;160.3;2.5;0.0
0.0;160.3;0.0;0.0
50.0;160.3;4.0;0.0
448.0;334.3;172.0;40.0
504.0;1012.3;41814.0;0.0
465.0;1322.3;7755.0;0.0
491.0;1327.3;4.0;1320.0
528.0;1327.3;8.0;2560.0
498.0;1024.3;5.0;840.0
474.0;379.3;0.0;0.0
0.0;160.3;0.0;0.0
0.0;160.3;0.0;0.0
0.0;160.3;0.0;0.0
0.0;160.3;0.0;0.0
0.0;160.3;0.0;0.0
0.0;160.3;0.0;0.0
0.0;160.3;0.0;0.0
0.0;160.3;0.0;0.0
0.0;160.3;0.0;0.0
0.0;160.3;0.0;0.0
0.0;160.3;0.0;0.0
0.0;160.3;0.0;0.0
0.0;160.3;0.0;0.0
0.0;160.3;0.0;0.0
0.0;160.3;0.0;0.0
0.0;160.3;0.0;0.0
0.0;160.3;0.0;0.0
0.0;160.3;0.0;0.0
0.0;160.3;0.0;0.0
0.0;160.3;0.0;0.0
0.0;160.3;0.0;0.0
0.0;160.3;0.0;0.0
0.0;160.3;0.0;0.0
0.0;160.3;0.0;0.0
0.0;160.3;0.0;0.0
0.0;160.3;0.0;0.0
0.0;160.3;0.0;0.0
0.0;160.3;0.0;0.0
0.0;160.3;0.0;0.0
0.0;160.3;0.0;0.0
0.0;160.3;0.0;0.0
0.0;160.3;0.0;0.0
0.0;160.3;0.0;0.0
0.0;160.3;0.0;0.0
0.0;160.3;0.0;0.0
0.0;160.3;0.0;0.0
0.0;160.3;0.0;0.0
0.0;160.3;0.0;0.0
0.0;160.3;0.0;0.0
0.0;160.3;0.0;0.0
0.0;160.3;0.0;0.0
0.0;160.3;0.0;0.0
0.0;160.3;0.0;0.0
0.0;160.3;0.0;0.0
0.0;160.3;0.0;0.0
0.0;160.3;0.0;0.0
0.0;160.3;0.0;0.0
0.0;160.3;0.0;0.0
0.0;160.3;0.0;0.0
0.0;160.3;0.0;0.0
0.0;160.3;0.0;0.0
0.0;160.3;0.0;0.0
0.0;160.3;0.0;0.0
0.0;160.3;0.0;0.0
0.0;160.3;0.0;0.0
0.0;160.3;0.0;0.0
0.0;160.3;0.0;0.0
0.0;160.3;0.0;0.0
0.0;160.3;0.0;0.0
0.0;160.3;0.0;0.0
0.0;160.3;0.0;0.0
0.0;160.3;0.0;0.0
0.0;160.3;0.0;0.0
0.0;160.3;0.0;0.0
0.0;160.3;0.0;0.0
0.0;160.3;0.0;0.0
0.0;160.3;0.0;0.0
0.0;160.3;0.0;0.0
