149.9;217.2;270.1;0.0
50.0;184.0;256.9;0.0
398.8;298.7;203.7;0.0
435.9;332.0;141.3;0.0
347.0;192.8;409.0;0.0
273.9;159.0;22.0;0.0
0.0;159.0;0.0;0.0
0.0;159.0;1.1;0.0
0.0;159.0;0.0;0.0
0.0;159.0;13.2;0.0
0.0;159.0;0.0;0.0
0.0;159.0;0.0;0.0
0.0;159.0;7.7;0.0
0.0;159.0;0.0;0.0
325.6;159.7;4.4;0.0
548.9;159.7;0.0;0.0
544.5;159.7;0.0;0.0
584.1;159.7;0.0;0.0
550.0;159.7;9.9;0.0
218.9;160.1;4.4;0.0
0.0;160.1;0.0;0.0
55.0;160.1;1.1;0.0
0.0;160.1;0.0;0.0
0.0;160.1;12.1;0.0
0.0;160.1;0.0;0.0
0.0;160.1;7.7;0.0
0.0;160.1;0.0;0.0
0.0;160.1;5.5;0.0
0.0;160.1;0.0;0.0
0.0;160.1;1.0;0.0
0.0;160.1;0.0;0.0
0.0;160.1;13.0;0.0
0.0;160.1;0.0;0.0
50.0;160.1;7.0;0.0
0.0;160.1;0.0;0.0
249.0;160.1;4.0;0.0
475.0;160.1;0.0;0.0
529.0;160.1;0.0;0.0
480.0;160.1;0.0;0.0
400.0;160.1;13.0;0.0
0.0;160.1;0.0;0.0
0.0;160.1;1.0;0.0
0.0;160.1;0.0;0.0
0.0;160.1;12.0;0.0
0.0;160.1;0.0;0.0
0.0;160.1;7.0;0.0
0.0;160.1;0.0;0.0
142.0;160.1;4.0;0.0
497.0;1017.1;29728.0;40.0
528.0;1017.1;3303.0;0.0
486.0;1017.1;3562.0;0.0
488.0;1017.1;3560.0;0.0
490.0;1017.1;4762.0;0.0
515.0;1330.1;3385.0;0.0
496.0;1333.1;4.0;1320.0
512.0;1333.1;8.0;2560.0
488.0;1030.1;5.0;840.0
0.0;160.1;0.0;0.0
0.0;160.1;0.0;0.0
0.0;160.1;0.0;0.0
0.0;160.1;0.0;0.0
0.0;160.1;0.0;0.0
0.0;160.1;0.0;0.0
0.0;160.1;0.0;0.0
0.0;160.1;0.0;0.0
0.0;160.1;0.0;0.0
0.0;160.1;0.0;0.0
0.0;160.1;0.0;0.0
0.0;160.1;0.0;0.0
0.0;160.1;0.0;0.0
0.0;160.1;0.0;0.0
0.0;160.1;0.0;0.0
0.0;160.1;0.0;0.0
0.0;160.1;0.0;0.0
0.0;160.1;0.0;0.0
0.0;160.1;0.0;0.0
0.0;160.1;0.0;0.0
0.0;160.1;0.0;0.0
0.0;160.1;0.0;0.0
0.0;160.1;0.0;0.0
0.0;160.1;0.0;0.0
0.0;160.1;0.0;0.0
0.0;160.1;0.0;0.0
0.0;160.1;0.0;0.0
0.0;160.1;0.0;0.0
0.0;160.1;0.0;0.0
0.0;160.1;0.0;0.0
0.0;160.1;0.0;0.0
0.0;160.1;0.0;0.0
0.0;160.1;0.0;0.0
0.0;160.1;0.0;0.0
0.0;160.1;0.0;0.0
0.0;160.1;0.0;0.0
0.0;160.1;0.0;0.0
0.0;160.1;0.0;0.0
0.0;160.1;0.0;0.0
0.0;160.1;0.0;0.0
0.0;160.1;0.0;0.0
0.0;160.1;0.0;0.0
0.0;160.1;0.0;0.0
