112.9;374.5;1256.0;0.0
283.0;620.1;303.0;0.0
404.9;547.2;798.2;0.0
928.4;386.1;548.9;0.0
603.9;273.6;265.1;0.0
385.0;158.8;239.8;0.0
0.0;158.8;0.0;0.0
0.0;158.8;0.0;0.0
0.0;158.8;1.1;0.0
0.0;158.8;0.0;0.0
0.0;158.8;13.2;0.0
0.0;158.8;0.0;0.0
0.0;158.8;7.7;0.0
0.0;158.8;0.0;0.0
262.9;158.8;5.5;0.0
563.2;159.5;12.1;0.0
495.0;159.9;2.2;0.0
0.0;159.9;0.0;0.0
0.0;159.9;1.1;0.0
0.0;159.9;0.0;0.0
0.0;159.9;13.2;0.0
0.0;159.9;0.0;0.0
0.0;159.9;7.7;0.0
0.0;159.9;0.0;0.0
0.0;159.9;4.4;0.0
0.0;159.9;0.0;0.0
0.0;159.9;0.0;0.0
0.0;159.9;0.0;0.0
0.0;159.9;0.0;0.0
0.0;159.9;0.0;0.0
0.0;159.9;0.0;0.0
0.0;159.9;1.0;0.0
0.0;159.9;0.0;0.0
0.0;159.9;13.0;0.0
0.0;159.9;0.0;0.0
0.0;159.9;0.0;0.0
0.0;159.9;7.0;0.0
0.0;159.9;0.0;0.0
482.0;159.9;4.0;0.0
505.0;159.9;0.0;0.0
540.0;159.9;0.0;0.0
499.0;159.9;11.0;0.0
200.0;159.9;2.0;0.0
0.0;159.9;0.0;0.0
0.0;159.9;1.0;0.0
0.0;159.9;0.0;0.0
49.0;159.9;13.0;0.0
0.0;159.9;0.0;0.0
0.0;159.9;7.0;0.0
0.0;159.9;0.0;0.0
434.0;265.9;151.0;40.0
501.0;1018.9;42538.0;0.0
533.0;1018.9;3410.0;0.0
498.0;1333.9;3203.0;0.0
500.0;1333.9;4.0;1320.0
495.0;1333.9;8.0;2560.0
485.0;1030.9;5.0;720.0
0.0;159.9;0.0;0.0
0.0;159.9;0.0;0.0
0.0;159.9;0.0;0.0
0.0;159.9;0.0;0.0
0.0;159.9;0.0;0.0
0.0;159.9;0.0;0.0
0.0;159.9;0.0;0.0
0.0;159.9;0.0;0.0
0.0;159.9;0.0;0.0
0.0;159.9;0.0;0.0
0.0;159.9;0.0;0.0
0.0;159.9;0.0;0.0
0.0;159.9;0.0;0.0
0.0;159.9;0.0;0.0
0.0;159.9;0.0;0.0
0.0;159.9;0.0;0.0
0.0;159.9;0.0;0.0
0.0;159.9;0.0;0.0
0.0;159.9;0.0;0.0
0.0;159.9;0.0;0.0
0.0;159.9;0.0;0.0
0.0;159.9;0.0;0.0
0.0;159.9;0.0;0.0
0.0;159.9;0.0;0.0
0.0;159.9;0.0;0.0
0.0;159.9;0.0;0.0
0.0;159.9;0.0;0.0
0.0;159.9;0.0;0.0
0.0;159.9;0.0;0.0
0.0;159.9;0.0;0.0
0.0;159.9;0.0;0.0
0.0;159.9;0.0;0.0
0.0;159.9;0.0;0.0
0.0;159.9;0.0;0.0
0.0;159.9;0.0;0.0
0.0;159.9;0.0;0.0
0.0;159.9;0.0;0.0
0.0;159.9;0.0;0.0
0.0;159.9;0.0;0.0
0.0;159.9;0.0;0.0
0.0;159.9;0.0;0.0
0.0;159.9;0.0;0.0
0.0;159.9;0.0;0.0
