50.0;471.3;1240.4;0.0
190.0;650.7;398.8;0.0
351.0;605.8;845.1;0.0
877.8;395.2;688.6;0.0
548.9;350.2;88.1;0.0
603.9;184.6;429.0;0.0
218.9;158.9;9.0;0.0
0.0;158.9;0.0;0.0
0.0;158.9;6.1;0.0
0.0;158.9;0.0;0.0
349.0;158.9;9.3;0.0
496.0;158.9;0.0;0.0
498.0;158.9;7.7;0.0
498.0;158.9;0.0;0.0
364.0;158.9;7.4;0.0
396.5;159.5;2.0;0.0
550.0;159.5;0.0;0.0
550.0;159.5;1.0;0.0
550.0;159.5;0.0;0.0
495.0;159.9;2.3;0.0
0.0;159.9;0.0;0.0
0.0;159.9;7.0;0.0
0.0;159.9;1.1;0.0
449.0;258.9;150.0;40.0
499.0;394.9;374.2;0.0
499.0;705.9;11377.0;0.0
499.0;1012.9;6113.7;0.0
499.0;1015.9;3130.0;0.0
456.7;1015.9;3248.4;0.0
498.0;1015.9;3302.0;0.0
499.0;1015.9;3402.0;0.0
498.0;1015.9;3486.0;0.0
499.0;1015.9;3294.0;0.0
494.0;1015.9;3668.0;0.0
498.0;1015.9;3454.0;0.0
498.0;1015.9;3594.0;0.0
499.0;1330.9;701.0;680.0
499.0;1330.9;8.0;2560.0
499.0;1330.9;2.0;640.0
499.0;410.9;5.0;720.0
0.0;159.9;0.0;0.0
0.0;159.9;0.0;0.0
0.0;159.9;0.0;0.0
0.0;159.9;0.0;0.0
0.0;159.9;0.0;0.0
0.0;159.9;0.0;0.0
0.0;159.9;0.0;0.0
0.0;159.9;0.0;0.0
0.0;159.9;0.0;0.0
0.0;159.9;0.0;0.0
0.0;159.9;0.0;0.0
0.0;159.9;0.0;0.0
0.0;159.9;0.0;0.0
0.0;159.9;0.0;0.0
0.0;159.9;0.0;0.0
0.0;159.9;0.0;0.0
0.0;159.9;0.0;0.0
0.0;159.9;0.0;0.0
0.0;159.9;0.0;0.0
0.0;159.9;0.0;0.0
0.0;159.9;0.0;0.0
0.0;159.9;0.0;0.0
0.0;159.9;0.0;0.0
0.0;159.9;0.0;0.0
0.0;159.9;0.0;0.0
0.0;159.9;0.0;0.0
0.0;159.9;0.0;0.0
0.0;159.9;0.0;0.0
0.0;159.9;0.0;0.0
0.0;159.9;0.0;0.0
0.0;159.9;0.0;0.0
0.0;159.9;0.0;0.0
0.0;159.9;0.0;0.0
0.0;159.9;0.0;0.0
0.0;159.9;0.0;0.0
0.0;159.9;0.0;0.0
0.0;159.9;0.0;0.0
0.0;159.9;0.0;0.0
0.0;159.9;0.0;0.0
0.0;159.9;0.0;0.0
0.0;159.9;0.0;0.0
0.0;159.9;0.0;0.0
0.0;159.9;0.0;0.0
0.0;159.9;0.0;0.0
0.0;159.9;0.0;0.0
0.0;159.9;0.0;0.0
0.0;159.9;0.0;0.0
0.0;159.9;0.0;0.0
0.0;159.9;0.0;0.0
0.0;159.9;0.0;0.0
0.0;159.9;0.0;0.0
0.0;159.9;0.0;0.0
0.0;159.9;0.0;0.0
0.0;159.9;0.0;0.0
0.0;159.9;0.0;0.0
0.0;159.9;0.0;0.0
0.0;159.9;0.0;0.0
0.0;159.9;0.0;0.0
0.0;159.9;0.0;0.0
0.0;159.9;0.0;0.0
