235.9;256.4;413.9;0.0
289.9;324.5;50.3;0.0
320.9;159.4;388.0;0.0
49.0;159.4;4.0;0.0
55.0;159.4;1.1;0.0
0.0;159.4;1.0;0.0
0.0;159.4;14.3;0.0
0.0;159.4;13.0;0.0
0.0;159.4;7.7;0.0
0.0;159.4;7.0;0.0
108.9;159.4;4.4;0.0
83.9;160.1;6.0;0.0
187.9;160.1;12.0;0.0
583.0;160.1;0.0;0.0
550.0;160.1;1.0;0.0
550.0;160.6;14.3;0.0
0.0;160.6;12.0;0.0
0.0;160.6;1.1;0.0
0.0;160.6;7.0;0.0
0.0;160.6;14.3;0.0
191.0;160.6;4.0;0.0
489.0;1008.6;18312.0;40.0
500.0;1326.6;30478.7;0.0
545.0;1328.6;2.0;680.0
481.0;1328.6;3.5;2560.0
499.0;1328.6;4.0;1280.0
0.0;160.6;0.0;0.0
0.0;160.6;0.0;0.0
0.0;160.6;0.0;0.0
0.0;160.6;0.0;0.0
0.0;160.6;0.0;0.0
0.0;160.6;0.0;0.0
0.0;160.6;0.0;0.0
0.0;160.6;0.0;0.0
0.0;160.6;0.0;0.0
0.0;160.6;0.0;0.0
0.0;160.6;0.0;0.0
0.0;160.6;0.0;0.0
0.0;160.6;0.0;0.0
0.0;160.6;0.0;0.0
0.0;160.6;0.0;0.0
0.0;160.6;0.0;0.0
0.0;160.6;0.0;0.0
0.0;160.6;0.0;0.0
0.0;160.6;0.0;0.0
0.0;160.6;0.0;0.0
0.0;160.6;0.0;0.0
0.0;160.6;0.0;0.0
0.0;160.6;0.0;0.0
0.0;160.6;0.0;0.0
0.0;160.6;0.0;0.0
0.0;160.6;0.0;0.0
0.0;160.6;0.0;0.0
0.0;160.6;0.0;0.0
0.0;160.6;0.0;0.0
0.0;160.6;0.0;0.0
0.0;160.6;0.0;0.0
0.0;160.6;0.0;0.0
0.0;160.6;0.0;0.0
0.0;160.6;0.0;0.0
0.0;160.6;0.0;0.0
0.0;160.6;0.0;0.0
0.0;160.6;0.0;0.0
0.0;160.6;0.0;0.0
0.0;160.6;0.0;0.0
0.0;160.6;0.0;0.0
0.0;160.6;0.0;0.0
0.0;160.6;0.0;0.0
0.0;160.6;0.0;0.0
0.0;160.6;0.0;0.0
0.0;160.6;0.0;0.0
0.0;160.6;0.0;0.0
0.0;160.6;0.0;0.0
0.0;160.6;0.0;0.0
0.0;160.6;0.0;0.0
0.0;160.6;0.0;0.0
0.0;160.6;0.0;0.0
0.0;160.6;0.0;0.0
0.0;160.6;0.0;0.0
0.0;160.6;0.0;0.0
0.0;160.6;0.0;0.0
0.0;160.6;0.0;0.0
0.0;160.6;0.0;0.0
0.0;160.6;0.0;0.0
0.0;160.6;0.0;0.0
0.0;160.6;0.0;0.0
0.0;160.6;0.0;0.0
0.0;160.6;0.0;0.0
0.0;160.6;0.0;0.0
0.0;160.6;0.0;0.0
0.0;160.6;0.0;0.0
0.0;160.6;0.0;0.0
0.0;160.6;0.0;0.0
0.0;160.6;0.0;0.0
0.0;160.6;0.0;0.0
0.0;160.6;0.0;0.0
0.0;160.6;0.0;0.0
0.0;160.6;0.0;0.0
0.0;160.6;0.0;0.0
0.0;160.6;0.0;0.0
