159.3;98.3;134.6;0.0
89.6;199.9;309.4;0.0
387.7;368.8;297.7;0.0
115.9;312.2;151.5;0.0
346.0;159.2;317.0;240.0
0.0;159.2;1.1;0.0
0.0;159.2;0.0;0.0
0.0;159.2;12.1;0.0
0.0;159.2;0.0;0.0
52.8;159.2;7.7;0.0
0.0;159.2;0.0;0.0
317.9;160.1;5.5;0.0
540.1;160.1;0.0;0.0
550.0;160.1;0.0;0.0
550.0;160.1;0.0;0.0
550.0;160.1;0.0;0.0
273.9;160.5;14.3;0.0
0.0;160.5;0.0;0.0
51.7;160.5;1.1;0.0
0.0;160.5;0.0;0.0
0.0;160.5;14.3;0.0
0.0;160.5;0.0;0.0
0.0;160.5;7.7;0.0
0.0;160.5;0.0;0.0
0.0;160.5;4.4;0.0
0.0;160.5;0.0;0.0
0.0;160.5;0.0;0.0
0.0;160.5;0.0;0.0
0.0;160.5;0.0;0.0
0.0;160.5;0.0;0.0
0.0;160.5;0.0;0.0
0.0;160.5;0.0;0.0
0.0;160.5;0.0;0.0
0.0;160.5;0.0;0.0
0.0;160.5;0.0;0.0
0.0;160.5;0.0;0.0
0.0;160.5;0.0;0.0
0.0;160.5;0.0;0.0
0.0;160.5;0.0;0.0
0.0;160.5;0.0;0.0
0.0;160.5;1.0;0.0
0.0;160.5;0.0;0.0
0.0;160.5;11.0;520.0
50.0;160.5;3.0;920.0
0.0;160.5;0.0;0.0
0.0;160.5;7.0;0.0
0.0;160.5;0.0;0.0
281.0;160.5;5.0;0.0
536.0;160.5;0.0;0.0
506.0;160.5;0.0;0.0
474.0;160.5;0.0;0.0
449.0;160.5;13.0;0.0
0.0;160.5;0.0;0.0
0.0;160.5;1.0;0.0
0.0;160.5;0.0;0.0
50.0;160.5;13.0;0.0
0.0;160.5;0.0;0.0
0.0;160.5;7.0;0.0
0.0;160.5;0.0;0.0
189.0;160.5;7.0;40.0
450.0;377.5;522.0;0.0
506.0;694.5;6424.0;0.0
516.0;1003.5;11489.0;0.0
499.0;1003.5;3082.0;0.0
504.0;1008.5;4284.0;0.0
495.0;1008.5;3338.0;0.0
489.0;1008.5;3196.0;0.0
493.0;1008.5;3997.0;0.0
488.0;1008.5;3893.0;0.0
498.0;1008.5;4242.0;0.0
561.0;1008.5;3902.0;0.0
451.0;1325.5;891.0;2000.0
552.0;1325.5;8.0;2560.0
500.0;1325.5;4.0;1280.0
500.0;1020.5;3.0;200.0
0.0;160.5;0.0;0.0
0.0;160.5;0.0;0.0
0.0;160.5;0.0;0.0
0.0;160.5;0.0;0.0
0.0;160.5;0.0;0.0
0.0;160.5;0.0;0.0
0.0;160.5;0.0;0.0
0.0;160.5;0.0;0.0
0.0;160.5;0.0;0.0
0.0;160.5;0.0;0.0
0.0;160.5;0.0;0.0
0.0;160.5;0.0;0.0
0.0;160.5;0.0;0.0
0.0;160.5;0.0;0.0
0.0;160.5;0.0;0.0
0.0;160.5;0.0;0.0
0.0;160.5;0.0;0.0
0.0;160.5;0.0;0.0
0.0;160.5;0.0;0.0
0.0;160.5;0.0;0.0
0.0;160.5;0.0;0.0
0.0;160.5;0.0;0.0
0.0;160.5;0.0;0.0
0.0;160.5;0.0;0.0
0.0;160.5;0.0;0.0
