50.0;84.8;91.1;0.0
82.2;143.2;182.7;0.0
197.7;207.9;134.1;0.0
95.6;295.5;666.6;0.0
269.9;158.9;384.5;0.0
0.0;158.9;0.0;0.0
0.0;158.9;1.1;0.0
0.0;158.9;1.0;0.0
0.0;158.9;14.3;0.0
0.0;158.9;0.0;0.0
0.0;158.9;7.7;0.0
0.0;158.9;0.0;0.0
148.0;158.9;9.4;0.0
558.8;159.6;1.1;0.0
324.5;160.0;6.2;0.0
0.0;160.0;0.0;0.0
224.0;160.0;4.1;0.0
515.0;160.0;0.0;0.0
521.0;160.0;14.3;0.0
449.0;160.0;0.0;0.0
445.0;160.0;6.7;0.0
0.0;160.0;0.0;0.0
0.0;160.0;4.4;0.0
0.0;160.0;0.0;0.0
0.0;160.0;0.0;0.0
0.0;160.0;0.0;0.0
0.0;160.0;1.0;0.0
0.0;160.0;0.0;0.0
0.0;160.0;12.0;0.0
0.0;160.0;0.0;0.0
0.0;160.0;7.0;0.0
0.0;160.0;0.0;0.0
249.0;190.0;151.0;40.0
498.0;390.0;385.0;0.0
475.0;706.0;7108.0;0.0
549.0;1013.0;9381.0;0.0
495.0;1013.0;3178.0;0.0
458.0;1018.0;4542.0;0.0
567.0;1018.0;4094.0;0.0
514.0;1018.0;3560.0;0.0
481.0;1018.0;3874.0;0.0
526.0;1018.0;3678.0;0.0
468.0;1018.0;4602.0;0.0
498.0;1018.0;3542.0;0.0
449.0;1333.0;701.0;680.0
530.0;1333.0;10.0;3200.0
528.0;1030.0;5.0;960.0
0.0;160.0;0.0;0.0
0.0;160.0;0.0;0.0
0.0;160.0;0.0;0.0
0.0;160.0;0.0;0.0
0.0;160.0;0.0;0.0
0.0;160.0;0.0;0.0
0.0;160.0;0.0;0.0
0.0;160.0;0.0;0.0
0.0;160.0;0.0;0.0
0.0;160.0;0.0;0.0
0.0;160.0;0.0;0.0
0.0;160.0;0.0;0.0
0.0;160.0;0.0;0.0
0.0;160.0;0.0;0.0
0.0;160.0;0.0;0.0
0.0;160.0;0.0;0.0
0.0;160.0;0.0;0.0
0.0;160.0;0.0;0.0
0.0;160.0;0.0;0.0
0.0;160.0;0.0;0.0
0.0;160.0;0.0;0.0
0.0;160.0;0.0;0.0
0.0;160.0;0.0;0.0
0.0;160.0;0.0;0.0
0.0;160.0;0.0;0.0
0.0;160.0;0.0;0.0
0.0;160.0;0.0;0.0
0.0;160.0;0.0;0.0
0.0;160.0;0.0;0.0
0.0;160.0;0.0;0.0
0.0;160.0;0.0;0.0
0.0;160.0;0.0;0.0
0.0;160.0;0.0;0.0
0.0;160.0;0.0;0.0
0.0;160.0;0.0;0.0
0.0;160.0;0.0;0.0
0.0;160.0;0.0;0.0
0.0;160.0;0.0;0.0
0.0;160.0;0.0;0.0
0.0;160.0;0.0;0.0
0.0;160.0;0.0;0.0
0.0;160.0;0.0;0.0
0.0;160.0;0.0;0.0
0.0;160.0;0.0;0.0
0.0;160.0;0.0;0.0
0.0;160.0;0.0;0.0
0.0;160.0;0.0;0.0
0.0;160.0;0.0;0.0
0.0;160.0;0.0;0.0
0.0;160.0;0.0;0.0
0.0;160.0;0.0;0.0
0.0;160.0;0.0;0.0
0.0;160.0;0.0;0.0
