39.9;210.6;210.2;0.0
145.0;107.9;119.1;0.0
304.1;206.1;248.6;0.0
146.0;249.4;527.5;0.0
187.7;159.0;298.4;0.0
0.0;159.0;0.0;0.0
0.0;159.0;1.0;0.0
0.0;159.0;0.0;0.0
0.0;159.0;13.0;0.0
0.0;159.0;0.0;0.0
0.0;159.0;7.0;0.0
0.0;159.0;0.0;0.0
196.0;159.0;4.0;0.0
550.0;159.0;0.0;0.0
449.0;159.0;0.0;0.0
524.0;159.0;0.0;0.0
500.0;159.0;13.0;0.0
149.0;177.0;0.0;0.0
0.0;177.0;0.0;0.0
0.0;177.0;1.0;0.0
0.0;177.0;0.0;0.0
0.0;177.0;12.0;0.0
0.0;177.0;0.0;0.0
0.0;177.0;7.0;0.0
0.0;177.0;0.0;0.0
330.0;218.0;159.0;40.0
499.0;1027.0;26830.0;0.0
497.0;1339.0;22321.0;0.0
506.0;1345.0;6.0;1960.0
515.0;1345.0;11.0;2600.0
498.0;396.0;0.0;0.0
0.0;159.0;0.0;0.0
0.0;159.0;0.0;0.0
0.0;159.0;0.0;0.0
0.0;159.0;0.0;0.0
0.0;159.0;0.0;0.0
0.0;159.0;0.0;0.0
0.0;159.0;0.0;0.0
0.0;159.0;0.0;0.0
0.0;159.0;0.0;0.0
0.0;159.0;0.0;0.0
0.0;159.0;0.0;0.0
0.0;159.0;0.0;0.0
0.0;159.0;0.0;0.0
0.0;159.0;0.0;0.0
0.0;159.0;0.0;0.0
0.0;159.0;0.0;0.0
0.0;159.0;0.0;0.0
0.0;159.0;0.0;0.0
0.0;159.0;0.0;0.0
0.0;159.0;0.0;0.0
0.0;159.0;0.0;0.0
0.0;159.0;0.0;0.0
0.0;159.0;0.0;0.0
0.0;159.0;0.0;0.0
0.0;159.0;0.0;0.0
0.0;159.0;0.0;0.0
0.0;159.0;0.1;0.0
0.0;159.0;0.0;0.0
0.0;159.0;1.3;0.0
0.0;159.0;0.0;0.0
0.0;159.0;0.7;0.0
0.0;159.0;0.0;0.0
44.1;159.9;0.4;0.0
48.7;159.9;0.0;0.0
50.0;159.9;0.0;0.0
49.9;159.9;0.0;0.0
50.0;159.9;0.0;0.0
29.9;160.3;1.3;0.0
0.0;160.3;0.0;0.0
0.0;160.3;0.0;0.0
0.0;160.3;0.0;0.0
0.0;160.3;0.0;0.0
0.0;160.3;0.0;0.0
0.0;160.3;0.0;0.0
0.0;160.3;0.0;0.0
0.0;160.3;0.0;0.0
0.0;160.3;0.0;0.0
0.0;160.3;0.1;0.0
0.0;160.3;0.0;0.0
0.0;160.3;1.3;0.0
0.0;160.3;0.0;0.0
0.0;160.3;0.7;0.0
0.0;160.3;0.0;0.0
0.0;160.3;0.4;0.0
0.0;160.3;0.0;0.0
0.0;160.3;0.0;0.0
0.0;160.3;0.0;0.0
0.0;160.3;0.0;0.0
0.0;160.3;0.0;0.0
0.0;160.3;0.0;0.0
0.0;160.3;0.0;0.0
0.0;160.3;0.0;0.0
0.0;160.3;0.0;0.0
0.0;160.3;0.0;0.0
0.0;160.3;0.0;0.0
0.0;160.3;0.0;0.0
0.0;160.3;0.0;0.0
0.0;160.3;0.0;0.0
0.0;160.3;0.0;0.0
