126.0;136.5;227.0;0.0
154.9;175.6;141.3;0.0
133.8;179.0;257.6;0.0
50.0;282.3;265.8;0.0
335.6;159.0;333.1;0.0
0.0;159.0;0.0;0.0
0.0;159.0;1.1;0.0
0.0;159.0;0.0;0.0
0.0;159.0;4.4;0.0
55.0;159.0;9.9;0.0
0.0;159.0;0.0;0.0
0.0;159.0;7.7;0.0
0.0;159.0;0.0;0.0
484.0;159.8;5.5;0.0
546.7;159.8;0.0;0.0
550.0;159.8;0.0;0.0
550.0;159.8;0.0;0.0
588.5;160.3;12.1;0.0
0.0;160.3;2.2;0.0
0.0;160.3;0.0;0.0
0.0;160.3;1.1;0.0
0.0;160.3;0.0;0.0
0.0;160.3;14.3;0.0
0.0;160.3;0.0;0.0
0.0;160.3;7.7;0.0
0.0;160.3;0.0;0.0
0.0;160.3;5.5;0.0
0.0;160.3;0.0;0.0
0.0;160.3;0.0;0.0
0.0;160.3;0.0;0.0
0.0;160.3;0.0;0.0
0.0;160.3;1.0;0.0
0.0;160.3;0.0;0.0
0.0;160.3;13.0;0.0
0.0;160.3;0.0;0.0
0.0;160.3;7.0;0.0
0.0;160.3;0.0;0.0
199.0;160.3;4.0;0.0
526.0;160.3;0.0;0.0
506.0;160.3;0.0;0.0
504.0;160.3;0.0;0.0
488.0;160.3;13.0;0.0
0.0;160.3;0.0;0.0
0.0;160.3;0.0;0.0
0.0;160.3;0.0;0.0
0.0;160.3;0.0;0.0
0.0;160.3;0.0;0.0
0.0;160.3;1.0;0.0
0.0;160.3;0.0;0.0
48.0;160.3;13.0;0.0
0.0;160.3;0.0;0.0
0.0;160.3;7.0;0.0
0.0;160.3;0.0;0.0
400.0;241.3;153.0;40.0
497.0;1012.3;30134.0;0.0
480.0;1012.3;3288.0;0.0
493.0;1012.3;3709.0;0.0
498.0;1012.3;3815.0;0.0
520.0;1012.3;4008.0;0.0
478.0;1012.3;4132.0;0.0
499.0;1327.3;503.0;680.0
499.0;1327.3;12.0;3840.0
500.0;1023.3;3.0;360.0
0.0;160.3;0.0;0.0
0.0;160.3;0.0;0.0
0.0;160.3;0.0;0.0
0.0;160.3;0.0;0.0
0.0;160.3;0.0;0.0
0.0;160.3;0.0;0.0
0.0;160.3;0.0;0.0
0.0;160.3;0.0;0.0
0.0;160.3;0.0;0.0
0.0;160.3;0.0;0.0
0.0;160.3;0.0;0.0
0.0;160.3;0.0;0.0
0.0;160.3;0.0;0.0
0.0;160.3;0.0;0.0
0.0;160.3;0.0;0.0
0.0;160.3;0.0;0.0
0.0;160.3;0.0;0.0
0.0;160.3;0.0;0.0
0.0;160.3;0.0;0.0
0.0;160.3;0.0;0.0
0.0;160.3;0.0;0.0
0.0;160.3;0.0;0.0
0.0;160.3;0.0;0.0
0.0;160.3;0.0;0.0
0.0;160.3;0.0;0.0
0.0;160.3;0.0;0.0
0.0;160.3;0.0;0.0
0.0;160.3;0.0;0.0
0.0;160.3;0.0;0.0
0.0;160.3;0.0;0.0
0.0;160.3;0.0;0.0
0.0;160.3;0.0;0.0
0.0;160.3;0.0;0.0
0.0;160.3;0.0;0.0
0.0;160.3;0.0;0.0
0.0;160.3;0.0;0.0
0.0;160.3;0.0;0.0
