50.0;225.2;106.5;0.0
60.5;266.6;833.4;0.0
293.0;545.7;175.7;0.0
711.8;347.4;696.5;0.0
481.8;182.7;429.0;0.0
218.9;159.1;21.0;0.0
0.0;159.1;0.0;0.0
0.0;159.1;1.1;0.0
0.0;159.1;0.0;0.0
0.0;159.1;8.2;0.0
0.0;159.1;8.0;0.0
50.0;159.1;0.7;0.0
0.0;159.1;0.0;0.0
273.9;159.1;1.5;0.0
67.0;159.9;1.0;0.0
254.0;159.9;12.0;0.0
570.9;159.9;0.0;0.0
561.0;159.9;0.0;0.0
328.9;160.3;14.3;0.0
0.0;160.3;0.0;0.0
0.0;160.3;1.1;0.0
0.0;160.3;0.0;0.0
0.0;160.3;13.2;0.0
0.0;160.3;1.0;0.0
0.0;160.3;7.7;0.0
0.0;160.3;13.0;0.0
0.0;160.3;4.4;0.0
0.0;160.3;7.0;0.0
0.0;160.3;0.0;0.0
50.0;160.3;5.0;0.0
449.0;335.3;142.0;40.0
505.0;699.3;1001.0;0.0
496.0;699.3;15382.0;0.0
512.0;1007.3;2667.0;0.0
500.0;1012.3;3014.0;0.0
496.0;1012.3;4246.0;0.0
508.0;1012.3;5260.0;0.0
505.0;1012.3;5324.0;0.0
514.0;1012.3;4706.0;0.0
503.0;1012.3;4272.0;0.0
449.0;1320.3;3195.0;0.0
532.0;1329.3;8.0;680.0
492.0;1329.3;8.0;2560.0
500.0;1329.3;4.0;1280.0
0.0;160.3;0.0;0.0
0.0;160.3;0.0;0.0
0.0;160.3;0.0;0.0
0.0;160.3;0.0;0.0
0.0;160.3;0.0;0.0
0.0;160.3;0.0;0.0
0.0;160.3;0.0;0.0
0.0;160.3;0.0;0.0
0.0;160.3;0.0;0.0
0.0;160.3;0.0;0.0
0.0;160.3;0.0;0.0
0.0;160.3;0.0;0.0
0.0;160.3;0.0;0.0
0.0;160.3;0.0;0.0
0.0;160.3;0.0;0.0
0.0;160.3;0.0;0.0
0.0;160.3;0.0;0.0
0.0;160.3;0.0;0.0
0.0;160.3;0.0;0.0
0.0;160.3;0.0;0.0
0.0;160.3;0.0;0.0
0.0;160.3;0.0;0.0
0.0;160.3;0.0;0.0
0.0;160.3;0.0;0.0
0.0;160.3;0.0;0.0
0.0;160.3;0.0;0.0
0.0;160.3;0.0;0.0
0.0;160.3;0.0;0.0
0.0;160.3;0.0;0.0
0.0;160.3;0.0;0.0
0.0;160.3;0.0;0.0
0.0;160.3;0.0;0.0
0.0;160.3;0.0;0.0
0.0;160.3;0.0;0.0
0.0;160.3;0.0;0.0
0.0;160.3;0.0;0.0
0.0;160.3;0.0;0.0
0.0;160.3;0.0;0.0
0.0;160.3;0.0;0.0
0.0;160.3;0.0;0.0
0.0;160.3;0.0;0.0
0.0;160.3;0.0;0.0
0.0;160.3;0.0;0.0
0.0;160.3;0.0;0.0
0.0;160.3;0.0;0.0
0.0;160.3;0.0;0.0
0.0;160.3;0.0;0.0
0.0;160.3;0.0;0.0
0.0;160.3;0.0;0.0
0.0;160.3;0.0;0.0
0.0;160.3;0.0;0.0
0.0;160.3;0.0;0.0
0.0;160.3;0.0;0.0
0.0;160.3;0.0;0.0
0.0;160.3;0.0;0.0
0.0;160.3;0.0;0.0
