45.0;207.4;249.2;0.0
95.0;108.3;103.4;0.0
320.9;180.4;316.3;0.0
184.0;143.2;207.6;0.0
39.9;159.3;56.3;0.0
0.0;159.3;0.0;0.0
0.0;159.3;0.0;0.0
0.0;159.3;0.1;0.0
0.0;159.3;0.0;0.0
0.0;159.3;1.3;0.0
0.0;159.3;0.0;0.0
0.0;159.3;0.7;0.0
0.0;159.3;0.0;0.0
79.0;160.1;0.5;0.0
92.9;160.1;0.0;0.0
55.6;160.1;0.0;0.0
71.9;160.1;1.0;0.0
386.9;160.1;2.1;0.0
266.2;160.5;2.2;0.0
0.0;160.5;1.0;0.0
0.0;160.5;1.1;0.0
0.0;160.5;12.0;0.0
0.0;160.5;13.2;0.0
0.0;160.5;7.0;0.0
0.0;160.5;7.7;0.0
395.0;229.5;158.0;40.0
496.0;386.5;380.5;0.0
499.0;700.5;10040.0;0.0
482.0;1008.5;7619.0;0.0
485.0;1011.5;3150.0;0.0
535.0;1011.5;3262.0;0.0
492.0;1011.5;3280.0;0.0
475.0;1011.5;5044.0;0.0
532.0;1011.5;3480.0;0.0
510.0;1011.5;3844.0;0.0
502.0;1011.5;4538.0;0.0
538.0;1011.5;3954.0;0.0
459.0;1328.5;505.0;1320.0
499.0;1328.5;8.0;2560.0
548.0;1024.5;5.0;1040.0
0.0;160.5;0.0;0.0
0.0;160.5;0.0;0.0
0.0;160.5;0.0;0.0
0.0;160.5;0.0;0.0
0.0;160.5;0.0;0.0
0.0;160.5;0.0;0.0
0.0;160.5;0.0;0.0
0.0;160.5;0.0;0.0
0.0;160.5;0.0;0.0
0.0;160.5;0.0;0.0
0.0;160.5;0.0;0.0
0.0;160.5;0.0;0.0
0.0;160.5;0.0;0.0
0.0;160.5;0.0;0.0
0.0;160.5;0.0;0.0
0.0;160.5;0.0;0.0
0.0;160.5;0.0;0.0
0.0;160.5;0.0;0.0
0.0;160.5;0.0;0.0
0.0;160.5;0.0;0.0
0.0;160.5;0.0;0.0
0.0;160.5;0.0;0.0
0.0;160.5;0.0;0.0
0.0;160.5;0.0;0.0
0.0;160.5;0.0;0.0
0.0;160.5;0.0;0.0
0.0;160.5;0.0;0.0
0.0;160.5;0.0;0.0
0.0;160.5;0.0;0.0
0.0;160.5;0.0;0.0
0.0;160.5;0.0;0.0
0.0;160.5;0.0;0.0
0.0;160.5;0.0;0.0
0.0;160.5;0.0;0.0
0.0;160.5;0.0;0.0
0.0;160.5;0.0;0.0
0.0;160.5;0.0;0.0
0.0;160.5;0.0;0.0
0.0;160.5;0.0;0.0
0.0;160.5;0.0;0.0
0.0;160.5;0.0;0.0
0.0;160.5;0.0;0.0
0.0;160.5;0.0;0.0
0.0;160.5;0.0;0.0
0.0;160.5;0.0;0.0
0.0;160.5;0.0;0.0
0.0;160.5;0.0;0.0
0.0;160.5;0.0;0.0
0.0;160.5;0.0;0.0
0.0;160.5;0.0;0.0
0.0;160.5;0.0;0.0
0.0;160.5;0.0;0.0
0.0;160.5;0.0;0.0
0.0;160.5;0.0;0.0
0.0;160.5;0.0;0.0
0.0;160.5;0.0;0.0
0.0;160.5;0.0;0.0
0.0;160.5;0.0;0.0
0.0;160.5;0.0;0.0
0.0;160.5;0.0;0.0
