58.8;315.2;1218.2;0.0
295.0;426.5;413.8;0.0
321.6;423.5;452.6;0.0
578.7;338.7;284.7;0.0
600.6;178.5;426.8;0.0
0.0;158.9;19.9;0.0
0.0;158.9;0.0;0.0
50.0;158.9;11.1;0.0
0.0;158.9;0.0;0.0
0.0;158.9;3.4;0.0
0.0;158.9;9.9;0.0
299.0;158.9;5.0;0.0
496.0;158.9;7.7;0.0
488.0;158.9;0.0;0.0
274.9;159.6;6.5;0.0
301.0;159.6;2.0;0.0
550.0;159.6;0.0;0.0
533.5;159.6;1.0;0.0
602.8;159.6;13.0;0.0
328.9;160.0;14.3;0.0
0.0;160.0;7.0;0.0
0.0;160.0;1.1;0.0
98.0;160.0;5.0;0.0
447.0;358.0;217.3;40.0
489.0;708.0;3036.0;0.0
482.0;958.0;13525.7;0.0
499.0;1015.0;2851.0;0.0
515.0;1019.0;4075.5;0.0
500.0;1019.0;3224.0;0.0
499.0;1019.0;3406.0;0.0
498.0;1019.0;3510.0;0.0
486.0;1019.0;3476.0;0.0
499.0;1019.0;3656.0;0.0
482.0;1019.0;4692.0;0.0
549.0;1334.0;2625.0;0.0
496.0;1334.0;4.0;1320.0
476.0;1334.0;8.0;2560.0
514.0;1031.0;5.0;720.0
0.0;160.0;0.0;0.0
0.0;160.0;0.0;0.0
0.0;160.0;0.0;0.0
0.0;160.0;0.0;0.0
0.0;160.0;0.0;0.0
0.0;160.0;0.0;0.0
0.0;160.0;0.0;0.0
0.0;160.0;0.0;0.0
0.0;160.0;0.0;0.0
0.0;160.0;0.0;0.0
0.0;160.0;0.0;0.0
0.0;160.0;0.0;0.0
0.0;160.0;0.0;0.0
0.0;160.0;0.0;0.0
0.0;160.0;0.0;0.0
0.0;160.0;0.0;0.0
0.0;160.0;0.0;0.0
0.0;160.0;0.0;0.0
0.0;160.0;0.0;0.0
0.0;160.0;0.0;0.0
0.0;160.0;0.0;0.0
0.0;160.0;0.0;0.0
0.0;160.0;0.0;0.0
0.0;160.0;0.0;0.0
0.0;160.0;0.0;0.0
0.0;160.0;0.0;0.0
0.0;160.0;0.0;0.0
0.0;160.0;0.0;0.0
0.0;160.0;0.0;0.0
0.0;160.0;0.0;0.0
0.0;160.0;0.0;0.0
0.0;160.0;0.0;0.0
0.0;160.0;0.0;0.0
0.0;160.0;0.0;0.0
0.0;160.0;0.0;0.0
0.0;160.0;0.0;0.0
0.0;160.0;0.0;0.0
0.0;160.0;0.0;0.0
0.0;160.0;0.0;0.0
0.0;160.0;0.0;0.0
0.0;160.0;0.0;0.0
0.0;160.0;0.0;0.0
0.0;160.0;0.0;0.0
0.0;160.0;0.0;0.0
0.0;160.0;0.0;0.0
0.0;160.0;0.0;0.0
0.0;160.0;0.0;0.0
0.0;160.0;0.0;0.0
0.0;160.0;0.0;0.0
0.0;160.0;0.0;0.0
0.0;160.0;0.0;0.0
0.0;160.0;0.0;0.0
0.0;160.0;0.0;0.0
0.0;160.0;0.0;0.0
0.0;160.0;0.0;0.0
0.0;160.0;0.0;0.0
0.0;160.0;0.0;0.0
0.0;160.0;0.0;0.0
0.0;160.0;0.0;0.0
0.0;160.0;0.0;0.0
0.0;160.0;0.0;0.0
0.0;160.0;0.0;0.0
