46.1;115.7;158.3;0.0
127.8;300.9;436.2;0.0
299.9;173.8;401.1;0.0
52.8;159.0;20.9;0.0
0.0;159.0;0.0;0.0
0.0;159.0;1.1;0.0
0.0;159.0;0.0;0.0
0.0;159.0;14.3;0.0
0.0;159.0;0.0;0.0
0.0;159.0;7.7;0.0
0.0;159.0;0.0;0.0
237.6;159.9;5.5;0.0
570.9;159.9;0.0;0.0
493.9;160.3;14.3;0.0
0.0;160.3;0.0;0.0
0.0;160.3;1.1;0.0
0.0;160.3;0.0;0.0
0.0;160.3;14.3;0.0
0.0;160.3;0.0;0.0
0.0;160.3;7.7;0.0
0.0;160.3;0.0;0.0
0.0;160.3;5.5;0.0
0.0;160.3;0.0;0.0
0.0;160.3;0.0;0.0
0.0;160.3;0.0;0.0
0.0;160.3;0.0;0.0
0.0;160.3;0.0;0.0
0.0;160.3;0.0;0.0
0.0;160.3;0.0;0.0
0.0;160.3;0.0;0.0
0.0;160.3;0.0;0.0
0.0;160.3;0.0;0.0
0.0;160.3;0.0;0.0
0.0;160.3;0.0;0.0
0.0;160.3;0.0;0.0
0.0;160.3;0.0;0.0
0.0;160.3;0.0;0.0
0.0;160.3;0.0;0.0
0.0;160.3;0.0;0.0
0.0;160.3;0.0;0.0
0.0;160.3;0.0;0.0
0.0;160.3;0.0;0.0
0.0;160.3;0.0;0.0
0.0;160.3;0.0;0.0
0.0;160.3;0.0;0.0
0.0;160.3;0.0;0.0
0.0;160.3;0.0;0.0
0.0;160.3;0.0;0.0
0.0;160.3;0.0;0.0
0.0;160.3;0.0;0.0
0.0;160.3;0.0;0.0
0.0;160.3;0.0;0.0
0.0;160.3;0.0;0.0
0.0;160.3;1.0;0.0
0.0;160.3;0.0;0.0
0.0;160.3;13.0;0.0
0.0;160.3;0.0;0.0
0.0;160.3;7.0;0.0
0.0;160.3;0.0;0.0
98.0;160.3;4.0;0.0
514.0;160.3;1.0;0.0
244.0;160.3;12.0;0.0
0.0;160.3;0.0;0.0
0.0;160.3;1.0;0.0
0.0;160.3;0.0;0.0
0.0;160.3;11.0;0.0
0.0;160.3;0.0;0.0
0.0;160.3;7.0;0.0
0.0;160.3;0.0;0.0
197.0;160.3;4.0;0.0
492.0;466.3;545.0;40.0
501.0;1012.3;46031.0;0.0
502.0;1327.3;3201.0;40.0
481.0;1327.3;17.0;4520.0
531.0;380.3;0.0;0.0
0.0;160.3;0.0;0.0
0.0;160.3;0.0;0.0
0.0;160.3;0.0;0.0
0.0;160.3;0.0;0.0
0.0;160.3;0.0;0.0
0.0;160.3;0.0;0.0
0.0;160.3;0.0;0.0
0.0;160.3;0.0;0.0
0.0;160.3;0.0;0.0
0.0;160.3;0.0;0.0
0.0;160.3;0.0;0.0
0.0;160.3;0.0;0.0
0.0;160.3;0.0;0.0
0.0;160.3;0.0;0.0
0.0;160.3;0.0;0.0
0.0;160.3;0.0;0.0
0.0;160.3;0.0;0.0
0.0;160.3;0.0;0.0
0.0;160.3;0.0;0.0
0.0;160.3;0.0;0.0
0.0;160.3;0.0;0.0
0.0;160.3;0.0;0.0
0.0;160.3;0.0;0.0
0.0;160.3;0.0;0.0
0.0;160.3;0.0;0.0
