50.0;132.3;72.0;0.0
93.0;163.1;253.6;0.0
148.0;256.3;170.4;0.0
188.9;195.5;375.3;0.0
149.9;265.5;165.5;0.0
385.0;159.3;224.4;0.0
0.0;159.3;0.0;0.0
0.0;159.3;0.1;0.0
0.0;159.3;0.0;0.0
0.0;159.3;12.0;0.0
55.0;159.3;13.2;0.0
0.0;159.3;7.0;0.0
0.0;159.3;7.7;0.0
445.0;159.3;5.0;0.0
104.9;160.1;5.5;0.0
79.0;160.1;0.0;0.0
89.4;160.1;11.0;0.0
452.0;160.1;2.0;0.0
534.6;160.1;14.3;0.0
110.0;160.5;0.0;0.0
0.0;160.5;1.1;0.0
0.0;160.5;0.0;0.0
0.0;160.5;0.0;0.0
0.0;160.5;14.3;0.0
0.0;160.5;0.0;0.0
55.0;160.5;7.7;0.0
0.0;160.5;0.0;0.0
0.0;160.5;5.5;0.0
0.0;160.5;0.0;0.0
0.0;160.5;0.0;0.0
0.0;160.5;1.0;0.0
0.0;160.5;0.0;0.0
50.0;160.5;13.0;0.0
0.0;160.5;0.0;0.0
0.0;160.5;7.0;0.0
0.0;160.5;0.0;0.0
249.0;182.5;90.0;40.0
498.0;1010.5;24830.0;0.0
492.0;1321.5;24371.0;0.0
499.0;1327.5;4.0;1320.0
516.0;1327.5;13.0;3760.0
456.0;379.5;0.0;0.0
0.0;160.5;0.0;0.0
0.0;160.5;0.0;0.0
0.0;160.5;0.0;0.0
0.0;160.5;0.0;0.0
0.0;160.5;0.0;0.0
0.0;160.5;0.0;0.0
0.0;160.5;0.0;0.0
0.0;160.5;0.0;0.0
0.0;160.5;0.0;0.0
0.0;160.5;0.0;0.0
0.0;160.5;0.0;0.0
0.0;160.5;0.0;0.0
0.0;160.5;0.0;0.0
0.0;160.5;0.0;0.0
0.0;160.5;0.0;0.0
0.0;160.5;0.0;0.0
0.0;160.5;0.0;0.0
0.0;160.5;0.0;0.0
0.0;160.5;0.0;0.0
0.0;160.5;0.0;0.0
0.0;160.5;0.0;0.0
0.0;160.5;0.0;0.0
0.0;160.5;0.0;0.0
0.0;160.5;0.0;0.0
0.0;160.5;0.0;0.0
0.0;160.5;0.0;0.0
0.0;160.5;0.0;0.0
0.0;160.5;0.0;0.0
0.0;160.5;0.0;0.0
0.0;160.5;0.0;0.0
0.0;160.5;0.0;0.0
0.0;160.5;0.0;0.0
0.0;160.5;0.0;0.0
0.0;160.5;0.0;0.0
0.0;160.5;0.0;0.0
0.0;160.5;0.0;0.0
0.0;160.5;0.0;0.0
0.0;160.5;0.0;0.0
0.0;160.5;0.0;0.0
0.0;160.5;0.0;0.0
0.0;160.5;0.0;0.0
0.0;160.5;0.0;0.0
0.0;160.5;0.0;0.0
0.0;160.5;0.0;0.0
0.0;160.5;0.0;0.0
0.0;160.5;0.0;0.0
0.0;160.5;0.0;0.0
0.0;160.5;0.0;0.0
0.0;160.5;0.0;0.0
0.0;160.5;0.0;0.0
0.0;160.5;0.0;0.0
0.0;160.5;0.0;0.0
0.0;160.5;0.0;0.0
0.0;160.5;0.0;0.0
0.0;160.5;0.0;0.0
0.0;160.5;0.0;0.0
0.0;160.5;0.0;0.0
0.0;160.5;0.0;0.0
