78.0;397.4;1238.0;0.0
376.6;393.6;330.1;0.0
278.5;443.5;557.3;0.0
725.5;338.8;304.4;0.0
495.0;159.0;447.7;0.0
0.0;159.0;1.0;0.0
0.0;159.0;0.0;0.0
0.0;159.0;11.1;0.0
0.0;159.0;6.0;0.0
55.0;159.0;12.2;0.0
470.0;159.0;6.0;0.0
248.0;177.0;5.7;0.0
0.0;177.0;0.0;0.0
104.5;177.0;3.4;0.0
535.7;159.9;0.0;0.0
505.5;159.9;12.1;0.0
218.9;160.3;13.2;0.0
0.0;160.3;7.0;0.0
53.9;160.3;1.1;0.0
246.0;185.3;91.0;40.0
494.0;702.3;3884.2;0.0
495.0;1016.3;43643.0;0.0
545.0;1331.3;2098.7;680.0
484.0;1173.3;15.0;3920.0
543.0;381.3;4.4;0.0
0.0;160.3;0.0;0.0
0.0;160.3;0.0;0.0
0.0;160.3;0.0;0.0
0.0;160.3;0.0;0.0
0.0;160.3;0.0;0.0
0.0;160.3;0.0;0.0
0.0;160.3;0.0;0.0
0.0;160.3;0.0;0.0
0.0;160.3;0.0;0.0
0.0;160.3;0.0;0.0
0.0;160.3;0.0;0.0
0.0;160.3;0.0;0.0
0.0;160.3;0.0;0.0
0.0;160.3;0.0;0.0
0.0;160.3;0.0;0.0
0.0;160.3;0.0;0.0
0.0;160.3;0.0;0.0
0.0;160.3;0.0;0.0
0.0;160.3;0.0;0.0
0.0;160.3;0.0;0.0
0.0;160.3;0.0;0.0
0.0;160.3;0.0;0.0
0.0;160.3;0.0;0.0
0.0;160.3;0.0;0.0
0.0;160.3;0.0;0.0
0.0;160.3;0.0;0.0
0.0;160.3;0.0;0.0
0.0;160.3;0.0;0.0
0.0;160.3;0.0;0.0
0.0;160.3;0.0;0.0
0.0;160.3;0.0;0.0
0.0;160.3;0.0;0.0
0.0;160.3;0.0;0.0
0.0;160.3;0.0;0.0
0.0;160.3;0.0;0.0
0.0;160.3;0.0;0.0
0.0;160.3;0.0;0.0
0.0;160.3;0.0;0.0
0.0;160.3;0.0;0.0
0.0;160.3;0.0;0.0
0.0;160.3;0.0;0.0
0.0;160.3;0.0;0.0
0.0;160.3;0.0;0.0
0.0;160.3;0.0;0.0
0.0;160.3;0.0;0.0
0.0;160.3;0.0;0.0
0.0;160.3;0.0;0.0
0.0;160.3;0.0;0.0
0.0;160.3;0.0;0.0
0.0;160.3;0.0;0.0
0.0;160.3;0.0;0.0
0.0;160.3;0.0;0.0
0.0;160.3;0.0;0.0
0.0;160.3;0.0;0.0
0.0;160.3;0.0;0.0
0.0;160.3;0.0;0.0
0.0;160.3;0.0;0.0
0.0;160.3;0.0;0.0
0.0;160.3;0.0;0.0
0.0;160.3;0.0;0.0
0.0;160.3;0.0;0.0
0.0;160.3;0.0;0.0
0.0;160.3;0.0;0.0
0.0;160.3;0.0;0.0
0.0;160.3;0.0;0.0
0.0;160.3;0.0;0.0
0.0;160.3;0.0;0.0
0.0;160.3;0.0;0.0
0.0;160.3;0.0;0.0
0.0;160.3;0.0;0.0
0.0;160.3;0.0;0.0
0.0;160.3;0.0;0.0
0.0;160.3;0.0;0.0
0.0;160.3;0.0;0.0
0.0;160.3;0.0;0.0
