82.0;252.6;206.7;0.0
49.9;244.6;445.4;0.0
204.3;488.4;185.1;0.0
627.5;324.4;540.7;0.0
438.9;159.2;424.6;0.0
0.0;159.2;1.0;0.0
0.0;159.2;1.1;0.0
0.0;159.2;12.0;0.0
0.0;159.2;13.2;0.0
0.0;159.2;7.0;0.0
0.0;159.2;7.7;0.0
99.0;159.2;5.0;0.0
451.0;159.2;5.5;0.0
50.0;160.0;0.0;0.0
66.0;160.0;0.0;0.0
59.0;160.0;0.0;0.0
301.0;160.0;13.0;0.0
495.0;160.5;14.3;0.0
0.0;160.5;1.0;0.0
0.0;160.5;0.0;0.0
0.0;160.5;13.0;0.0
0.0;160.5;0.0;0.0
0.0;160.5;7.0;0.0
0.0;160.5;0.0;0.0
0.0;160.5;4.0;0.0
486.0;330.5;166.0;40.0
504.0;699.5;16951.0;0.0
499.0;1323.5;32152.0;0.0
525.0;1325.5;6.0;1960.0
491.0;1325.5;11.0;2920.0
502.0;390.5;0.0;0.0
0.0;160.5;0.0;0.0
0.0;160.5;0.0;0.0
0.0;160.5;0.0;0.0
0.0;160.5;0.0;0.0
0.0;160.5;0.0;0.0
0.0;160.5;0.0;0.0
0.0;160.5;0.0;0.0
0.0;160.5;0.0;0.0
0.0;160.5;0.0;0.0
0.0;160.5;0.0;0.0
0.0;160.5;0.0;0.0
0.0;160.5;0.0;0.0
0.0;160.5;0.0;0.0
0.0;160.5;0.0;0.0
0.0;160.5;0.0;0.0
0.0;160.5;0.0;0.0
0.0;160.5;0.0;0.0
0.0;160.5;0.0;0.0
0.0;160.5;0.0;0.0
0.0;160.5;0.0;0.0
0.0;160.5;0.0;0.0
0.0;160.5;0.0;0.0
0.0;160.5;0.0;0.0
0.0;160.5;0.0;0.0
0.0;160.5;0.0;0.0
0.0;160.5;0.0;0.0
0.0;160.5;0.0;0.0
0.0;160.5;0.0;0.0
0.0;160.5;0.0;0.0
0.0;160.5;0.0;0.0
0.0;160.5;0.0;0.0
0.0;160.5;0.0;0.0
0.0;160.5;0.0;0.0
0.0;160.5;0.0;0.0
0.0;160.5;0.0;0.0
0.0;160.5;0.0;0.0
5.0;160.5;0.0;0.0
0.0;160.5;0.0;0.0
0.0;160.5;0.1;0.0
0.0;160.5;0.0;0.0
0.0;160.5;0.0;0.0
0.0;160.5;1.3;0.0
0.0;160.5;0.0;0.0
0.0;160.5;0.7;0.0
0.0;160.5;0.0;0.0
0.0;160.5;0.4;0.0
0.0;160.5;0.0;0.0
0.0;160.5;0.0;0.0
0.0;160.5;0.0;0.0
0.0;160.5;0.0;0.0
0.0;160.5;0.0;0.0
0.0;160.5;0.0;0.0
0.0;160.5;0.0;0.0
0.0;160.5;0.0;0.0
0.0;160.5;0.0;0.0
0.0;160.5;0.0;0.0
0.0;160.5;0.0;0.0
0.0;160.5;0.0;0.0
0.0;160.5;0.0;0.0
0.0;160.5;0.0;0.0
0.0;160.5;0.0;0.0
0.0;160.5;0.0;0.0
0.0;160.5;0.0;0.0
0.0;160.5;0.0;0.0
0.0;160.5;0.0;0.0
0.0;160.5;0.0;0.0
0.0;160.5;0.0;0.0
0.0;160.5;0.0;0.0
0.0;160.5;0.0;0.0
