53.7;183.7;273.4;0.0
93.5;167.0;131.0;0.0
186.0;239.5;249.3;0.0
187.4;308.4;129.0;0.0
350.9;159.5;427.7;0.0
106.7;159.5;0.0;0.0
0.0;159.5;1.0;0.0
0.0;159.5;1.1;0.0
0.0;159.5;0.0;0.0
0.0;159.5;14.3;0.0
0.0;159.5;0.0;0.0
0.0;159.5;6.7;0.0
0.0;159.5;0.0;0.0
506.0;160.2;10.6;0.0
328.9;160.7;2.2;0.0
99.0;160.7;5.0;0.0
499.0;160.7;1.1;0.0
498.0;160.7;0.0;0.0
498.0;160.7;14.3;0.0
499.0;160.7;0.0;0.0
327.0;160.7;6.7;0.0
0.0;160.7;0.0;0.0
0.0;160.7;4.5;0.0
0.0;160.7;0.0;0.0
0.0;160.7;13.0;0.0
0.0;160.7;0.0;0.0
0.0;160.7;7.0;0.0
0.0;160.7;0.0;0.0
150.0;160.7;5.0;0.0
500.0;1011.7;23406.0;40.0
468.0;1011.7;5132.0;0.0
461.0;1011.7;5666.0;0.0
505.0;1321.7;14601.0;0.0
499.0;1326.7;14.0;4520.0
478.0;379.7;3.0;280.0
0.0;160.7;0.0;0.0
0.0;160.7;0.0;0.0
0.0;160.7;0.0;0.0
0.0;160.7;0.0;0.0
0.0;160.7;0.0;0.0
0.0;160.7;0.0;0.0
0.0;160.7;0.0;0.0
0.0;160.7;0.0;0.0
0.0;160.7;0.0;0.0
0.0;160.7;0.0;0.0
0.0;160.7;0.0;0.0
0.0;160.7;0.0;0.0
0.0;160.7;0.0;0.0
0.0;160.7;0.0;0.0
0.0;160.7;0.0;0.0
0.0;160.7;0.0;0.0
0.0;160.7;0.0;0.0
0.0;160.7;0.0;0.0
0.0;160.7;0.0;0.0
0.0;160.7;0.0;0.0
0.0;160.7;0.0;0.0
0.0;160.7;0.0;0.0
0.0;160.7;0.0;0.0
0.0;160.7;0.0;0.0
0.0;160.7;0.0;0.0
0.0;160.7;0.0;0.0
0.0;160.7;0.0;0.0
0.0;160.7;0.0;0.0
0.0;160.7;0.0;0.0
0.0;160.7;0.0;0.0
0.0;160.7;0.0;0.0
0.0;160.7;0.0;0.0
0.0;160.7;0.0;0.0
0.0;160.7;0.0;0.0
0.0;160.7;0.0;0.0
0.0;160.7;0.0;0.0
0.0;160.7;0.0;0.0
0.0;160.7;0.0;0.0
0.0;160.7;0.0;0.0
0.0;160.7;0.0;0.0
0.0;160.7;0.0;0.0
0.0;160.7;0.0;0.0
0.0;160.7;0.0;0.0
0.0;160.7;0.0;0.0
0.0;160.7;0.0;0.0
0.0;160.7;0.0;0.0
0.0;160.7;0.0;0.0
0.0;160.7;0.0;0.0
0.0;160.7;0.0;0.0
0.0;160.7;0.0;0.0
0.0;160.7;0.0;0.0
0.0;160.7;0.0;0.0
0.0;160.7;0.0;0.0
0.0;160.7;0.0;0.0
0.0;160.7;0.0;0.0
0.0;160.7;0.0;0.0
0.0;160.7;0.0;0.0
0.0;160.7;0.0;0.0
0.0;160.7;0.0;0.0
0.0;160.7;0.0;0.0
0.0;160.7;0.0;0.0
0.0;160.7;0.0;0.0
0.0;160.7;0.0;0.0
0.0;160.7;0.0;0.0
0.0;160.7;0.0;0.0
