154.0;339.8;279.3;0.0
80.0;281.3;495.5;0.0
393.0;423.9;142.3;0.0
273.7;422.8;450.4;0.0
613.4;337.5;281.4;0.0
533.5;180.9;429.0;0.0
110.0;159.1;21.0;0.0
0.0;159.1;0.0;0.0
0.0;159.1;12.1;0.0
0.0;159.1;0.0;0.0
0.0;159.1;6.2;0.0
0.0;159.1;0.0;0.0
199.0;159.1;3.7;0.0
466.0;159.1;0.0;0.0
306.9;159.1;4.4;0.0
59.0;159.8;0.0;0.0
55.0;159.8;13.0;0.0
444.4;159.8;0.0;0.0
550.0;159.8;0.0;0.0
380.6;160.2;13.3;0.0
0.0;160.2;0.0;0.0
0.0;160.2;12.1;0.0
0.0;160.2;0.0;0.0
0.0;160.2;7.3;0.0
0.0;160.2;0.0;0.0
400.0;230.2;152.7;40.0
501.0;1012.2;18888.0;0.0
494.0;1016.2;3207.5;0.0
500.0;1016.2;3637.0;0.0
520.0;1016.2;3527.0;0.0
494.0;1016.2;4068.0;0.0
499.0;1016.2;4056.0;0.0
490.0;1016.2;3672.0;0.0
492.0;1016.2;4328.0;0.0
515.0;1144.2;3757.0;0.0
495.0;1334.2;22.0;1320.0
481.0;1334.2;8.0;2560.0
525.0;1029.2;5.0;880.0
498.0;409.2;0.0;0.0
0.0;160.2;0.0;0.0
0.0;160.2;0.0;0.0
0.0;160.2;0.0;0.0
0.0;160.2;0.0;0.0
0.0;160.2;0.0;0.0
0.0;160.2;0.0;0.0
0.0;160.2;0.0;0.0
0.0;160.2;0.0;0.0
0.0;160.2;0.0;0.0
0.0;160.2;0.0;0.0
0.0;160.2;0.0;0.0
0.0;160.2;0.0;0.0
0.0;160.2;0.0;0.0
0.0;160.2;0.0;0.0
0.0;160.2;0.0;0.0
0.0;160.2;0.0;0.0
0.0;160.2;0.0;0.0
0.0;160.2;0.0;0.0
0.0;160.2;0.0;0.0
0.0;160.2;0.0;0.0
0.0;160.2;0.0;0.0
0.0;160.2;0.0;0.0
0.0;160.2;0.0;0.0
0.0;160.2;0.0;0.0
0.0;160.2;0.0;0.0
0.0;160.2;0.0;0.0
0.0;160.2;0.0;0.0
0.0;160.2;0.0;0.0
0.0;160.2;0.0;0.0
0.0;160.2;0.0;0.0
0.0;160.2;0.0;0.0
0.0;160.2;0.0;0.0
0.0;160.2;0.0;0.0
0.0;160.2;0.0;0.0
0.0;160.2;0.0;0.0
0.0;160.2;0.0;0.0
0.0;160.2;0.0;0.0
0.0;160.2;0.0;0.0
0.0;160.2;0.0;0.0
0.0;160.2;0.0;0.0
0.0;160.2;0.0;0.0
0.0;160.2;0.0;0.0
0.0;160.2;0.0;0.0
0.0;160.2;0.0;0.0
0.0;160.2;0.0;0.0
0.0;160.2;0.0;0.0
0.0;160.2;0.0;0.0
0.0;160.2;0.0;0.0
0.0;160.2;0.0;0.0
0.0;160.2;0.0;0.0
0.0;160.2;0.0;0.0
0.0;160.2;0.0;0.0
0.0;160.2;0.0;0.0
0.0;160.2;0.0;0.0
0.0;160.2;0.0;0.0
0.0;160.2;0.0;0.0
0.0;160.2;0.0;0.0
0.0;160.2;0.0;0.0
0.0;160.2;0.0;0.0
0.0;160.2;0.0;0.0
0.0;160.2;0.0;0.0
