88.0;274.2;511.3;0.0
195.0;283.2;138.6;0.0
112.7;449.0;99.1;0.0
877.8;311.1;462.9;0.0
328.9;156.0;441.1;0.0
0.0;156.0;1.0;0.0
0.0;156.0;1.1;0.0
0.0;156.0;13.0;0.0
0.0;156.0;5.5;0.0
0.0;156.0;1.8;0.0
0.0;156.0;0.0;0.0
0.0;156.0;1.7;0.0
0.0;156.0;0.0;0.0
0.0;156.0;1.5;0.0
0.0;156.0;0.0;0.0
0.0;156.0;2.6;0.0
0.0;156.0;0.0;0.0
50.0;156.0;1.5;0.0
0.0;156.0;0.0;0.0
0.0;156.0;1.5;0.0
0.0;156.0;0.0;0.0
140.0;197.0;2.5;0.0
506.0;197.0;0.0;0.0
59.5;159.9;6.6;0.0
205.0;159.9;0.3;0.0
0.0;159.9;0.0;0.0
0.0;159.9;0.1;0.0
0.0;159.9;0.0;0.0
0.0;159.9;2.2;0.0
0.0;159.9;0.0;0.0
0.0;159.9;0.7;0.0
0.0;159.9;0.0;0.0
0.0;159.9;1.5;0.0
0.0;159.9;0.0;0.0
0.0;159.9;2.3;0.0
0.0;159.9;0.0;0.0
0.0;159.9;0.4;0.0
0.0;159.9;0.0;0.0
0.0;159.9;1.6;0.0
0.0;159.9;0.0;0.0
163.9;160.5;1.6;0.0
547.8;160.6;0.0;0.0
364.0;160.6;10.1;0.0
480.0;160.6;0.0;0.0
590.0;160.6;9.2;0.0
0.0;160.6;0.0;0.0
0.0;160.6;26.6;0.0
0.0;160.6;0.0;0.0
0.0;160.6;13.4;0.0
0.0;160.6;0.0;0.0
0.0;160.6;5.0;0.0
0.0;160.6;0.0;0.0
0.0;160.6;1.1;0.0
0.0;160.6;0.0;0.0
0.0;160.6;1.8;0.0
0.0;160.6;0.0;0.0
0.0;160.6;0.9;0.0
0.0;160.6;0.0;0.0
165.0;161.0;5.4;0.0
110.0;161.3;0.0;0.0
385.0;226.3;158.2;44.0
532.4;1416.5;7903.5;0.0
418.5;1415.8;2.4;1452.0
411.4;1077.5;12.1;2992.0
645.7;397.7;0.0;0.0
