94.9;100.8;115.3;0.0
50.0;114.1;122.0;0.0
128.9;138.4;69.2;0.0
44.9;156.2;40.1;0.0
0.0;156.2;0.0;0.0
0.0;156.2;1.0;0.0
0.0;156.2;1.1;0.0
0.0;156.2;0.0;0.0
0.0;156.2;2.2;0.0
0.0;156.2;7.0;0.0
0.0;156.2;7.7;0.0
0.0;156.2;6.0;0.0
0.0;156.2;4.4;0.0
0.0;156.2;5.0;0.0
0.0;156.2;3.3;0.0
0.0;156.2;0.0;0.0
0.0;156.2;4.4;0.0
0.0;156.2;0.0;0.0
0.0;156.2;5.5;0.0
0.0;156.2;0.0;0.0
0.0;156.2;5.5;0.0
0.0;156.2;0.0;0.0
379.5;197.0;3.5;0.0
545.6;201.4;0.0;0.0
55.0;201.4;2.3;0.0
0.0;201.4;0.0;0.0
0.0;201.4;1.1;0.0
0.0;201.4;0.0;0.0
0.0;201.4;13.3;0.0
0.0;201.4;0.0;0.0
0.0;201.4;2.7;0.0
0.0;201.4;0.0;0.0
0.0;201.4;2.5;0.0
0.0;201.4;0.0;0.0
0.0;201.4;0.3;0.0
0.0;201.4;0.0;0.0
0.0;201.4;3.4;0.0
0.0;201.4;0.0;0.0
0.0;201.4;1.5;0.0
0.0;201.4;0.0;0.0
258.0;160.9;3.5;0.0
84.0;160.9;0.0;0.0
417.0;161.0;12.1;0.0
449.0;161.0;3.0;0.0
0.0;161.0;2.2;0.0
0.0;161.0;1.0;0.0
0.0;161.0;0.0;0.0
0.0;161.0;1.2;0.0
0.0;161.0;0.0;0.0
0.0;161.0;12.8;0.0
0.0;161.0;0.0;0.0
0.0;161.0;10.3;0.0
0.0;161.0;2.0;0.0
0.0;161.0;7.8;0.0
0.0;161.0;4.0;0.0
0.0;161.0;7.7;0.0
0.0;161.0;6.0;0.0
0.0;161.0;6.9;0.0
0.0;161.0;1.0;0.0
0.0;161.0;1.5;0.0
459.0;161.0;2.0;0.0
430.0;161.0;8.8;0.0
219.0;161.6;9.2;0.0
0.0;161.6;4.4;0.0
50.0;161.6;2.0;0.0
383.9;236.0;171.6;44.0
547.8;742.0;1915.4;0.0
547.8;1081.9;3577.2;0.0
550.0;1426.2;2391.7;0.0
550.0;1426.2;4.4;1452.0
550.0;1426.2;5.6;2112.0
550.0;1091.8;5.5;748.0
