254.9;151.5;187.0;0.0
56.2;126.3;354.5;0.0
110.8;133.9;148.6;0.0
90.5;198.5;118.4;0.0
55.0;155.9;94.6;0.0
0.0;155.9;0.0;0.0
0.0;155.9;0.1;0.0
0.0;155.9;0.0;0.0
0.0;155.9;2.2;0.0
0.0;155.9;0.0;0.0
0.0;155.9;0.7;0.0
0.0;155.9;0.0;0.0
0.0;155.9;0.6;0.0
0.0;155.9;0.0;0.0
0.0;155.9;3.7;0.0
0.0;155.9;0.0;0.0
218.9;192.5;7.1;0.0
550.0;192.5;0.0;0.0
218.9;198.0;1.3;0.0
0.0;198.0;0.0;0.0
0.0;198.0;4.1;0.0
0.0;198.0;0.0;0.0
274.0;160.0;8.2;0.0
492.0;160.0;0.0;0.0
506.0;160.0;7.7;0.0
293.0;160.0;3.0;0.0
0.0;160.0;0.0;0.0
0.0;160.0;4.5;0.0
0.0;160.0;0.0;0.0
0.0;160.0;5.8;0.0
0.0;160.0;0.0;0.0
382.8;160.4;1.8;0.0
379.5;160.5;12.1;0.0
0.0;160.5;6.0;0.0
0.0;160.5;2.2;0.0
0.0;160.5;5.0;0.0
0.0;160.5;28.6;0.0
0.0;160.5;5.0;0.0
0.0;160.5;7.7;0.0
0.0;160.5;1.7;0.0
0.0;160.5;6.6;0.0
291.0;160.5;3.5;0.0
495.0;160.5;8.8;0.0
550.0;160.5;4.7;0.0
108.9;160.9;9.9;0.0
588.5;185.7;174.0;44.0
478.5;607.0;423.5;0.0
595.1;1073.4;4767.6;0.0
561.0;1414.4;2681.8;2156.0
339.9;1082.2;5.9;2288.0
