57.5;207.7;343.4;0.0
93.9;226.0;106.6;0.0
145.7;233.6;449.2;0.0
411.0;280.6;179.3;0.0
275.0;156.1;385.0;0.0
0.0;156.1;1.0;0.0
0.0;156.1;1.1;0.0
0.0;156.1;13.0;0.0
0.0;156.1;14.3;0.0
0.0;156.1;7.0;0.0
0.0;156.1;7.7;0.0
0.0;156.1;6.0;0.0
0.0;156.1;7.7;0.0
0.0;156.1;4.0;0.0
0.0;156.1;0.0;0.0
0.0;156.1;7.7;0.0
0.0;156.1;5.0;0.0
440.0;197.1;13.2;0.0
495.0;202.6;2.3;0.0
0.0;202.6;0.0;0.0
0.0;202.6;5.0;0.0
0.0;202.6;1.1;0.0
429.0;160.6;3.4;0.0
500.0;160.6;9.9;0.0
505.0;160.6;3.0;0.0
349.0;160.6;7.7;0.0
0.0;160.6;0.0;0.0
0.0;160.6;5.6;0.0
0.0;160.6;0.0;0.0
0.0;160.6;4.8;0.0
0.0;160.6;4.4;0.0
540.1;161.0;2.5;0.0
165.0;161.1;12.1;0.0
0.0;161.1;6.0;0.0
0.0;161.1;2.2;0.0
0.0;161.1;6.0;0.0
0.0;161.1;27.5;0.0
0.0;161.1;6.0;0.0
0.0;161.1;15.4;0.0
0.0;161.1;6.0;0.0
0.0;161.1;13.2;0.0
306.0;161.1;7.0;0.0
525.0;161.1;16.5;0.0
525.0;161.1;11.0;0.0
218.9;161.9;22.0;0.0
619.3;230.4;159.5;44.0
478.5;740.8;983.6;0.0
592.9;1084.0;4318.6;0.0
550.0;1422.8;2555.7;0.0
492.8;1428.3;6.6;748.0
550.0;1428.3;8.6;2112.0
550.0;1428.3;2.2;704.0
581.9;1092.8;5.5;880.0
541.2;414.1;0.0;0.0
