117.4;91.0;46.4;0.0
98.2;107.2;98.0;0.0
175.1;153.7;152.2;0.0
121.5;283.1;301.9;0.0
199.0;156.1;320.0;0.0
0.0;156.1;0.0;0.0
0.0;156.1;0.1;0.0
0.0;156.1;0.0;0.0
0.0;156.1;2.3;0.0
0.0;156.1;0.0;0.0
55.0;156.1;0.7;0.0
0.0;156.1;0.0;0.0
0.0;156.1;1.5;0.0
0.0;156.1;0.0;0.0
0.0;156.1;3.7;0.0
0.0;156.1;0.0;0.0
88.0;194.9;7.2;0.0
0.0;194.9;0.0;0.0
0.0;194.9;5.0;0.0
0.0;194.9;1.1;0.0
0.0;194.9;0.0;0.0
0.0;194.9;8.2;0.0
0.0;194.9;0.0;0.0
476.0;159.9;2.7;0.0
399.0;159.9;3.0;0.0
0.0;159.9;6.6;0.0
0.0;159.9;1.0;0.0
0.0;159.9;7.7;0.0
0.0;159.9;12.0;0.0
426.8;160.7;8.8;0.0
385.0;160.8;5.1;0.0
0.0;160.8;0.0;0.0
0.0;160.8;3.2;0.0
0.0;160.8;0.0;0.0
0.0;160.8;5.0;0.0
0.0;160.8;28.6;0.0
0.0;160.8;4.0;0.0
0.0;160.8;15.4;0.0
0.0;160.8;3.0;0.0
0.0;160.8;10.0;0.0
0.0;160.8;0.0;0.0
411.0;160.8;10.4;0.0
399.0;160.8;11.0;0.0
163.9;161.6;22.0;0.0
530.2;215.2;167.4;44.0
546.7;1416.4;7910.1;0.0
567.6;1421.9;21.4;1452.0
503.8;1421.9;6.6;2112.0
596.2;391.2;9.5;880.0
