67.0;145.3;320.8;0.0
168.9;207.0;192.1;0.0
235.6;235.6;172.9;0.0
362.6;156.2;247.1;0.0
0.0;156.2;0.0;0.0
0.0;156.2;1.1;0.0
0.0;156.2;1.0;0.0
0.0;156.2;13.2;0.0
0.0;156.2;13.0;0.0
0.0;156.2;7.7;0.0
0.0;156.2;7.0;0.0
0.0;156.2;5.5;0.0
0.0;156.2;5.0;0.0
0.0;156.2;6.6;0.0
0.0;156.2;4.0;0.0
437.8;196.1;13.2;0.0
0.0;196.1;4.0;0.0
0.0;196.1;0.0;0.0
0.0;196.1;4.1;0.0
0.0;196.1;0.0;0.0
0.0;196.1;8.2;0.0
0.0;196.1;0.0;0.0
276.0;160.1;1.7;0.0
524.0;160.1;0.0;0.0
496.0;160.1;5.5;0.0
499.0;160.1;3.0;0.0
0.0;160.1;8.8;0.0
0.0;160.1;1.0;0.0
469.7;160.8;8.8;0.0
327.8;160.9;12.1;0.0
0.0;160.9;0.0;0.0
0.0;160.9;2.2;0.0
0.0;160.9;0.0;0.0
0.0;160.9;27.5;0.0
0.0;160.9;0.0;0.0
0.0;160.9;15.4;0.0
0.0;160.9;0.0;0.0
0.0;160.9;9.9;0.0
0.0;160.9;0.0;0.0
0.0;160.9;15.4;0.0
0.0;160.9;0.0;0.0
273.9;161.7;18.7;0.0
533.5;256.0;159.7;44.0
548.9;1063.4;3030.5;0.0
534.6;1079.9;3158.1;0.0
544.5;1420.9;1714.5;0.0
558.8;1423.1;6.6;2156.0
572.0;1423.1;2.4;1408.0
542.3;416.6;5.5;748.0
