57.0;121.5;61.9;0.0
124.1;212.6;764.2;0.0
205.9;246.1;427.3;0.0
431.8;293.3;135.1;0.0
198.0;156.3;352.0;0.0
55.0;156.3;1.1;0.0
0.0;156.3;1.0;0.0
0.0;156.3;5.5;0.0
0.0;156.3;5.8;0.0
0.0;156.3;0.0;0.0
0.0;156.3;0.7;0.0
0.0;156.3;0.0;0.0
0.0;156.3;1.6;0.0
0.0;156.3;3.3;0.0
0.0;156.3;0.4;0.0
44.0;191.8;9.9;0.0
544.5;194.0;3.3;0.0
0.0;194.0;5.0;0.0
0.0;194.0;0.0;0.0
0.0;194.0;5.0;0.0
0.0;194.0;0.0;0.0
0.0;194.0;5.0;0.0
0.0;194.0;0.0;0.0
430.0;160.0;6.0;0.0
482.0;160.0;0.0;0.0
555.0;160.0;0.0;0.0
400.0;160.0;3.0;0.0
0.0;160.0;0.0;0.0
0.0;160.0;1.0;0.0
0.0;160.0;0.0;0.0
0.0;160.0;13.0;0.0
0.0;160.0;0.0;0.0
0.0;160.0;7.0;0.0
0.0;160.0;0.0;0.0
0.0;160.0;6.0;0.0
0.0;160.0;0.0;0.0
0.0;160.0;5.0;0.0
0.0;160.0;0.0;0.0
0.0;160.0;6.0;0.0
0.0;160.0;0.0;0.0
0.0;160.0;6.0;0.0
0.0;160.0;0.0;0.0
239.0;160.0;8.0;0.0
525.0;160.0;0.0;0.0
350.0;160.0;11.0;0.0
0.0;160.0;0.0;0.0
0.0;160.0;2.0;0.0
0.0;160.0;0.0;0.0
0.0;160.0;24.0;0.0
0.0;160.0;0.0;0.0
0.0;160.0;14.0;0.0
0.0;160.0;0.0;0.0
0.0;160.0;10.0;0.0
0.0;160.0;1.0;0.0
0.0;160.0;7.0;0.0
0.0;160.0;0.0;0.0
0.0;160.0;9.0;0.0
0.0;160.0;0.0;0.0
49.0;160.0;8.0;0.0
0.0;160.0;1.0;0.0
540.0;182.0;8.0;0.0
195.0;182.0;3.0;0.0
0.0;182.0;1.0;0.0
0.0;182.0;4.0;0.0
439.0;267.0;149.0;40.0
486.0;1330.0;11709.0;0.0
467.0;1332.0;4.0;1320.0
486.0;1332.0;6.0;1920.0
535.0;1028.0;4.1;1160.0
0.0;160.0;0.0;0.0
5.0;160.0;1.3;0.0
0.0;160.0;0.0;0.0
0.0;160.0;0.7;0.0
0.0;160.0;0.0;0.0
0.0;160.0;0.5;0.0
0.0;160.0;0.0;0.0
0.0;160.0;0.8;0.0
0.0;160.0;0.0;0.0
26.1;160.7;0.9;0.0
29.9;160.8;1.1;0.0
0.0;160.8;0.0;0.0
0.0;160.8;0.2;0.0
0.0;160.8;0.0;0.0
0.0;160.8;2.5;0.0
0.0;160.8;0.0;0.0
0.0;160.8;1.4;0.0
0.0;160.8;0.0;0.0
0.0;160.8;1.0;0.0
0.0;160.8;0.0;0.0
0.0;160.8;1.3;0.0
0.0;160.8;0.0;0.0
24.9;161.6;1.7;0.0
51.4;174.7;16.4;4.0
49.9;244.3;292.8;0.0
48.5;244.7;316.6;0.0
49.0;275.7;106.3;68.0
50.0;275.7;0.6;192.0
48.6;275.7;0.2;64.0
50.0;184.4;0.5;80.0
