45.0;231.6;296.2;0.0
67.0;190.7;261.8;0.0
318.9;280.1;326.1;0.0
371.5;315.0;70.9;0.0
379.5;156.2;441.1;0.0
0.0;156.2;1.0;0.0
55.0;156.2;1.1;0.0
0.0;156.2;0.0;0.0
0.0;156.2;2.3;0.0
0.0;156.2;0.0;0.0
0.0;156.2;7.0;0.0
0.0;156.2;7.7;0.0
0.0;156.2;7.0;0.0
0.0;156.2;6.6;0.0
0.0;156.2;3.1;0.0
0.0;156.2;8.8;0.0
0.0;156.2;6.1;0.0
482.9;192.9;15.4;0.0
440.0;197.3;3.3;0.0
0.0;197.3;0.0;0.0
0.0;197.3;4.1;0.0
0.0;197.3;0.0;0.0
365.0;160.3;6.0;0.0
497.0;160.3;14.3;0.0
538.0;160.3;0.0;0.0
454.0;160.3;4.7;0.0
0.0;160.3;0.0;0.0
0.0;160.3;6.7;0.0
0.0;160.3;0.0;0.0
0.0;160.3;6.7;0.0
0.0;160.3;0.0;0.0
440.0;160.7;0.7;0.0
328.9;160.8;12.1;0.0
0.0;160.8;7.0;0.0
0.0;160.8;2.2;0.0
0.0;160.8;4.0;0.0
0.0;160.8;26.4;0.0
50.0;160.8;5.0;0.0
0.0;160.8;15.4;0.0
0.0;160.8;6.0;0.0
0.0;160.8;12.1;0.0
0.0;160.8;5.1;0.0
0.0;160.8;7.7;0.0
242.0;160.8;3.7;0.0
546.0;160.8;3.3;0.0
97.8;161.8;4.4;0.0
588.5;391.7;591.8;44.0
548.9;1411.4;7480.0;0.0
537.9;1416.9;16.5;4444.0
578.6;382.9;0.0;0.0
