140.5;90.6;47.0;0.0
93.9;107.1;101.0;0.0
88.8;129.7;103.0;0.0
122.0;142.7;50.9;0.0
71.0;156.5;61.2;0.0
0.0;156.5;0.0;0.0
0.0;156.5;0.1;0.0
0.0;156.5;0.0;0.0
0.0;156.5;14.3;0.0
0.0;156.5;13.0;0.0
0.0;156.5;0.0;0.0
0.0;156.5;0.7;0.0
0.0;156.5;0.0;0.0
0.0;156.5;2.4;0.0
0.0;156.5;0.0;0.0
0.0;156.5;2.5;0.0
0.0;156.5;0.0;0.0
0.0;156.5;1.4;0.0
0.0;156.5;0.0;0.0
0.0;156.5;1.5;0.0
0.0;156.5;2.0;0.0
0.0;156.5;1.5;0.0
0.0;156.5;1.0;0.0
216.7;198.2;2.5;0.0
46.5;160.5;2.0;0.0
318.0;160.5;3.3;0.0
501.0;160.5;0.0;0.0
341.0;160.5;2.1;0.0
0.0;160.5;0.0;0.0
0.0;160.5;13.3;0.0
0.0;160.5;0.0;0.0
0.0;160.5;13.0;0.0
0.0;160.5;7.7;0.0
0.0;160.5;7.0;0.0
0.0;160.5;6.6;0.0
0.0;160.5;6.0;0.0
0.0;160.5;3.3;0.0
0.0;160.5;5.0;0.0
0.0;160.5;4.4;0.0
0.0;160.5;5.0;0.0
0.0;160.5;5.5;0.0
0.0;160.5;5.0;0.0
218.9;161.2;6.6;0.0
166.8;161.3;4.1;0.0
460.0;161.3;0.0;0.0
449.0;161.3;11.0;0.0
0.0;161.3;2.2;0.0
0.0;161.3;2.0;0.0
0.0;161.3;0.0;0.0
0.0;161.3;26.0;0.0
0.0;161.3;0.0;0.0
0.0;161.3;14.0;0.0
0.0;161.3;0.0;0.0
0.0;161.3;10.0;0.0
0.0;161.3;0.0;0.0
0.0;161.3;10.0;0.0
0.0;161.3;27.5;0.0
0.0;161.3;11.0;0.0
0.0;161.3;15.4;0.0
0.0;161.3;9.0;0.0
0.0;161.3;12.1;0.0
238.0;161.3;10.0;0.0
499.0;161.3;9.9;0.0
0.0;161.3;5.0;0.0
0.0;161.3;11.0;0.0
48.0;161.3;6.0;0.0
454.0;270.3;156.1;40.0
500.0;1313.3;11687.0;0.0
320.0;1313.0;9.0;680.0
485.0;1313.0;8.0;2560.0
140.0;937.8;163.3;1204.0
53.2;232.2;275.5;0.0
50.0;245.1;274.1;0.0
50.0;276.4;169.5;0.0
50.0;276.4;0.6;196.0
49.0;276.4;0.4;128.0
51.0;245.9;0.5;68.0
