100.9;128.8;182.0;0.0
92.0;209.2;178.6;0.0
197.9;179.3;257.5;0.0
150.0;179.0;50.0;0.0
55.0;156.5;44.0;0.0
0.0;156.5;1.0;0.0
0.0;156.5;1.1;0.0
0.0;156.5;0.0;0.0
0.0;156.5;2.2;0.0
0.0;156.5;0.0;0.0
0.0;156.5;0.7;0.0
0.0;156.5;0.0;0.0
0.0;156.5;1.5;0.0
0.0;156.5;1.0;0.0
0.0;156.5;0.4;0.0
0.0;156.5;0.0;0.0
0.0;156.5;1.4;0.0
0.0;156.5;0.0;0.0
0.0;156.5;0.5;0.0
0.0;156.5;0.0;0.0
0.0;156.5;1.5;0.0
0.0;156.5;0.0;0.0
139.1;160.0;1.5;0.0
147.0;160.4;0.3;0.0
0.0;160.4;0.0;0.0
0.0;160.4;1.0;0.0
0.0;160.4;1.1;0.0
0.0;160.4;13.0;0.0
0.0;160.4;13.2;0.0
0.0;160.4;7.0;0.0
0.0;160.4;7.7;0.0
0.0;160.4;5.0;0.0
55.0;160.4;6.6;0.0
0.0;160.4;6.0;0.0
0.0;160.4;6.6;0.0
0.0;160.4;6.0;0.0
0.0;160.4;6.6;0.0
0.0;160.4;5.0;0.0
0.0;160.4;7.7;0.0
0.0;160.4;4.0;0.0
124.0;160.8;4.7;0.0
207.9;160.9;12.1;0.0
395.0;160.9;11.0;0.0
0.0;160.9;2.2;0.0
0.0;160.9;2.0;0.0
0.0;160.9;26.4;0.0
0.0;160.9;26.0;0.0
0.0;160.9;7.7;0.0
0.0;160.9;7.7;0.0
0.0;160.9;0.0;0.0
0.0;160.9;3.8;0.0
0.0;160.9;0.0;0.0
0.0;160.9;2.0;0.0
0.0;160.9;0.0;0.0
0.0;160.9;3.7;0.0
0.0;160.9;0.0;0.0
0.0;160.9;4.7;0.0
0.0;160.9;0.0;0.0
438.0;177.9;3.9;0.0
348.0;177.9;2.0;0.0
552.2;162.0;8.8;0.0
493.9;388.1;579.0;44.0
550.0;1069.0;3824.7;0.0
212.7;1060.7;3473.5;40.0
60.9;885.2;1514.0;748.0
54.9;575.2;3370.6;2112.0
53.1;245.8;3565.7;1584.0
60.0;1117.0;3199.0;0.0
