104.9;85.2;76.8;0.0
159.0;208.1;724.2;0.0
231.8;252.9;372.6;7440.0
436.9;258.8;150.2;18960.0
339.0;156.0;338.1;8960.0
0.0;156.0;0.0;0.0
0.0;156.0;1.0;0.0
0.0;156.0;0.0;0.0
0.0;156.0;13.0;0.0
0.0;156.0;0.0;0.0
0.0;156.0;7.0;0.0
0.0;156.0;0.0;0.0
0.0;156.0;5.0;0.0
0.0;156.0;0.0;0.0
0.0;156.0;6.0;0.0
0.0;156.0;0.0;0.0
0.0;156.0;5.0;0.0
0.0;156.0;0.0;0.0
50.0;156.0;6.0;0.0
0.0;156.0;0.0;0.0
0.0;156.0;5.0;0.0
0.0;156.0;0.0;0.0
415.0;209.0;5.0;0.0
326.0;209.0;3.0;0.0
0.0;209.0;0.0;0.0
0.0;209.0;1.0;0.0
0.0;209.0;0.0;0.0
50.0;209.0;12.0;0.0
0.0;209.0;0.0;0.0
0.0;209.0;7.0;0.0
0.0;209.0;0.0;0.0
0.0;209.0;5.0;0.0
0.0;209.0;0.0;0.0
0.0;209.0;6.0;0.0
0.0;209.0;0.0;0.0
0.0;209.0;6.0;0.0
0.0;209.0;0.0;0.0
0.0;209.0;6.0;0.0
0.0;209.0;0.0;0.0
414.0;213.0;5.0;0.0
499.0;213.0;0.0;0.0
425.0;213.0;11.0;0.0
0.0;213.0;0.0;0.0
0.0;213.0;2.0;0.0
0.0;213.0;0.0;0.0
0.0;213.0;26.0;0.0
0.0;213.0;0.0;0.0
0.0;213.0;14.0;0.0
0.0;213.0;0.0;0.0
50.0;213.0;9.0;0.0
0.0;213.0;0.0;0.0
0.0;213.0;7.0;0.0
0.0;213.0;0.0;0.0
0.0;213.0;9.0;0.0
0.0;213.0;0.0;0.0
0.0;213.0;10.0;0.0
0.0;213.0;1.1;0.0
192.0;218.0;12.0;0.0
544.0;223.0;14.3;0.0
0.0;223.0;2.0;0.0
55.0;223.0;7.7;0.0
299.0;235.0;59.0;40.0
450.0;439.0;472.7;0.0
549.0;1058.0;5231.0;0.0
472.0;1058.0;4568.7;0.0
497.0;1369.0;1506.0;0.0
482.0;1342.0;6.3;2600.0
50.0;1335.7;6.0;1920.0
216.9;411.1;0.3;120.0
0.0;160.1;0.0;0.0
0.0;160.1;0.1;0.0
0.0;160.1;0.0;0.0
0.0;160.1;0.4;0.0
0.0;160.1;0.9;0.0
0.0;160.1;0.0;0.0
0.0;160.1;0.7;0.0
0.0;160.1;0.4;0.0
0.0;160.1;0.2;0.0
0.0;160.1;0.6;0.0
0.0;160.1;0.0;0.0
0.0;160.7;0.9;0.0
47.9;160.5;0.0;0.0
19.9;160.6;1.1;0.0
0.0;160.6;0.0;0.0
0.0;160.6;0.2;0.0
0.0;160.6;0.0;0.0
0.0;160.6;2.5;0.0
0.0;160.6;0.0;0.0
0.0;160.6;1.4;0.0
0.0;160.6;0.0;0.0
0.0;160.6;1.1;0.0
0.0;160.6;0.0;0.0
0.0;160.6;1.6;0.0
0.0;160.6;0.0;0.0
24.9;161.3;2.0;0.0
48.4;169.1;15.2;4.0
45.4;244.9;445.6;0.0
34.0;276.1;272.5;68.0
79.1;276.1;0.6;192.0
49.0;245.7;0.7;144.0
