90.5;146.2;69.9;240.0
87.9;116.3;183.9;120.0
76.2;157.6;80.1;0.0
184.9;156.5;64.1;0.0
0.0;156.5;0.0;0.0
0.0;156.5;0.1;0.0
0.0;156.5;0.0;0.0
0.0;156.5;12.0;0.0
0.0;156.5;0.0;0.0
0.0;156.5;7.0;0.0
0.0;156.5;0.0;0.0
0.0;156.5;5.0;0.0
0.0;156.5;14.3;0.0
0.0;156.5;3.0;0.0
0.0;156.5;3.7;0.0
0.0;156.5;3.0;0.0
450.0;191.5;8.0;0.0
524.0;193.5;6.6;0.0
500.0;193.5;0.0;0.0
498.0;200.5;4.7;0.0
0.0;200.5;0.0;0.0
440.0;159.9;11.1;0.0
495.0;160.1;3.3;2376.0
48.0;160.1;13.0;0.0
0.0;160.1;0.0;0.0
0.0;160.1;6.1;0.0
0.0;160.1;0.0;0.0
0.0;160.1;7.3;0.0
0.0;160.1;0.0;0.0
0.0;160.1;0.7;0.0
0.0;160.1;0.0;0.0
0.0;160.1;3.5;0.0
498.0;160.1;0.0;0.0
483.0;160.1;6.6;0.0
499.0;160.1;11.0;0.0
383.9;160.9;9.9;0.0
383.9;161.0;10.1;0.0
0.0;161.0;0.0;0.0
0.0;161.0;25.0;0.0
0.0;161.0;0.0;0.0
0.0;161.0;14.0;0.0
0.0;161.0;0.0;0.0
0.0;161.0;10.0;0.0
0.0;161.0;0.0;0.0
0.0;161.0;14.0;0.0
0.0;161.0;0.0;0.0
249.0;161.0;15.0;0.0
824.0;236.0;128.0;40.0
537.0;1320.0;11703.0;240.0
498.0;1323.0;4.0;1320.0
494.0;1323.0;6.0;1920.0
475.0;1018.0;7.0;1680.0
0.0;161.0;0.0;0.0
0.0;161.0;0.0;0.0
0.0;161.0;0.0;0.0
0.0;161.0;0.0;0.0
0.0;161.0;0.0;0.0
0.0;161.0;0.0;0.0
0.0;161.0;0.0;0.0
0.0;161.0;0.0;0.0
0.0;161.0;0.0;0.0
0.0;161.0;0.0;0.0
0.0;161.0;0.0;0.0
0.0;161.0;0.0;0.0
0.0;161.0;0.0;0.0
0.0;161.0;0.0;0.0
0.0;161.0;0.0;0.0
0.0;161.0;0.0;0.0
0.0;161.0;0.0;0.0
0.0;161.0;0.0;0.0
0.0;161.0;0.0;0.0
0.0;161.0;0.0;0.0
0.0;161.0;0.0;0.0
0.0;161.0;0.0;0.0
0.0;161.0;0.0;0.0
0.0;161.0;0.0;0.0
0.0;161.0;0.0;0.0
0.0;161.0;0.0;0.0
0.0;161.0;0.0;0.0
0.0;161.0;0.0;0.0
0.0;161.0;0.0;0.0
0.0;161.0;0.0;0.0
0.0;161.0;0.0;0.0
0.0;161.0;0.0;0.0
0.0;161.0;0.0;0.0
0.0;161.0;0.0;0.0
0.0;161.0;0.0;0.0
0.0;161.0;0.0;0.0
0.0;161.0;0.0;0.0
0.0;161.0;0.0;0.0
0.0;161.0;0.0;0.0
0.0;161.0;0.0;0.0
0.0;161.0;0.0;0.0
0.0;161.0;0.0;0.0
0.0;161.0;0.0;0.0
0.0;161.0;0.0;0.0
0.0;161.0;0.0;0.0
0.0;161.0;0.0;0.0
0.0;161.0;0.0;0.0
0.0;161.0;0.0;0.0
