122.0;204.1;428.6;0.0
104.4;220.4;112.2;0.0
148.6;224.0;448.4;0.0
348.8;225.6;85.2;0.0
110.0;156.7;168.3;0.0
0.0;156.7;1.0;0.0
0.0;156.7;1.1;0.0
50.0;156.7;13.0;0.0
0.0;156.7;14.3;0.0
0.0;156.7;0.0;0.0
0.0;156.7;0.7;0.0
0.0;156.7;6.0;0.0
0.0;156.7;5.5;0.0
0.0;156.7;4.0;0.0
0.0;156.7;7.9;0.0
0.0;156.7;2.0;0.0
281.6;198.1;7.0;0.0
547.8;202.5;1.3;0.0
52.8;202.5;4.0;0.0
0.0;202.5;2.0;0.0
0.0;202.5;3.1;0.0
0.0;202.5;2.0;0.0
401.0;160.5;9.3;0.0
468.0;160.5;0.0;0.0
542.0;160.5;4.7;0.0
349.0;160.5;0.0;0.0
0.0;160.5;6.6;0.0
0.0;160.5;1.0;0.0
0.0;160.5;7.7;0.0
0.0;160.5;6.7;0.0
548.9;160.9;1.1;0.0
218.9;161.0;5.1;0.0
0.0;161.0;0.0;0.0
0.0;161.0;4.2;0.0
0.0;161.0;0.0;0.0
0.0;161.0;21.6;0.0
0.0;161.0;0.0;0.0
0.0;161.0;10.4;0.0
0.0;161.0;0.0;0.0
0.0;161.0;5.0;0.0
0.0;161.0;0.0;0.0
90.0;161.0;6.3;0.0
511.0;161.0;0.0;0.0
263.9;161.9;8.8;0.0
599.5;232.6;160.6;44.0
530.2;897.0;3028.5;0.0
0.0;1423.9;4879.6;0.0
1346.4;1426.1;21.4;1452.0
539.0;1426.1;6.6;2112.0
