90.9;167.0;377.4;0.0
95.0;254.0;96.7;0.0
178.9;199.1;352.2;0.0
311.0;246.6;184.7;0.0
161.7;156.1;234.3;0.0
50.0;156.1;1.0;0.0
0.0;156.1;1.1;0.0
0.0;156.1;13.0;0.0
0.0;156.1;13.2;0.0
0.0;156.1;7.0;0.0
0.0;156.1;7.7;0.0
0.0;156.1;7.0;0.0
0.0;156.1;6.6;0.0
0.0;156.1;6.0;0.0
0.0;156.1;5.5;0.0
0.0;156.1;6.0;0.0
0.0;156.1;5.5;0.0
0.0;156.1;6.0;0.0
0.0;156.1;5.5;0.0
0.0;156.1;5.0;0.0
0.0;156.1;6.6;0.0
244.0;199.1;6.0;0.0
139.6;160.1;5.5;0.0
50.0;160.6;3.3;0.0
423.0;160.6;3.0;0.0
0.0;160.6;0.0;0.0
0.0;160.6;0.1;0.0
0.0;160.6;0.0;0.0
0.0;160.6;1.3;0.0
0.0;160.6;0.0;0.0
0.0;160.6;0.7;0.0
0.0;160.6;0.0;0.0
0.0;160.6;1.5;0.0
0.0;160.6;0.0;0.0
0.0;160.6;0.6;0.0
0.0;160.6;0.0;0.0
0.0;160.6;2.5;0.0
0.0;160.6;0.0;0.0
0.0;160.6;1.5;0.0
0.0;160.6;0.0;0.0
158.4;161.0;7.7;0.0
82.2;161.0;6.0;0.0
313.9;161.1;1.1;0.0
0.0;161.1;0.0;0.0
0.0;161.1;0.2;0.0
0.0;161.1;0.0;0.0
0.0;161.1;2.6;0.0
0.0;161.1;0.0;0.0
0.0;161.1;1.4;0.0
0.0;161.1;0.0;0.0
0.0;161.1;1.0;0.0
0.0;161.1;0.0;0.0
0.0;161.1;0.8;0.0
0.0;161.1;0.0;0.0
0.0;161.1;1.6;0.0
0.0;161.1;3.0;0.0
0.0;161.1;8.9;0.0
0.0;161.1;6.0;0.0
110.0;161.5;10.0;0.0
483.0;161.8;9.0;0.0
191.4;162.2;2.5;0.0
495.0;391.3;584.1;44.0
500.0;1067.1;3826.3;0.0
50.0;887.1;3331.1;40.0
106.3;890.4;2193.6;748.0
100.6;580.4;3889.6;2112.0
62.8;246.9;3811.7;1452.0
65.0;1110.4;1621.0;0.0
