94.9;239.6;274.6;480.0
61.0;169.5;242.6;1160.0
250.9;208.1;414.8;0.0
195.0;283.3;117.9;0.0
149.0;156.3;312.0;80.0
0.0;156.3;0.0;0.0
0.0;156.3;0.1;0.0
0.0;156.3;0.0;0.0
50.0;156.3;1.3;0.0
0.0;156.3;0.0;0.0
0.0;156.3;0.7;0.0
0.0;156.3;0.0;0.0
0.0;156.3;1.5;0.0
0.0;156.3;0.0;0.0
0.0;156.3;2.4;0.0
0.0;156.3;0.0;0.0
0.0;156.3;0.5;0.0
0.0;156.3;0.0;0.0
0.0;156.3;0.5;0.0
0.0;156.3;0.0;0.0
0.0;156.3;1.6;0.0
0.0;156.3;0.0;0.0
91.0;159.8;1.7;0.0
66.4;159.8;0.0;0.0
319.9;160.2;3.3;0.0
494.0;160.2;3.0;0.0
0.0;160.2;1.1;0.0
0.0;160.2;1.0;0.0
55.0;160.2;13.2;0.0
0.0;160.2;13.0;0.0
0.0;160.2;7.7;0.0
0.0;160.2;7.0;0.0
0.0;160.2;6.6;0.0
0.0;160.2;7.0;0.0
0.0;160.2;3.3;0.0
0.0;160.2;1.3;0.0
0.0;160.2;0.0;0.0
50.0;160.2;2.6;0.0
0.0;160.2;0.0;0.0
0.0;160.2;3.8;0.0
0.0;160.2;0.0;0.0
40.3;160.6;1.7;0.0
236.4;160.7;12.1;0.0
490.0;160.7;11.0;0.0
0.0;160.7;2.2;0.0
0.0;160.7;2.0;0.0
0.0;160.7;13.2;0.0
0.0;160.7;15.2;0.0
0.0;160.7;7.7;0.0
0.0;160.7;7.7;0.0
0.0;160.7;6.6;0.0
0.0;160.7;5.6;0.0
0.0;160.7;4.4;0.0
0.0;160.7;5.4;0.0
0.0;160.7;6.6;0.0
0.0;160.7;3.5;0.0
0.0;160.7;4.4;0.0
0.0;160.7;1.7;0.0
52.8;161.1;6.7;0.0
165.0;161.3;1.7;0.0
490.0;161.3;8.0;0.0
201.0;161.7;3.7;0.0
550.0;355.0;565.4;44.0
351.0;1061.6;3166.5;0.0
50.0;847.6;2853.6;40.0
65.0;572.9;4282.5;748.0
55.0;572.9;3586.6;2112.0
67.0;275.9;2635.2;704.0
69.0;1115.5;15.5;600.0
