51.0;160.7;167.5;0.0
50.0;158.0;167.3;0.0
84.8;134.8;225.8;0.0
82.0;156.3;71.6;0.0
0.0;156.3;31.0;0.0
0.0;156.3;0.0;0.0
0.0;156.3;0.1;0.0
0.0;156.3;0.0;0.0
50.0;156.3;1.3;0.0
0.0;156.3;0.0;0.0
0.0;156.3;7.7;0.0
0.0;156.3;0.0;0.0
0.0;156.3;6.6;0.0
0.0;156.3;0.0;0.0
0.0;156.3;8.8;0.0
0.0;156.3;7.0;0.0
385.0;196.0;13.2;0.0
537.9;201.5;4.0;0.0
55.0;201.5;3.3;0.0
0.0;201.5;5.0;0.0
0.0;201.5;1.1;0.0
0.0;201.5;3.0;0.0
0.0;201.5;14.3;0.0
0.0;201.5;2.0;0.0
0.0;201.5;7.7;0.0
0.0;201.5;5.0;0.0
0.0;201.5;6.6;0.0
0.0;201.5;4.0;0.0
0.0;201.5;9.9;0.0
50.0;160.5;6.0;0.0
289.3;160.8;8.8;0.0
91.8;160.9;12.1;0.0
474.0;160.9;3.0;0.0
0.0;160.9;0.0;0.0
0.0;160.9;1.2;0.0
0.0;160.9;0.0;0.0
0.0;160.9;15.5;0.0
0.0;160.9;0.0;0.0
0.0;160.9;8.4;0.0
0.0;160.9;0.0;0.0
0.0;160.9;5.0;0.0
0.0;160.9;0.0;0.0
0.0;160.9;10.3;0.0
0.0;160.9;0.0;0.0
323.4;161.6;12.8;0.0
493.9;261.5;166.1;44.0
555.5;1418.7;7897.5;0.0
584.1;1422.0;4.4;1452.0
225.1;1419.0;0.6;2112.0
