55.9;99.5;109.2;0.0
98.0;153.8;167.3;0.0
84.8;178.9;167.4;0.0
255.0;171.5;72.0;0.0
0.0;156.0;22.0;0.0
0.0;156.0;1.0;0.0
0.0;156.0;1.1;0.0
0.0;156.0;0.0;0.0
0.0;156.0;1.3;0.0
0.0;156.0;0.0;0.0
0.0;156.0;0.7;0.0
0.0;156.0;0.0;0.0
0.0;156.0;1.7;0.0
0.0;156.0;0.0;0.0
50.0;156.0;2.3;0.0
0.0;156.0;0.0;0.0
0.0;156.0;1.4;0.0
0.0;156.0;0.0;0.0
0.0;156.0;1.6;0.0
0.0;156.0;0.0;0.0
0.0;156.0;1.4;0.0
0.0;156.0;0.0;0.0
240.5;160.0;1.6;0.0
72.1;160.5;3.3;0.0
453.0;160.5;0.0;0.0
520.0;160.5;3.0;0.0
0.0;160.5;1.1;0.0
0.0;160.5;1.0;0.0
0.0;160.5;14.3;0.0
0.0;160.5;13.0;0.0
0.0;160.5;7.7;0.0
0.0;160.5;7.0;0.0
0.0;160.5;6.6;0.0
0.0;160.5;6.0;0.0
0.0;160.5;7.7;0.0
0.0;160.5;6.0;0.0
0.0;160.5;6.6;0.0
0.0;160.5;0.4;0.0
0.0;160.5;1.1;0.0
0.0;160.5;1.5;0.0
489.5;160.8;3.3;0.0
273.9;160.9;7.1;0.0
501.0;160.9;2.0;0.0
509.0;160.9;9.2;0.0
296.0;160.9;0.0;0.0
0.0;160.9;27.5;0.0
0.0;160.9;2.0;0.0
0.0;160.9;15.4;0.0
0.0;160.9;26.0;0.0
0.0;160.9;11.0;0.0
0.0;160.9;14.0;0.0
0.0;160.9;9.9;0.0
50.0;160.9;10.0;0.0
0.0;160.9;11.0;0.0
0.0;160.9;8.0;0.0
0.0;160.9;5.5;0.0
0.0;160.9;4.6;0.0
0.0;160.9;8.8;0.0
275.0;161.6;7.4;0.0
218.9;162.0;7.7;0.0
495.0;400.0;575.0;44.0
550.0;1080.9;3820.3;0.0
54.2;1082.9;3632.9;0.0
342.2;1417.3;22.0;748.0
401.9;1413.3;0.6;2112.0
98.0;865.8;534.7;1544.0
598.4;1110.1;10822.0;0.0
