108.4;132.0;158.9;0.0
122.0;206.9;204.9;0.0
286.7;155.9;187.1;0.0
0.0;155.9;0.0;0.0
0.0;155.9;1.0;0.0
0.0;155.9;1.1;0.0
0.0;155.9;12.0;0.0
0.0;155.9;13.2;0.0
0.0;155.9;7.0;0.0
0.0;155.9;7.7;0.0
0.0;155.9;5.0;0.0
0.0;155.9;6.6;0.0
0.0;155.9;4.0;0.0
0.0;155.9;5.6;0.0
0.0;155.9;2.0;0.0
331.1;194.9;9.2;0.0
550.0;200.4;2.3;0.0
0.0;200.4;4.0;0.0
0.0;200.4;2.0;0.0
0.0;200.4;2.1;0.0
0.0;200.4;0.0;0.0
0.0;200.4;10.3;0.0
0.0;200.4;0.0;0.0
335.0;160.4;1.7;0.0
500.0;160.4;0.0;0.0
506.0;160.4;5.5;0.0
400.0;160.4;3.0;0.0
0.0;160.4;9.9;0.0
0.0;160.4;1.0;0.0
425.7;160.8;7.7;0.0
273.9;160.8;2.1;0.0
0.0;160.8;0.0;0.0
0.0;160.8;7.0;0.0
0.0;160.8;2.2;0.0
0.0;160.8;5.0;0.0
55.0;160.8;27.5;0.0
0.0;160.8;4.0;0.0
0.0;160.8;15.4;0.0
0.0;160.8;4.0;0.0
0.0;160.8;12.1;0.0
0.0;160.8;4.0;0.0
0.0;160.8;13.2;0.0
471.0;160.8;4.0;0.0
203.0;162.0;7.7;0.0
603.9;384.5;572.0;44.0
547.8;1080.8;3686.3;0.0
548.9;1080.8;3280.2;0.0
548.9;1426.2;514.1;748.0
550.0;1426.2;6.6;2112.0
555.0;1426.2;5.2;704.0
495.0;412.0;2.5;748.0
