0.0;156.1;0.0;0.0
44.0;156.1;13.3;0.0
0.0;156.1;0.0;0.0
0.0;156.1;5.7;0.0
0.0;156.1;0.0;0.0
0.0;156.1;0.7;0.0
0.0;156.1;0.0;0.0
0.0;156.1;1.6;0.0
0.0;156.1;0.0;0.0
0.0;156.1;0.5;0.0
0.0;156.1;0.0;0.0
0.0;156.1;1.5;0.0
0.0;156.1;0.0;0.0
50.0;156.1;2.7;0.0
0.0;156.1;4.0;0.0
375.1;192.8;5.6;0.0
495.0;197.2;3.3;0.0
476.0;160.2;6.0;0.0
347.0;160.2;3.0;0.0
0.0;160.2;1.1;0.0
50.0;160.2;1.0;0.0
0.0;160.2;13.2;0.0
0.0;160.2;13.0;0.0
0.0;160.2;7.7;0.0
0.0;160.2;7.0;0.0
0.0;160.2;4.4;0.0
0.0;160.2;6.0;0.0
0.0;160.2;4.4;0.0
0.0;160.2;4.0;0.0
0.0;160.2;3.3;0.0
0.0;160.2;4.0;0.0
0.0;160.2;3.3;0.0
0.0;160.2;5.0;0.0
462.0;160.6;15.4;0.0
0.0;160.6;0.4;0.0
0.0;160.6;1.0;0.0
147.0;160.6;1.2;0.0
478.0;160.6;0.0;0.0
544.0;160.6;17.6;0.0
199.0;160.6;0.0;0.0
0.0;160.6;15.4;0.0
0.0;160.6;1.0;0.0
0.0;160.6;11.0;0.0
49.0;160.6;14.0;0.0
0.0;160.6;11.0;0.0
0.0;160.6;7.0;0.0
0.0;160.6;9.9;0.0
0.0;160.6;6.0;0.0
0.0;160.6;12.1;0.0
0.0;160.6;3.3;0.0
265.1;161.3;11.0;0.0
0.0;161.3;1.5;0.0
440.0;249.4;156.2;44.0
548.9;984.2;3011.3;0.0
572.0;1081.0;3153.7;0.0
550.0;1424.2;1708.5;0.0
550.0;1424.2;6.6;2156.0
308.4;1415.2;11.4;1408.0
535.7;1080.8;5.5;880.0
