92.0;125.1;47.0;0.0
45.0;106.4;227.8;0.0
123.6;169.3;85.3;0.0
93.6;178.2;104.2;0.0
178.9;156.1;127.8;0.0
0.0;156.1;0.0;0.0
0.0;156.1;0.1;0.0
0.0;156.1;0.0;0.0
50.0;156.1;13.0;0.0
0.0;156.1;14.3;0.0
0.0;156.1;0.0;0.0
0.0;156.1;0.7;0.0
0.0;156.1;0.0;0.0
0.0;156.1;0.6;0.0
0.0;156.1;0.0;0.0
0.0;156.1;2.7;0.0
0.0;156.1;0.0;0.0
412.5;197.1;9.3;0.0
495.0;201.5;3.3;0.0
0.0;201.5;5.0;0.0
0.0;201.5;0.0;0.0
0.0;201.5;4.1;0.0
0.0;201.5;0.0;0.0
224.0;160.5;8.3;0.0
480.0;160.5;0.0;0.0
491.0;160.5;7.7;0.0
490.0;160.5;2.5;0.0
199.0;160.5;1.1;0.0
0.0;160.5;1.0;0.0
0.0;160.5;8.8;0.0
0.0;160.5;1.1;0.0
520.3;161.0;4.8;0.0
218.9;161.1;5.1;0.0
0.0;161.1;0.0;0.0
0.0;161.1;0.2;0.0
0.0;161.1;4.0;0.0
50.0;161.1;24.6;0.0
0.0;161.1;1.0;0.0
0.0;161.1;10.4;0.0
0.0;161.1;0.0;0.0
55.0;161.1;5.1;0.0
0.0;161.1;0.0;0.0
0.0;161.1;8.4;0.0
511.0;161.1;0.0;0.0
411.0;161.5;14.3;0.0
156.0;237.1;151.8;44.0
563.2;1425.1;7903.5;0.0
548.9;1427.3;2.4;1452.0
550.0;1427.3;6.6;2112.0
548.9;1092.9;21.5;880.0
550.0;414.2;0.0;0.0
