102.0;183.6;267.0;0.0
105.0;169.7;279.8;0.0
312.5;253.9;397.5;0.0
319.8;304.9;113.0;0.0
328.9;156.1;437.8;0.0
0.0;156.1;0.0;0.0
0.0;156.1;0.1;0.0
0.0;156.1;0.0;0.0
0.0;156.1;2.3;0.0
0.0;156.1;0.0;0.0
0.0;156.1;0.7;0.0
0.0;156.1;0.0;0.0
0.0;156.1;6.0;0.0
0.0;156.1;6.6;0.0
0.0;156.1;5.0;0.0
0.0;156.1;11.0;0.0
0.0;156.1;4.0;0.0
415.8;197.1;14.3;0.0
495.0;201.5;1.3;0.0
0.0;201.5;0.0;0.0
0.0;201.5;2.0;0.0
0.0;201.5;1.1;0.0
0.0;201.5;4.0;0.0
0.0;201.5;14.3;0.0
372.0;160.5;5.0;0.0
525.0;160.5;7.7;0.0
479.0;160.5;3.0;0.0
249.0;160.5;6.6;0.0
0.0;160.5;0.0;0.0
0.0;160.5;7.8;0.0
0.0;160.5;0.0;0.0
495.0;161.0;3.1;0.0
328.9;161.1;12.1;0.0
0.0;161.1;7.0;0.0
0.0;161.1;2.2;0.0
0.0;161.1;5.0;0.0
0.0;161.1;18.7;0.0
0.0;161.1;3.8;0.0
0.0;161.1;15.4;0.0
50.0;161.1;6.0;0.0
0.0;161.1;4.4;0.0
0.0;161.1;2.7;0.0
0.0;161.1;1.0;0.0
0.0;161.1;10.3;0.0
505.0;161.1;2.0;0.0
155.0;162.1;17.6;0.0
145.0;398.2;567.6;44.0
591.8;1079.1;4480.3;0.0
550.0;1423.4;2997.7;0.0
547.8;1423.4;4.4;1452.0
550.0;1423.4;20.6;2112.0
550.0;1089.0;5.5;880.0
541.2;380.6;14.0;0.0
