56.2;245.6;688.4;0.0
282.0;330.0;176.6;0.0
266.0;294.4;486.6;0.0
547.6;231.8;228.0;0.0
55.0;155.9;174.9;0.0
0.0;155.9;1.0;0.0
0.0;155.9;1.1;0.0
0.0;155.9;12.0;0.0
0.0;155.9;0.0;0.0
0.0;155.9;5.1;0.0
0.0;155.9;0.0;0.0
0.0;155.9;2.7;0.0
0.0;155.9;0.0;0.0
0.0;155.9;7.0;0.0
52.8;155.9;4.4;0.0
0.0;155.9;4.0;0.0
0.0;155.9;8.8;0.0
0.0;155.9;4.0;0.0
70.4;196.9;16.5;0.0
0.0;196.9;5.0;0.0
0.0;196.9;0.0;0.0
184.0;159.9;3.1;0.0
498.0;159.9;0.0;0.0
392.0;159.9;10.2;0.0
0.0;159.9;0.0;0.0
0.0;159.9;6.7;0.0
0.0;159.9;0.0;0.0
0.0;159.9;7.5;0.0
0.0;159.9;0.0;0.0
0.0;159.9;0.7;0.0
0.0;159.9;0.0;0.0
414.7;160.5;2.8;0.0
273.9;160.6;12.1;0.0
0.0;160.6;3.0;0.0
0.0;160.6;2.2;0.0
0.0;160.6;4.0;0.0
52.8;160.6;27.5;0.0
0.0;160.6;5.0;0.0
0.0;160.6;15.4;0.0
466.0;160.6;5.0;0.0
498.0;160.6;1.1;0.0
0.0;160.6;0.0;0.0
0.0;160.6;13.4;0.0
0.0;160.6;0.0;0.0
163.9;161.5;10.6;0.0
581.9;307.7;154.0;44.0
550.0;1071.1;3070.4;0.0
550.0;1076.6;3269.2;0.0
550.0;1419.8;1526.7;0.0
534.6;1419.8;6.6;2156.0
563.2;1419.8;5.4;1408.0
566.5;1086.5;5.5;880.0
