152.8;202.6;372.8;0.0
54.4;132.7;635.9;0.0
179.0;138.6;78.1;0.0
151.0;155.9;40.1;0.0
0.0;155.9;0.0;0.0
0.0;155.9;1.1;0.0
0.0;155.9;0.0;0.0
0.0;155.9;0.0;0.0
0.0;155.9;12.1;0.0
0.0;155.9;0.0;0.0
0.0;155.9;7.7;0.0
0.0;155.9;2.2;0.0
0.0;155.9;4.4;0.0
0.0;155.9;7.7;0.0
0.0;155.9;1.1;0.0
0.0;155.9;1.1;0.0
436.7;195.9;7.7;0.0
385.0;200.3;3.3;0.0
0.0;200.3;0.0;0.0
0.0;200.3;1.1;0.0
0.0;200.3;0.0;0.0
0.0;200.3;14.3;0.0
0.0;200.3;0.0;0.0
0.0;200.3;7.7;0.0
0.0;200.3;0.0;0.0
0.0;200.3;5.5;0.0
0.0;200.3;0.0;0.0
0.0;200.3;8.8;0.0
0.0;200.3;0.0;0.0
103.4;205.8;8.8;0.0
596.2;205.8;0.0;0.0
53.9;206.9;12.1;0.0
0.0;206.9;0.0;0.0
0.0;206.9;2.2;0.0
0.0;206.9;0.0;0.0
0.0;206.9;28.6;0.0
0.0;206.9;0.0;0.0
0.0;206.9;15.4;0.0
0.0;206.9;0.0;0.0
0.0;206.9;11.0;0.0
0.0;206.9;0.0;0.0
0.0;206.9;18.7;0.0
0.0;206.9;1.0;0.0
581.9;219.0;19.8;0.0
547.8;1473.0;8037.9;44.0
543.4;1476.3;6.6;2156.0
566.5;1143.0;2.9;2156.0
