59.5;244.0;889.4;0.0
300.9;321.8;408.3;0.0
411.8;313.2;132.5;0.0
385.0;156.0;441.1;0.0
0.0;156.0;1.0;0.0
0.0;156.0;1.1;0.0
0.0;156.0;0.0;0.0
0.0;156.0;8.5;0.0
55.0;156.0;2.8;0.0
0.0;156.0;1.0;0.0
0.0;156.0;1.7;0.0
0.0;156.0;5.5;0.0
0.0;156.0;3.1;0.0
0.0;156.0;5.5;0.0
0.0;156.0;1.1;0.0
0.0;156.0;6.6;0.0
0.0;156.0;7.0;0.0
0.0;156.0;4.4;0.0
0.0;156.0;4.0;0.0
0.0;156.0;4.4;0.0
0.0;156.0;4.0;0.0
125.4;189.6;6.6;0.0
534.6;189.6;5.0;0.0
218.9;192.9;3.3;0.0
195.0;159.9;2.0;0.0
491.0;159.9;1.1;0.0
480.0;159.9;0.0;0.0
522.0;159.9;11.3;0.0
0.0;159.9;0.0;0.0
0.0;159.9;6.7;0.0
0.0;159.9;0.0;0.0
0.0;159.9;7.6;0.0
0.0;159.9;0.0;0.0
0.0;159.9;1.6;0.0
0.0;159.9;0.0;0.0
0.0;159.9;0.5;0.0
0.0;159.9;0.0;0.0
0.0;159.9;0.5;0.0
0.0;159.9;0.0;0.0
393.8;160.6;2.7;0.0
0.0;160.6;11.0;0.0
0.0;160.6;5.0;0.0
0.0;160.6;2.2;0.0
0.0;160.6;0.0;0.0
0.0;160.6;27.5;0.0
0.0;160.6;5.0;0.0
532.0;160.6;15.4;0.0
486.0;160.6;0.0;0.0
500.0;160.6;2.0;0.0
0.0;160.6;3.3;0.0
0.0;160.6;4.6;0.0
0.0;160.6;6.6;0.0
0.0;160.6;0.5;0.0
0.0;160.6;14.6;0.0
0.0;160.6;4.4;0.0
0.0;160.6;9.5;0.0
273.9;161.2;7.7;0.0
101.2;161.6;6.6;0.0
548.9;357.6;525.8;44.0
547.8;1068.2;3376.9;0.0
550.0;1068.2;3447.4;0.0
544.5;1413.6;719.1;748.0
550.0;1413.6;6.6;2112.0
540.1;1413.6;7.2;704.0
529.1;400.5;3.3;748.0
