44.9;101.4;119.4;0.0
98.5;116.4;113.5;0.0
84.9;138.2;64.3;0.0
96.0;155.9;40.1;0.0
0.0;155.9;0.0;0.0
0.0;155.9;0.0;0.0
0.0;155.9;1.0;0.0
0.0;155.9;0.0;0.0
0.0;155.9;13.0;0.0
0.0;155.9;0.0;0.0
0.0;155.9;7.0;0.0
0.0;155.9;0.0;0.0
0.0;155.9;7.0;0.0
0.0;155.9;0.0;0.0
0.0;155.9;5.0;0.0
0.0;155.9;0.0;0.0
0.0;155.9;4.0;0.0
0.0;155.9;0.0;0.0
0.0;155.9;5.0;0.0
0.0;155.9;0.0;0.0
0.0;155.9;4.0;0.0
0.0;155.9;0.0;0.0
295.0;197.9;6.0;0.0
505.0;199.9;0.0;0.0
530.0;205.9;3.0;0.0
298.0;205.9;0.0;0.0
0.0;205.9;0.0;0.0
0.0;205.9;1.0;0.0
0.0;205.9;0.0;0.0
49.0;205.9;13.0;0.0
0.0;205.9;0.0;0.0
0.0;205.9;7.0;0.0
0.0;205.9;0.0;0.0
0.0;205.9;4.0;0.0
0.0;205.9;0.0;0.0
0.0;205.9;3.0;0.0
0.0;205.9;0.0;0.0
0.0;205.9;4.0;0.0
0.0;205.9;0.0;0.0
0.0;205.9;3.0;0.0
0.0;205.9;0.0;0.0
0.0;205.9;3.0;0.0
0.0;205.9;0.0;0.0
148.0;208.9;4.0;0.0
502.0;208.9;0.0;0.0
500.0;208.9;11.0;0.0
99.0;208.9;0.0;0.0
0.0;208.9;2.0;0.0
0.0;208.9;0.0;0.0
0.0;208.9;25.0;0.0
0.0;208.9;0.0;0.0
0.0;208.9;14.0;0.0
0.0;208.9;0.0;0.0
55.0;208.9;11.0;0.0
0.0;208.9;0.0;0.0
0.0;208.9;8.1;0.0
0.0;208.9;0.0;0.0
0.0;208.9;9.0;0.0
0.0;208.9;13.2;0.0
50.0;208.9;10.0;0.0
0.0;208.9;0.0;0.0
0.0;208.9;6.0;0.0
0.0;208.9;5.0;0.0
141.0;211.9;7.0;0.0
780.0;279.9;157.0;40.0
550.0;1295.9;11667.0;0.0
428.0;1365.9;13.7;680.0
520.0;1365.9;12.0;3840.0
530.0;417.9;3.6;120.0
0.0;155.9;0.0;0.0
0.0;155.9;0.6;0.0
0.0;155.9;0.0;0.0
0.0;155.9;0.3;0.0
0.0;155.9;0.0;0.0
0.0;155.9;0.4;0.0
0.0;155.9;0.0;0.0
0.0;155.9;0.5;0.0
0.0;155.9;0.0;0.0
0.0;155.9;0.4;0.0
45.0;159.4;0.1;0.0
40.0;159.7;0.3;0.0
0.0;159.7;0.0;0.0
0.0;159.7;0.0;0.0
0.0;159.7;0.1;0.0
0.0;159.7;0.0;0.0
5.0;159.7;1.3;0.0
0.0;159.7;0.0;0.0
0.0;159.7;0.7;0.0
0.0;159.7;0.0;0.0
0.0;159.7;0.5;0.0
0.0;159.7;0.0;0.0
0.0;159.7;0.4;0.0
0.0;159.7;0.1;0.0
0.0;159.7;0.0;0.0
0.0;159.7;0.6;0.0
0.0;159.7;0.0;0.0
0.0;159.7;0.7;0.0
0.0;159.7;0.0;0.0
14.9;160.3;0.9;0.0
48.4;160.3;0.0;0.0
