87.9;269.3;1017.5;0.0
368.0;390.9;396.2;0.0
634.9;358.9;253.5;0.0
548.9;207.7;387.2;0.0
55.0;156.0;106.8;0.0
0.0;156.0;0.0;0.0
0.0;156.0;1.1;0.0
0.0;156.0;12.0;0.0
0.0;156.0;14.3;0.0
0.0;156.0;7.0;0.0
0.0;156.0;2.7;0.0
0.0;156.0;0.0;0.0
55.0;156.0;2.4;0.0
0.0;156.0;0.0;0.0
0.0;156.0;3.7;0.0
0.0;156.0;0.0;0.0
273.9;191.6;9.2;0.0
554.4;191.6;0.0;0.0
55.0;194.9;3.3;0.0
0.0;194.9;0.0;0.0
389.0;159.9;4.1;0.0
499.0;159.9;0.0;0.0
512.0;159.9;13.2;0.0
349.0;159.9;3.0;0.0
0.0;159.9;7.7;0.0
0.0;159.9;1.0;0.0
0.0;159.9;5.5;0.0
50.0;159.9;13.0;0.0
0.0;159.9;7.7;0.0
0.0;159.9;7.0;0.0
396.0;160.5;18.7;0.0
0.0;160.5;4.2;0.0
0.0;160.5;0.0;0.0
0.0;160.5;2.2;0.0
0.0;160.5;0.0;0.0
52.8;160.5;28.6;0.0
0.0;160.5;3.0;0.0
0.0;160.5;11.4;0.0
0.0;160.5;0.0;0.0
0.0;160.5;8.2;0.0
0.0;160.5;0.0;0.0
0.0;160.5;12.4;0.0
490.0;160.5;0.0;0.0
117.0;161.6;17.6;0.0
115.9;360.4;254.1;44.0
587.4;1071.0;3601.4;0.0
550.0;1076.5;3351.9;0.0
550.0;1419.7;874.5;748.0
526.9;1419.7;18.6;2112.0
550.0;1419.7;2.2;704.0
587.4;405.5;11.3;704.0
