189.9;301.7;319.2;4520.0
106.9;204.4;228.8;80.0
502.9;356.7;207.8;8320.0
393.0;332.1;191.1;5720.0
399.0;156.1;401.0;0.0
0.0;156.1;0.0;0.0
0.0;156.1;0.1;0.0
0.0;156.1;0.0;0.0
0.0;156.1;9.3;0.0
48.0;156.1;8.0;0.0
0.0;156.1;7.7;0.0
0.0;156.1;7.0;0.0
0.0;156.1;6.6;0.0
0.0;156.1;4.0;0.0
0.0;156.1;6.6;0.0
0.0;156.1;4.0;0.0
0.0;156.1;13.2;0.0
437.8;194.7;5.1;0.0
495.0;198.0;3.3;0.0
0.0;198.0;6.0;0.0
0.0;198.0;0.0;0.0
0.0;198.0;3.1;0.0
0.0;198.0;0.0;0.0
144.0;160.0;9.3;0.0
503.0;160.0;0.0;0.0
549.0;160.0;7.7;0.0
500.0;160.0;3.0;0.0
0.0;160.0;5.5;0.0
0.0;160.0;1.0;0.0
55.0;160.0;8.8;0.0
0.0;160.0;13.0;0.0
220.0;160.6;9.9;0.0
493.9;160.7;5.1;0.0
0.0;160.7;0.0;0.0
0.0;160.7;5.0;0.0
0.0;160.7;2.2;0.0
0.0;160.7;5.0;0.0
55.0;160.7;28.6;0.0
0.0;160.7;0.0;0.0
0.0;160.7;11.4;0.0
0.0;160.7;0.0;0.0
0.0;160.7;4.9;0.0
0.0;160.7;0.0;0.0
197.0;160.7;5.1;0.0
513.0;160.7;5.5;0.0
66.1;161.8;12.1;44.0
435.6;396.7;574.2;0.0
579.7;1418.6;7504.4;0.0
506.0;1420.8;4.4;1452.0
570.9;1420.8;19.6;2112.0
581.9;375.8;3.3;704.0
