140.0;238.1;249.7;0.0
81.0;166.3;701.1;0.0
312.5;347.9;378.6;0.0
443.9;156.2;476.0;0.0
0.0;156.2;0.0;0.0
0.0;156.2;1.0;0.0
0.0;156.2;1.1;0.0
0.0;156.2;13.0;0.0
0.0;156.2;0.0;0.0
0.0;156.2;7.0;0.0
0.0;156.2;0.0;0.0
0.0;156.2;6.0;0.0
0.0;156.2;0.0;0.0
0.0;156.2;6.0;0.0
0.0;156.2;6.0;0.0
0.0;156.2;0.0;0.0
0.0;156.2;7.0;0.0
0.0;156.2;0.0;0.0
0.0;156.2;5.0;0.0
0.0;156.2;0.0;0.0
0.0;183.2;6.0;0.0
499.0;198.2;0.0;0.0
473.0;200.2;0.0;0.0
528.0;207.2;3.0;0.0
249.0;207.2;0.0;0.0
0.0;207.2;0.0;0.0
50.0;207.2;13.3;0.0
0.0;207.2;0.0;0.0
0.0;207.2;6.7;0.0
0.0;207.2;0.0;0.0
0.0;207.2;2.5;0.0
0.0;207.2;0.0;0.0
0.0;207.2;2.4;0.0
0.0;207.2;0.0;0.0
0.0;207.2;1.5;0.0
0.0;207.2;0.0;0.0
0.0;207.2;1.5;0.0
0.0;207.2;0.0;0.0
0.0;207.2;1.6;0.0
0.0;207.2;0.0;0.0
53.9;189.2;0.6;0.0
500.5;160.0;0.0;0.0
179.5;160.4;1.3;0.0
450.0;160.4;0.0;0.0
624.0;160.4;10.1;0.0
0.0;160.4;0.0;0.0
0.0;160.4;11.2;0.0
0.0;160.4;0.0;0.0
0.0;160.4;1.7;0.0
50.0;160.4;21.0;0.0
0.0;160.4;4.4;0.0
0.0;160.4;14.0;0.0
0.0;160.4;4.4;0.0
0.0;160.4;10.0;0.0
0.0;160.4;4.4;0.0
0.0;160.4;7.0;0.0
0.0;160.4;3.4;0.0
0.0;160.4;7.0;0.0
0.0;160.4;4.4;0.0
550.0;160.9;9.2;0.0
275.0;161.0;12.1;0.0
0.0;161.0;9.0;0.0
0.0;161.0;4.2;0.0
698.0;202.0;74.0;40.0
562.0;1319.0;11740.5;0.0
495.0;1321.0;2.0;680.0
512.0;1321.0;5.4;3200.0
484.0;401.0;3.0;640.0
0.0;161.0;1.1;0.0
0.0;161.0;0.0;0.0
0.0;161.0;0.9;0.0
0.0;161.0;0.0;0.0
0.0;161.0;1.0;0.0
0.0;161.0;0.0;0.0
0.0;161.0;0.9;0.0
0.0;161.0;0.0;0.0
24.7;161.4;1.2;0.0
0.0;161.6;0.0;0.0
14.0;162.0;0.8;0.0
44.0;181.7;53.9;4.0
52.6;244.8;460.9;0.0
47.6;276.1;218.5;0.0
49.9;276.1;0.8;260.0
49.6;260.3;0.7;144.0
51.4;182.2;0.0;0.0
