94.0;189.5;302.4;0.0
50.0;184.9;216.2;0.0
219.7;237.7;401.7;0.0
265.9;294.1;141.8;0.0
328.9;156.1;422.4;0.0
0.0;156.1;1.0;0.0
0.0;156.1;1.1;0.0
0.0;156.1;0.0;0.0
0.0;156.1;1.3;0.0
0.0;156.1;0.0;0.0
0.0;156.1;0.7;0.0
0.0;156.1;0.0;0.0
0.0;156.1;0.6;0.0
0.0;156.1;0.0;0.0
0.0;156.1;2.7;0.0
0.0;156.1;0.0;0.0
162.8;196.0;8.1;0.0
545.6;196.0;0.0;0.0
220.0;201.5;2.3;0.0
0.0;201.5;0.0;0.0
0.0;201.5;4.1;0.0
0.0;201.5;0.0;0.0
284.0;160.5;6.3;0.0
510.0;160.5;0.0;0.0
439.0;160.5;4.7;0.0
0.0;160.5;0.0;0.0
0.0;160.5;5.6;0.0
0.0;160.5;0.0;0.0
0.0;160.5;5.7;0.0
0.0;160.5;7.0;0.0
321.2;160.9;11.0;0.0
440.0;161.0;6.1;0.0
0.0;161.0;0.0;0.0
0.0;161.0;5.0;0.0
0.0;161.0;2.2;0.0
0.0;161.0;7.0;0.0
55.0;161.0;27.5;0.0
0.0;161.0;6.0;0.0
0.0;161.0;15.4;0.0
0.0;161.0;6.0;0.0
0.0;161.0;8.9;0.0
174.0;161.0;3.0;0.0
501.0;161.0;15.4;0.0
545.0;161.0;11.0;0.0
304.7;162.1;22.0;0.0
488.4;400.1;592.0;44.0
586.3;1081.0;4218.5;0.0
484.0;1423.1;3229.9;0.0
572.0;1425.3;6.6;2156.0
595.1;1425.3;10.4;1408.0
