159.9;183.8;54.8;0.0
85.1;209.9;592.6;0.0
171.0;214.8;300.2;0.0
324.9;239.4;127.3;0.0
99.0;156.4;167.0;0.0
0.0;156.4;0.0;0.0
0.0;156.4;1.0;0.0
0.0;156.4;0.0;0.0
0.0;156.4;13.0;0.0
0.0;156.4;0.0;0.0
0.0;156.4;7.0;0.0
0.0;156.4;0.0;0.0
0.0;156.4;5.0;0.0
0.0;156.4;0.0;0.0
0.0;156.4;9.0;0.0
0.0;156.4;0.0;0.0
351.0;195.4;11.0;0.0
498.0;197.4;0.0;0.0
490.0;197.4;0.0;0.0
499.0;204.4;3.0;0.0
0.0;204.4;0.0;0.0
0.0;204.4;1.0;0.0
0.0;204.4;0.0;0.0
0.0;204.4;12.0;0.0
0.0;204.4;0.0;0.0
0.0;204.4;7.0;0.0
0.0;204.4;0.0;0.0
0.0;204.4;6.0;0.0
0.0;204.4;1.1;0.0
0.0;204.4;8.0;0.0
0.0;204.4;0.0;0.0
0.0;204.4;5.3;0.0
449.0;207.4;2.0;0.0
522.0;207.4;7.7;0.0
485.0;207.4;11.0;0.0
0.0;207.4;5.5;0.0
0.0;207.4;2.0;0.0
0.0;207.4;8.8;0.0
0.0;207.4;13.0;0.0
385.0;160.1;12.1;0.0
500.5;160.5;3.3;0.0
0.0;160.5;7.0;0.0
0.0;160.5;0.0;0.0
55.0;160.5;17.1;0.0
0.0;160.5;0.0;0.0
0.0;160.5;4.3;0.0
0.0;160.5;0.0;0.0
199.0;179.5;5.7;0.0
0.0;179.5;0.0;0.0
0.0;179.5;6.6;0.0
0.0;179.5;0.0;0.0
0.0;179.5;7.7;0.0
0.0;179.5;0.0;0.0
410.3;160.9;8.8;0.0
328.9;161.0;12.1;0.0
0.0;161.0;0.0;0.0
0.0;161.0;2.2;0.0
0.0;161.0;0.0;0.0
0.0;161.0;27.5;0.0
0.0;161.0;0.0;0.0
0.0;161.0;15.4;0.0
0.0;161.0;0.0;0.0
0.0;161.0;6.6;0.0
0.0;161.0;4.4;0.0
0.0;161.0;7.7;0.0
0.0;161.0;6.6;0.0
0.0;161.2;5.9;0.0
638.0;162.0;8.8;0.0
526.9;390.1;591.9;44.0
583.0;1409.8;7499.8;0.0
452.1;1413.1;2.4;1452.0
598.4;1238.2;12.1;2860.0
